  5090 -15041    74   130
  5100 -15149    76   145
  5110 -15247    72   136
  5120 -15321    82   154
  5130 -15392    92   145
  5140 -15425    81   158
  5150 -15535    77   162
  5160 -15593    89   145
  5170 -15657    85   150
  5180 -15699    91   149
  5190 -15757    94   146
  5200 -15812    89   138
  5210 -15873    79   138
  5220 -15908    83   138
  5230 -15926    98   145
  5240 -16001    72   133
  5250 -16028   100   122
  5260 -16040    87   155
  5270 -16033    95   146
  5280 -16053    87   132
  5290 -16026   105   131
  5300 -16008   104   152
  5310 -16043   108   160
  5320 -16030    86   138
  5330 -16028    93   147
  5340 -16013    99   142
  5350 -16038    94   142
  5360 -16046    74   158
  5370 -16022    92   136
  5380 -16011    93   141
  5390 -16013    85   124
  5400 -16009   104   143
  5410 -16013    73   132
  5420 -16012   105   158
  5430 -16050   109   153
  5440 -16009    99   155
  5450 -15994   109   138
  5460 -15993    87   152
  5470 -15997    87   163
  5480 -15991    97   131
  5490 -15984    86   134
  5500 -15994    91   144
  5510 -15980    92   142
  5520 -15973   104   149
  5530 -15963   105   165
  5540 -15968    92   145
  5550 -15969    78   175
  5560 -15979    92   145
  5570 -15952   100   141
  5580 -15958    96   142
  5590 -15968   107   133
  5600 -15945    95   148
  5610 -15936   110   156
  5620 -15920    97   145
  5630 -15908    80   145
  5640 -15902    89   151
  5650 -15916    85   137
  5660 -15887    99   136
  5670 -15893    96   153
  5680 -15896    90   132
  5690 -15892    96   152
  5700 -15877    91   129
  5710 -15863    83   168
  5720 -15857    74   150
  5730 -15836    84   154
  5740 -15843    93   127
  5750 -15840    81   145
  5760 -15821    90   156
  5770 -15812   105   144
  5780 -15808    80   133
  5790 -15790    92   136
  5800 -15776    91   129
  5810 -15746    91   156
  5820 -15770    78   154
  5830 -15760    94   137
  5840 -15744    89   155
  5850 -15750    82   159
  5860 -15726    97   142
  5870 -15703    90   130
  5880 -15709    93   156
  5890 -15690    94   132
  5900 -15684    99   147
  5910 -15699    86   136
  5920 -15700    90   128
  5930 -15680   103   143
  5940 -15666    88   154
  5950 -15654    90   134
  5960 -15645    93   154
  5970 -15635   102   135
  5980 -15626    96   165
  5990 -15621    87   144
  6000 -15621   103   156
  6010 -15575    87   149
  6020 -15599    82   139
  6030 -15584    96   142
  6040 -15586    64   151
  6050 -15597    82   150
  6060 -15574    71   159
  6070 -15577    81   133
  6080 -15560    77   141
  6090 -15544    78   133
  6100 -15533    98   125
  6110 -15543    72   145
  6120 -15547    87   139
  6130 -15524    80   132
  6140 -15544    90   160
  6150 -15532    92   166
  6160 -15539    75   144
  6170 -15503    88   144
  6180 -15512   104   142
  6190 -15510   101   122
  6200 -15499    86   135
  6210 -15542    92   153
  6220 -15514    95   133
  6230 -15504   113   152
  6240 -15510    92   140
  6250 -15503    86   123
  6260 -15485    85   146
  6270 -15514    84   133
  6280 -15510   101   132
  6290 -15496    98   133
  6300 -15514    83   124
  6310 -15498    82   137
  6320 -15491    95   135
  6330 -15522    85   150
  6340 -15500    78   144
  6350 -15510    72   146
  6360 -15518    72   141
  6370 -15507    76   143
  6380 -15512    94   139
  6390 -15489    93   117
  6400 -15490    79   138
  6410 -15527    72   149
  6420 -15512    85   130
  6430 -15491    72   155
  6440 -15478    77   152
  6450 -15495    71   149
  6460 -15480    95   171
  6470 -15515    80   136
  6480 -15496    88   142
  6490 -15485    88   138
  6500 -15466    90   128
  6510 -15500    80   136
  6520 -15477    92   159
  6530 -15503    90   171
  6540 -15492    81   131
  6550 -15494    75   152
  6560 -15494   109   132
  6570 -15519    84   147
  6580 -15504   103   153
  6590 -15494    89   126
  6600 -15501    76   161
  6610 -15474    76   142
  6620 -15468    73   124
  6630 -15491    73   150
  6640 -15478    76   126
  6650 -15462   106   155
  6660 -15474    80   147
  6670 -15497    86   172
  6680 -15465    96   143
  6690 -15457    82   146
  6700 -15461    95   148
  6710 -15469    70   151
  6720 -15460    92   154
  6730 -15440    74   145
  6740 -15460   106   132
  6750 -15438    73   157
  6760 -15469    88   146
  6770 -15447    88   144
  6780 -15410    84   142
  6790 -15429    83   130
  6800 -15404    68   143
  6810 -15427    83   136
  6820 -15393    81   133
  6830 -15417    80   149
  6840 -15420    97   110
  6850 -15391    85   169
  6860 -15405    74   142
  6870 -15405    99   138
  6880 -15376    92   146
  6890 -15387    93   151
  6900 -15389    74   140
  6910 -15360   100   146
  6920 -15350    80   162
  6930 -15335    77   147
  6940 -15348   101   124
  6950 -15345    98   144
  6960 -15332    97   141
  6970 -15320   100   140
  6980 -15325    87   137
  6990 -15323    72   145
  7000 -15306    98   143
  7010 -15287    82   157
  7020 -15278    79   116
  7030 -15273    94   132
  7040 -15280    89   158
  7050 -15299    95   131
  7060 -15266    68   150
  7070 -15266    81   140
  7080 -15278    69   143
  7090 -15278    77   155
  7100 -15284    87   130
  7110 -15261    83   157
  7120 -15262    68   142
  7130 -15252    92   151
  7140 -15285    96   156
  7150 -15238    96   127
  7160 -15241    94   129
  7170 -15216    79   117
  7180 -15237    73   145
  7190 -15231    78   142
  7200 -15256    83   147
  7210 -15259    86   155
  7220 -15260    78   146
  7230 -15252    92   126
  7240 -15287    93   140
  7250 -15275    75   153
  7260 -15307    62   146
  7270 -15323    97   134
  7280 -15298    89   146
  7290 -15313    80   149
  7300 -15334    86   144
  7310 -15297    70   113
  7320 -15316    96   127
  7330 -15288    99   136
  7340 -15268    82   132
  7350 -15308    69   102
  7360 -15324    92   155
  7370 -15307   100   143
  7380 -15298    65   134
  7390 -15298    81   132
  7400 -15310    92   124
  7410 -15327    84   140
  7420 -15346    98   136
  7430 -15335    75   132
  7440 -15356    99   145
  7450 -15359    82   142
  7460 -15341    87   141
  7470 -15311   102   137
  7480 -15335    76   146
  7490 -15338    94   131
  7500 -15329    74   134
  7510 -15313    89   133
  7520 -15322    74   134
  7530 -15331    82   155
  7540 -15344    92   149
  7550 -15353    68   137
  7560 -15337    92   133
  7570 -15356    76   135
  7580 -15376    90   151
  7590 -15355    84   145
  7600 -15347    78   140
  7610 -15366    70   152
  7620 -15386    76   130
  7630 -15370    75   141
  7640 -15382    79   127
  7650 -15333    74   156
  7660 -15363    76   141
  7670 -15345    87   152
  7680 -15341    74   141
  7690 -15366    77   141
  7700 -15368    91   142
  7710 -15367    83   120
  7720 -15361    76   143
  7730 -15384    87   130
  7740 -15354   100   140
  7750 -15371    70   133
  7760 -15393    83   161
  7770 -15373    90   145
  7780 -15359    80   154
  7790 -15355    77   169
  7800 -15364    79   158
  7810 -15355    78   125
  7820 -15360    82   128
  7830 -15383    83   163
  7840 -15369    64   134
  7850 -15371    86   152
  7860 -15370    89   147
  7870 -15361    96   159
  7880 -15400    83   163
  7890 -15366    58   123
  7900 -15378    93   130
  7910 -15358    71   148
  7920 -15378    91   153
  7930 -15373    62   123
  7940 -15369    89   149
  7950 -15360    88   146
  7960 -15375    83   133
  7970 -15361    72   151
  7980 -15360    81   146
  7990 -15363    85   139
  8000 -15368    78   147
  8010 -15367   105   130
  8020 -15371    87   139
  8030 -15345    85   144
  8040 -15359   102   119
  8050 -15340    76   122
  8060 -15334    88   144
  8070 -15342    91   154
  8080 -15346    82   115
  8090 -15342    70   146
  8100 -15347    73   153
  8110 -15348    88   147
  8120 -15337    82   156
  8130 -15327    77   145
  8140 -15308    77   133
  8150 -15333    85   131
  8160 -15310    87   149
  8170 -15312    68   159
  8180 -15290    78   120
  8190 -15275    72   136
  8200 -15285    83   140
  8210 -15285    93   132
  8220 -15301    88   145
  8230 -15313    98   151
  8240 -15313    78   129
  8250 -15293    90   134
  8260 -15275    89   142
  8270 -15277    77   135
  8280 -15281    94   157
  8290 -15293    81   139
  8300 -15264    65   155
  8310 -15276    71   134
  8320 -15247    86   135
  8330 -15263    86   151
  8340 -15233    93   138
  8350 -15231    89   136
  8360 -15215    85   146
  8370 -15214    92   131
  8380 -15222    91   133
  8390 -15217   100   134
  8400 -15230    79   159
  8410 -15249    72   139
  8420 -15250    82   147
  8430 -15253    81   133
  8440 -15259    67   129
  8450 -15279    83   135
  8460 -15276    92   135
  8470 -15240    99   132
  8480 -15258    99   155
  8490 -15263    96   144
  8500 -15272    69   128
  8510 -15253    88   149
  8520 -15285    86   121
  8530 -15254    71   135
  8540 -15251    94   133
  8550 -15266    93   138
  8560 -15270    74   137
  8570 -15330    86   138
  8580 -15311    77   144
  8590 -15329    75   122
  8600 -15344    87   118
  8610 -15359    83   129
  8620 -15345    92   157
  8630 -15345    91   121
  8640 -15330    70   132
  8650 -15317    86   157
  8660 -15340    83   117
  8670 -15312    65   135
  8680 -15293    74   131
  8690 -15324    71   126
  8700 -15300    86   124
  8710 -15325    76   147
  8720 -15319    88   128
  8730 -15299    77   128
  8740 -15303    83   134
  8750 -15316    85   135
  8760 -15327    74   139
  8770 -15329    96   136
  8780 -15309    75   143
  8790 -15330    93   151
  8800 -15299   101   140
  8810 -15300    91   128
  8820 -15318    72   130
  8830 -15306   102   114
  8840 -15289    85   122
  8850 -15297    91   131
  8860 -15312    70   145
  8870 -15292    87   140
  8880 -15285    91   157
  8890 -15328    80   160
  8900 -15329    76   156
  8910 -15308    99   152
  8920 -15333    72   147
  8930 -15333    87   120
  8940 -15314   100   150
  8950 -15339   105   143
  8960 -15361    93   135
  8970 -15344    89   126
  8980 -15340    75   129
  8990 -15330    76   133
  9000 -15350    89   129
  9010 -15340    64   138
  9020 -15327    79   131
  9030 -15334    67   137
  9040 -15336    76   144
  9050 -15338    91   154
  9060 -15341    88   137
  9070 -15332    80   136
  9080 -15337    74   121
  9090 -15363    75   128
  9100 -15361    80   133
  9110 -15347    71   126
  9120 -15356    75   143
  9130 -15353    93   159
  9140 -15377    88   147
  9150 -15362    77   135
  9160 -15357    98   124
  9170 -15329    84   150
  9180 -15351    64   114
  9190 -15378    89   148
  9200 -15334    88   135
  9210 -15353    82   153
  9220 -15363    81   158
  9230 -15357    92   131
  9240 -15359    77   123
  9250 -15363    82   111
  9260 -15362    75   139
  9270 -15358    76   147
  9280 -15384    97   142
  9290 -15356    75   112
  9300 -15370    74   159
  9310 -15357    98   140
  9320 -15368    68   143
  9330 -15354    77   128
  9340 -15359    89   127
  9350 -15369    70   143
  9360 -15359    85   142
  9370 -15331    83   142
  9380 -15316    81   137
  9390 -15315    72   144
  9400 -15339    81   144
  9410 -15327    84   147
  9420 -15331    63   120
  9430 -15352    76   150
  9440 -15342    89   126
  9450 -15335    96   147
  9460 -15284   102   129
  9470 -15298    78   129
  9480 -15307    77   132
  9490 -15303    90   147
  9500 -15289    85   136
  9510 -15311    90   143
  9520 -15251    75   161
  9530 -15265    85   143
  9540 -15286    82   148
  9550 -15265    89   129
  9560 -15268   103   143
  9570 -15260    71   128
  9580 -15284    90   138
  9590 -15293    80   134
  9600 -15294    71   145
  9610 -15290    96   124
  9620 -15270    93   142
  9630 -15287    80   119
  9640 -15275   115   140
  9650 -15253    77   123
  9660 -15241    90   134
  9670 -15252    79   149
  9680 -15214    86   161
  9690 -15228    74   145
  9700 -15239    73   148
  9710 -15221    68   150
  9720 -15237    61   155
  9730 -15216    83   131
  9740 -15212    78   121
  9750 -15239    98   160
  9760 -15240    82   131
  9770 -15240    90   128
  9780 -15272    86   142
  9790 -15258    85   139
  9800 -15269    75   154
  9810 -15288    66   147
  9820 -15271    69   137
  9830 -15261    92   146
  9840 -15279    83   146
  9850 -15289    98   146
  9860 -15288    80   144
  9870 -15257    74   138
  9880 -15284    79   139
  9890 -15302    65   119
  9900 -15276    94   150
  9910 -15288    80   161
  9920 -15311    96   139
  9930 -15323    77   143
  9940 -15337    82   120
  9950 -15344    80   149
  9960 -15336    82   148
  9970 -15357    71   120
  9980 -15358    80   158
  9990 -15349    82   130
 10000 -15320    70   156
 10010 -15328   102   136
 10020 -15317    88   161
 10030 -15308    99   133
 10040 -15308    98   126
 10050 -15307    82   130
 10060 -15327    87   141
 10070 -15302    75   122
 10080 -15287    78   112
 10090 -15330   102   138
 10100 -15306    88   114
 10110 -15311    87   142
 10120 -15306    71   124
 10130 -15314    88   128
 10140 -15351    66   167
 10150 -15313    86   154
 10160 -15307    72   113
 10170 -15322    87   143
 10180 -15311    77   132
 10190 -15301    91   122
 10200 -15281    92   125
 10210 -15303    78   140
 10220 -15276    77   139
 10230 -15301    76   157
 10240 -15283    89   136
 10250 -15316    79   133
 10260 -15332    92   118
 10270 -15334    87   141
 10280 -15336    71   149
 10290 -15342    89   151
 10300 -15314    84   136
 10310 -15335    86   129
 10320 -15313    84   135
 10330 -15330    87   133
 10340 -15342    91   142
 10350 -15340    81   129
 10360 -15328    79   145
 10370 -15329    80   122
 10380 -15328    94   126
 10390 -15331    65   148
 10400 -15348    73   127
 10410 -15345    76   128
 10420 -15354    83   132
 10430 -15353    89   125
 10440 -15358    81   140
 10450 -15364    72   127
 10460 -15377    84   116
 10470 -15367    97   160
 10480 -15356    92   149
 10490 -15368    76   150
 10500 -15368    92   128
 10510 -15346    86   131
 10520 -15347    86   171
 10530 -15357    92   154
 10540 -15343    78   144
 10550 -15331    79   137
 10560 -15331    81   137
 10570 -15340    88   164
 10580 -15327    93   152
 10590 -15378    54   134
 10600 -15380    90   113
 10610 -15349    73   127
 10620 -15352    76   120
 10630 -15381    81   158
 10640 -15356    85   139
 10650 -15348    73   126
 10660 -15374    81   142
 10670 -15350    77   142
 10680 -15343    96   137
 10690 -15328    81   141
 10700 -15333    89   135
 10710 -15323    86   148
 10720 -15328    81   123
 10730 -15315    86   126
 10740 -15329    92   150
 10750 -15307    99   144
 10760 -15330    89   155
 10770 -15313    73   147
 10780 -15333    71   127
 10790 -15309    90   124
 10800 -15316    79   127
 10810 -15313    66   121
 10820 -15303    76   134
 10830 -15313    88   142
 10840 -15284    71   129
 10850 -15287    99   128
 10860 -15278    82   110
 10870 -15296    88   138
 10880 -15264    82   153
 10890 -15260    87   130
 10900 -15266    91   115
 10910 -15260    98   108
 10920 -15281    73   148
 10930 -15255    77   138
 10940 -15274    76   138
 10950 -15326    80   173
 10960 -15277    92   151
 10970 -15289    81   128
 10980 -15273    95   114
 10990 -15261   104   123
 11000 -15266    76   122
 11010 -15256    90   139
 11020 -15237    88   124
 11030 -15251    97   134
 11040 -15227    83   142
 11050 -15220    90   152
 11060 -15215    78   153
 11070 -15224    92   135
 11080 -15228    90   132
 11090 -15223    92   128
 11100 -15239    82   135
 11110 -15262    81   157
 11120 -15264    75   142
 11130 -15272    85   123
 11140 -15271    84   120
 11150 -15273    60   158
 11160 -15266    72   122
 11170 -15259    80   152
 11180 -15272    60   157
 11190 -15258    85   147
 11200 -15269    89   133
 11210 -15288    65   139
 11220 -15304    82   143
 11230 -15295    84   146
 11240 -15269    90   157
 11250 -15293    81   141
 11260 -15288    76   140
 11270 -15325    83   157
 11280 -15322    93   154
 11290 -15354    71   165
 11300 -15346    64   135
 11310 -15348    94   156
 11320 -15360    90   145
 11330 -15344    83   140
 11340 -15336    90   149
 11350 -15327    90   138
 11360 -15320    90   140
 11370 -15298    91   150
 11380 -15315    87   126
 11390 -15281   109   126
 11400 -15295    92   141
 11410 -15290    86   151
 11420 -15290    86   138
 11430 -15280    81   126
 11440 -15320    90   144
 11450 -15299    98   153
 11460 -15317    74   124
 11470 -15310    76   136
 11480 -15276    96   131
 11490 -15325    94   132
 11500 -15322    86   140
 11510 -15279    81   144
 11520 -15294    84   147
 11530 -15302    82   144
 11540 -15300    86   126
 11550 -15281    92   143
 11560 -15279    88   136
 11570 -15272    78   137
 11580 -15274    85   143
 11590 -15270    74   113
 11600 -15282    91   146
 11610 -15315    86   133
 11620 -15310    85   128
 11630 -15315    68   124
 11640 -15290    86   128
 11650 -15314    86   130
 11660 -15322    66   138
 11670 -15306    78   141
 11680 -15319    69   135
 11690 -15319    85   114
 11700 -15315    96   135
 11710 -15323    73   141
 11720 -15314    91   122
 11730 -15315    88   151
 11740 -15310    83   129
 11750 -15321    83   138
 11760 -15315    72   135
 11770 -15322    83   141
 11780 -15372    96   146
 11790 -15346    87   153
 11800 -15332    78   122
 11810 -15340    79   149
 11820 -15328    66   147
 11830 -15337    85   142
 11840 -15334    88   134
 11850 -15343    90   138
 11860 -15329    84   130
 11870 -15319    73   139
 11880 -15305    89   142
 11890 -15331    73   144
 11900 -15318    79   148
 11910 -15337    64   130
 11920 -15318    83   162
 11930 -15316    82   150
 11940 -15361    87   128
 11950 -15343    76   150
 11960 -15339    71   136
 11970 -15321    67   136
 11980 -15341    96   150
 11990 -15339    72   124
 12000 -15336    89   113
 12010 -15347    86   149
 12020 -15335    72   139
 12030 -15325    84   138
 12040 -15320    85   137
 12050 -15312    86   127
 12060 -15300    80   151
 12070 -15316    90   132
 12080 -15310    90   137
 12090 -15303    80   130
 12100 -15312    96   139
 12110 -15290    91   126
 12120 -15322    76   131
 12130 -15312    88   127
 12140 -15298    86   115
 12150 -15294    85   143
 12160 -15271    91   147
 12170 -15278    97   133
 12180 -15267    81   138
 12190 -15256    86   131
 12200 -15266    93   130
 12210 -15252    79   142
 12220 -15259    94   143
 12230 -15221    71   139
 12240 -15233    93   125
 12250 -15233    76   152
 12260 -15216    59   148
 12270 -15245    88   147
 12280 -15242    80   140
 12290 -15251    79   150
 12300 -15231    83   138
 12310 -15239    83   133
 12320 -15258    72   141
 12330 -15232    79   142
 12340 -15204    88   152
 12350 -15219    73   131
 12360 -15205    79   139
 12370 -15213    80   131
 12380 -15183    90   146
 12390 -15178    62   118
 12400 -15187    98   146
 12410 -15196    96   130
 12420 -15169    95   148
 12430 -15162    71   115
 12440 -15169    83   131
 12450 -15188    84   114
 12460 -15192    83   132
 12470 -15195    69   149
 12480 -15198    82   127
 12490 -15196    82   137
 12500 -15191    81   137
 12510 -15213    74   151
 12520 -15192    82   149
 12530 -15190    81   120
 12540 -15185    88   154
 12550 -15217    74   131
 12560 -15174    73   147
 12570 -15168    81   121
 12580 -15163    76   153
 12590 -15185    95   158
 12600 -15186    90   139
 12610 -15191    77   116
 12620 -15195    99   153
 12630 -15224    99   124
 12640 -15230    72   148
 12650 -15236    81   129
 12660 -15224    75   149
 12670 -15203    83   116
 12680 -15220    97   136
 12690 -15211    82   138
 12700 -15213    91   137
 12710 -15209    89   135
 12720 -15227    80   168
 12730 -15204    87   144
 12740 -15204    68   164
 12750 -15174    82   147
 12760 -15185    85   119
 12770 -15199    93   136
 12780 -15198    88   130
 12790 -15183    56   124
 12800 -15223    84   135
 12810 -15223    96   139
 12820 -15222    92   129
 12830 -15205    87   150
 12840 -15188   113   141
 12850 -15238    83   138
 12860 -15225    94   129
 12870 -15160    70   147
 12880 -15191    62   133
 12890 -15180    81   115
 12900 -15159    84   132
 12910 -15192    70   129
 12920 -15175    62   156
 12930 -15172    96   137
 12940 -15175    96   133
 12950 -15184    62   123
 12960 -15147    86   138
 12970 -15183    81   130
 12980 -15194    83   125
 12990 -15154    84   132
 13000 -15178    76   144
 13010 -15180   101   140
 13020 -15166    97   147
 13030 -15164    93   126
 13040 -15163    77   133
 13050 -15157    79   151
 13060 -15170    90   154
 13070 -15186    83   150
 13080 -15182    89   142
 13090 -15155    86   151
 13100 -15158    77   126
 13110 -15153    75   145
 13120 -15160    93   145
 13130 -15179    80   163
 13140 -15178    77   138
 13150 -15146    90   125
 13160 -15162    75   126
 13170 -15184    60   151
 13180 -15162    91   148
 13190 -15157    84   150
 13200 -15161    99   136
 13210 -15168    86   147
 13220 -15191    77   137
 13230 -15163    85   144
 13240 -15163    75   152
 13250 -15164    89   136
 13260 -15131    76   160
 13270 -15150    84   138
 13280 -15141    62   148
 13290 -15129    83   142
 13300 -15145    87   131
 13310 -15149    68   128
 13320 -15153    79   145
 13330 -15151    86   125
 13340 -15134    70   120
 13350 -15128    64   150
 13360 -15155    98   139
 13370 -15123    83   140
 13380 -15146    79   146
 13390 -15134    78   153
 13400 -15118    86   141
 13410 -15111    82   150
 13420 -15119    79   114
 13430 -15110    95   120
 13440 -15106    83   154
 13450 -15100    66   158
 13460 -15131    80   140
 13470 -15124    87   124
 13480 -15085    69   145
 13490 -15096    82   128
 13500 -15102    88   127
 13510 -15073    81   127
 13520 -15093    77   135
 13530 -15102   102   135
 13540 -15067   100   151
 13550 -15069    65   149
 13560 -15070    73   145
 13570 -15070    75   161
 13580 -15057    77   119
 13590 -15041    88   128
 13600 -15019    87   128
 13610 -15057    97   140
 13620 -15044    78   165
 13630 -15037    93   139
 13640 -15046    82   124
 13650 -15056    73   132
 13660 -15055    93   138
 13670 -15038    86   136
 13680 -15026    79   127
 13690 -15042    88   139
 13700 -15038    80   115
 13710 -15030    64   148
 13720 -15002    99   142
 13730 -15017    85   165
 13740 -15058    98   162
 13750 -15049    73   146
 13760 -15032    79   148
 13770 -15042    76   152
 13780 -15032    88   132
 13790 -15032    73   146
 13800 -15004    94   133
 13810 -15016    91   147
 13820 -15009    86   147
 13830 -15031    77   141
 13840 -15022    76   157
 13850 -15038    78   155
 13860 -15045    87   126
 13870 -15058    79   148
 13880 -15031    81   146
 13890 -15016    80   140
 13900 -15025    71   124
 13910 -15044    79   147
 13920 -15033    84   143
 13930 -15036    84   152
 13940 -15049    71   151
 13950 -15048    65   147
 13960 -15044    74   124
 13970 -15060    76   142
 13980 -15044    74   162
 13990 -15050    84   139
 14000 -15057    90   160
 14010 -15071    79   158
 14020 -15077   104   148
 14030 -15090    74   144
 14040 -15120    87   147
 14050 -15095    80   135
 14060 -15095    71   142
 14070 -15106    81   142
 14080 -15089    83   143
 14090 -15122    80   141
 14100 -15122    79   127
 14110 -15127    80   118
 14120 -15118   101   136
 14130 -15161    71   127
 14140 -15134    82   135
 14150 -15141    88   149
 14160 -15139    89   135
 14170 -15186    89   120
 14180 -15189    72   106
 14190 -15195    84   134
 14200 -15197    84   143
 14210 -15217    80   121
 14220 -15231    88   120
 14230 -15227    77   147
 14240 -15240    98   155
 14250 -15256    87   131
 14260 -15251    76   126
 14270 -15266    89   143
 14280 -15252    78   150
 14290 -15309    71   135
 14300 -15283    99   131
 14310 -15280    72   154
 14320 -15308    84   154
 14330 -15336    88   142
 14340 -15348    84   159
 14350 -15339   103   136
 14360 -15339    88   151
 14370 -15339    87   144
 14380 -15345    98   139
 14390 -15372    95   154
 14400 -15388    99   146
 14410 -15364   106   131
 14420 -15378    81   142
 14430 -15413    68   153
 14440 -15406    84   120
 14450 -15410    76   164
 14460 -15428    82   156
 14470 -15426    71   151
 14480 -15443    88   172
 14490 -15434    79   138
 14500 -15440    97   141
 14510 -15449    90   149
 14520 -15458    76   142
 14530 -15464    95   138
 14540 -15490    88   159
 14550 -15461    87   141
 14560 -15484    88   120
 14570 -15474    83   143
 14580 -15475    88   176
 14590 -15509    87   139
 14600 -15509    84   141
 14610 -15500    71   129
 14620 -15509    78   148
 14630 -15518    74   132
 14640 -15514    86   148
 14650 -15520    74   156
 14660 -15518    88   129
 14670 -15539    87   161
 14680 -15521    95   143
 14690 -15523    89   144
 14700 -15521    82   153
 14710 -15527    81   139
 14720 -15540    83   147
 14730 -15534    88   161
 14740 -15526    87   131
 14750 -15531    81   154
 14760 -15497    88   127
 14770 -15513    67   151
 14780 -15498    76   147
 14790 -15523    79   140
 14800 -15501    63   140
 14810 -15502    99   154
 14820 -15515   101   140
 14830 -15524    84   146
 14840 -15499    98   154
 14850 -15481    92   154
 14860 -15497    77   141
 14870 -15516    76   142
 14880 -15495   100   143
 14890 -15486    94   149
 14900 -15473    75   146
 14910 -15479    83   124
 14920 -15464    91   138
 14930 -15465    79   136
 14940 -15448    88   145
 14950 -15459   111   128
 14960 -15434    86   127
 14970 -15438    84   159
 14980 -15442    80   137
 14990 -15446    71   158
 15000 -15427    80   120
 15010 -15422    76   128
 15020 -15435    92   143
 15030 -15421   106   152
 15040 -15417    79   144
 15050 -15374    85   140
 15060 -15370    96   156
 15070 -15401    90   143
 15080 -15367    89   130
 15090 -15322    90   137
 15100 -15363    89   125
 15110 -15356    71   134
 15120 -15343    81   139
 15130 -15322    71   159
 15140 -15336    80   165
 15150 -15322    83   138
 15160 -15308    85   128
 15170 -15313    70   149
 15180 -15289    91   150
 15190 -15286    78   152
 15200 -15297    68   151
 15210 -15283    79   148
 15220 -15263    79   154
 15230 -15277    78   127
 15240 -15270    85   145
 15250 -15251    79   146
 15260 -15244    79   147
 15270 -15243    65   148
 15280 -15225    67   158
 15290 -15228    78   136
 15300 -15223    90   141
 15310 -15241    97   125
 15320 -15216    95   148
 15330 -15209    79   150
 15340 -15213    87   145
 15350 -15220    77   128
 15360 -15223    92   149
 15370 -15190    92   142
 15380 -15199    74   142
 15390 -15207    76   138
 15400 -15206    90   158
 15410 -15209    86   141
 15420 -15190    92   162
 15430 -15207    86   144
 15440 -15196    79   143
 15450 -15179    90   140
 15460 -15228    94   128
 15470 -15208    85   151
 15480 -15203    89   143
 15490 -15219    86   153
 15500 -15201    77   150
 15510 -15215    77   115
 15520 -15214    89   131
 15530 -15222    74   135
 15540 -15240    54   113
 15550 -15217    94   125
 15560 -15236    83   123
 15570 -15216    90   142
 15580 -15207    91   152
 15590 -15210    83   157
 15600 -15228    85   154
 15610 -15216    76   125
 15620 -15250    78   117
 15630 -15239    75   150
 15640 -15245    90   139
 15650 -15254    72   127
 15660 -15241    69   133
 15670 -15282    70   130
 15680 -15281    89   164
 15690 -15279    71   150
 15700 -15296    89   150
 15710 -15324    67   153
 15720 -15309    90   141
 15730 -15309    81   128
 15740 -15310    79   159
 15750 -15334    84   119
 15760 -15351    99   101
 15770 -15332    84   150
 15780 -15337    76   149
 15790 -15323    62   132
 15800 -15369    83   140
 15810 -15352    84   143
 15820 -15351    88   166
 15830 -15382    84   149
 15840 -15370    76   148
 15850 -15392    80   142
 15860 -15396    84   141
 15870 -15431    67   142
 15880 -15424    99   154
 15890 -15409    85   141
 15900 -15420    61   154
 15910 -15409    78   164
 15920 -15437    92   144
 15930 -15440    69   146
 15940 -15440    72   122
 15950 -15427    80   166
 15960 -15434    74   141
 15970 -15434    93   142
 15980 -15440   110   149
 15990 -15451    83   157
 16000 -15445    86   122
 16010 -15457    81   155
 16020 -15478    82   141
 16030 -15444    79   149
 16040 -15449    94   149
 16050 -15464    88   158
 16060 -15489    93   165
 16070 -15439    93   168
 16080 -15464    78   140
 16090 -15457    80   134
 16100 -15465    90   127
 16110 -15467   102   137
 16120 -15477    81   147
 16130 -15470    69   152
 16140 -15460    96   164
 16150 -15469    91   139
 16160 -15464    74   145
 16170 -15447    76   137
 16180 -15452    63   147
 16190 -15442    89   153
 16200 -15432    96   157
 16210 -15457    83   144
 16220 -15449    96   136
 16230 -15439    99   133
 16240 -15438    86   158
 16250 -15416    87   128
 16260 -15391    95   136
 16270 -15406    80   133
 16280 -15401    90   145
 16290 -15407    90   145
 16300 -15419    76   156
 16310 -15415    91   143
 16320 -15396    85   150
 16330 -15392    86   147
 16340 -15371    90   127
 16350 -15390    83   159
 16360 -15380    74   146
 16370 -15378    55   124
 16380 -15351    78   146
 16390 -15362    76   145
 16400 -15352    81   145
 16410 -15337    89   135
 16420 -15344    81   118
 16430 -15344    92   146
 16440 -15318    60   150
 16450 -15343    83   130
 16460 -15321    84   140
 16470 -15317    95   138
 16480 -15316    79   126
 16490 -15281    92   126
 16500 -15296    75   157
 16510 -15290    90   123
 16520 -15284    87   142
 16530 -15276    94   132
 16540 -15266    74   143
 16550 -15265    71   116
 16560 -15268    73   147
 16570 -15257    69   127
 16580 -15252    75   120
 16590 -15214    83   135
 16600 -15228    80   135
 16610 -15236    93   134
 16620 -15237    93   152
 16630 -15232    89   136
 16640 -15212    86   124
 16650 -15175    70   142
 16660 -15203    85   148
 16670 -15209    77   118
 16680 -15207    91   125
 16690 -15186    71   129
 16700 -15216    77   131
 16710 -15200    79   148
 16720 -15192    85   134
 16730 -15221    79   142
 16740 -15208    79   142
 16750 -15197    83   141
 16760 -15195    77   161
 16770 -15191    79   151
 16780 -15191    83   153
 16790 -15174    83   131
 16800 -15197    87   160
 16810 -15206    75   144
 16820 -15198    88   158
 16830 -15196    89   137
 16840 -15193    79   132
 16850 -15211    89   126
 16860 -15207   102   130
 16870 -15209   104   151
 16880 -15242    80   148
 16890 -15210    89   134
 16900 -15218   103   120
 16910 -15214    82   122
 16920 -15205    64   120
 16930 -15218    83   123
 16940 -15246    95   106
 16950 -15244    89   134
 16960 -15250    80   159
 16970 -15239    85   138
 16980 -15240    93   150
 16990 -15269    92   147
 17000 -15280    97   141
 17010 -15286    93   147
 17020 -15271    77   140
 17030 -15285    83   123
 17040 -15305    83   146
 17050 -15315    89   133
 17060 -15308    93   135
 17070 -15347    84   137
 17080 -15349    85   145
 17090 -15335    89   137
 17100 -15320    82   154
 17110 -15341    75   135
 17120 -15336    70   127
 17130 -15356    82   130
 17140 -15343    69   146
 17150 -15383    94   126
 17160 -15377    75   157
 17170 -15377    85   145
 17180 -15375    85   127
 17190 -15387    90   122
 17200 -15415    95   122
 17210 -15416    90   145
 17220 -15385    94   142
 17230 -15422   102   121
 17240 -15410    94   111
 17250 -15428    77   155
 17260 -15438    69   152
 17270 -15428    72   158
 17280 -15447    84   132
 17290 -15424    89   136
 17300 -15454    69   156
 17310 -15447    88   130
 17320 -15448    84   135
 17330 -15451    79   126
 17340 -15474    76   155
 17350 -15458    88   133
 17360 -15474    91   162
 17370 -15486    86   137
 17380 -15484   103   164
 17390 -15461    81   143
 17400 -15457    73   123
 17410 -15490    83   145
 17420 -15465    88   153
 17430 -15480    85   144
 17440 -15491    98   131
 17450 -15486   101   174
 17460 -15473    79   153
 17470 -15467    93   144
 17480 -15470    78   151
 17490 -15475    91   151
 17500 -15467    84   148
 17510 -15463    76   147
 17520 -15471    83   163
 17530 -15472    91   157
 17540 -15446    89   151
 17550 -15439    77   150
 17560 -15466    86   131
 17570 -15451    94   151
 17580 -15430    76   145
 17590 -15430    91   144
 17600 -15433    80   141
 17610 -15418    92   147
 17620 -15409    79   157
 17630 -15424    87   146
 17640 -15391    79   157
 17650 -15399    71   143
 17660 -15411    82   149
 17670 -15387   106   131
 17680 -15389    87   146
 17690 -15389    77   160
 17700 -15388    61   160
 17710 -15361    88   163
 17720 -15332    88   130
 17730 -15357    94   152
 17740 -15352    84   145
 17750 -15370    70   160
 17760 -15359    84   127
 17770 -15312    90   132
 17780 -15325    90   149
 17790 -15303   101   139
 17800 -15312    85   135
 17810 -15301    88   134
 17820 -15298    91   133
 17830 -15283    77   144
 17840 -15285    65   147
 17850 -15279   103   144
 17860 -15267    88   165
 17870 -15267    87   149
 17880 -15264    77   153
 17890 -15252    78   139
 17900 -15240    75   139
 17910 -15249    71   146
 17920 -15246    73   152
 17930 -15230    75   144
 17940 -15225    68   153
 17950 -15248    93   139
 17960 -15199   100   148
 17970 -15204    75   163
 17980 -15206    75   146
 17990 -15196    73   137
 18000 -15185    83   149
 18010 -15223    66   160
 18020 -15189    96   124
 18030 -15200    85   124
 18040 -15207    75   148
 18050 -15173    90   128
 18060 -15210    70   158
 18070 -15190   109   131
 18080 -15169    77   146
 18090 -15197   112   126
 18100 -15208    71   152
 18110 -15196    66   119
 18120 -15163    75   131
 18130 -15191    78   144
 18140 -15175    84   133
 18150 -15170    98   130
 18160 -15190    71   140
 18170 -15191    75   111
 18180 -15181   107   119
 18190 -15194    77   124
 18200 -15212    91   149
 18210 -15205    75   137
 18220 -15213    82   124
 18230 -15208    85   125
 18240 -15210    93   143
 18250 -15227    95   141
 18260 -15223    86   149
 18270 -15249    86   138
 18280 -15252    70   139
 18290 -15232    86   131
 18300 -15245    83   118
 18310 -15249    81   144
 18320 -15279    71   131
 18330 -15264    80   155
 18340 -15268    82   150
 18350 -15276    84   151
 18360 -15257    98   140
 18370 -15303    81   152
 18380 -15308    73   137
 18390 -15312    88   164
 18400 -15323    77   143
 18410 -15318    86   163
 18420 -15322    81   154
 18430 -15338    71   129
 18440 -15351    87   147
 18450 -15333    68   143
 18460 -15350    81   151
 18470 -15366    88   142
 18480 -15360    98   152
 18490 -15394    73   130
 18500 -15374    68   147
 18510 -15390    77   140
 18520 -15391   103   125
 18530 -15398    77   141
 18540 -15413    92   116
 18550 -15432   100   143
 18560 -15428    95   133
 18570 -15436   101   135
 18580 -15449    83   155
 18590 -15453   100   162
 18600 -15436   101   124
 18610 -15446    70   125
 18620 -15428    82   142
 18630 -15465    89   154
 18640 -15453    68   144
 18650 -15440    74   147
 18660 -15475   102   132
 18670 -15489    90   150
 18680 -15465    86   125
 18690 -15453    85   130
 18700 -15490    90   131
 18710 -15508   104   157
 18720 -15478    63   134
 18730 -15478    83   149
 18740 -15472    87   124
 18750 -15497    75   166
 18760 -15484    92   160
 18770 -15482    95   137
 18780 -15487    84   128
 18790 -15475    89   125
 18800 -15493    93   139
 18810 -15474    77   123
 18820 -15481    88   147
 18830 -15492    91   139
 18840 -15490    79   145
 18850 -15487    83   161
 18860 -15494    84   143
 18870 -15472    72   148
 18880 -15481    78   144
 18890 -15462    93   134
 18900 -15472   104   134
 18910 -15447   104   157
 18920 -15466    84   147
 18930 -15476    96   137
 18940 -15453    88   147
 18950 -15441    85   142
 18960 -15440    82   145
 18970 -15422    78   142
 18980 -15449    84   149
 18990 -15409   101   122
 19000 -15393    90   148
 19010 -15427    88   157
 19020 -15402    87   151
 19030 -15427    86   124
 19040 -15395    77   131
 19050 -15399    96   142
 19060 -15386    88   164
 19070 -15402    88   142
 19080 -15383    79   153
 19090 -15363    84   165
 19100 -15358    83   155
 19110 -15350    92   159
 19120 -15335    74   131
 19130 -15331   102   127
 19140 -15354    71   137
 19150 -15315    93   136
 19160 -15305    83   123
 19170 -15304    89   154
 19180 -15304    88   128
 19190 -15301   100   143
 19200 -15287    90   158
 19210 -15286    81   134
 19220 -15285    96   137
 19230 -15289    91   149
 19240 -15262    93   152
 19250 -15259    74   150
 19260 -15249   103   127
 19270 -15240   115   122
 19280 -15233    76   139
 19290 -15252    81   151
 19300 -15228    88   151
 19310 -15233    75   133
 19320 -15238    81   165
 19330 -15207    87   127
 19340 -15200    78   147
 19350 -15198   101   158
 19360 -15208    97   146
 19370 -15223    94   153
 19380 -15208    78   148
 19390 -15218    90   141
 19400 -15198    82   167
 19410 -15198    89   128
 19420 -15183    93   127
 19430 -15178    76   155
 19440 -15170    72   146
 19450 -15188    86   156
 19460 -15203    75   134
 19470 -15196    77   150
 19480 -15168    87   136
 19490 -15177    82   167
 19500 -15193    92   139
 19510 -15176    83   134
 19520 -15183    94   146
 19530 -15206    82   133
 19540 -15211    81   146
 19550 -15219    68   138
 19560 -15223    73   137
 19570 -15227    82   144
 19580 -15223   102   112
 19590 -15241   100   128
 19600 -15215    91   128
 19610 -15239   105   145
 19620 -15233    86   103
 19630 -15243    91   142
 19640 -15215    83   132
 19650 -15252   103   128
 19660 -15241   102   125
 19670 -15256    64   147
 19680 -15263    95   151
 19690 -15279    85   151
 19700 -15271    82   136
 19710 -15287    92   146
 19720 -15284    69   138
 19730 -15296    88   125
 19740 -15314    81   152
 19750 -15332    84   139
 19760 -15326    68   144
 19770 -15323    76   132
 19780 -15351    85   150
 19790 -15364    75   137
 19800 -15339    84   120
 19810 -15353    83   151
 19820 -15353    77   158
 19830 -15372    95   128
 19840 -15371    84   122
 19850 -15386    80   142
 19860 -15402    55   135
 19870 -15392    87   151
 19880 -15400    92   141
 19890 -15412    80   129
 19900 -15411    67   132
 19910 -15437    85   133
 19920 -15444    81   152
 19930 -15441    75   161
 19940 -15454    75   151
 19950 -15418    91   135
 19960 -15463    79   140
 19970 -15441    81   123
 19980 -15445    87   145
 19990 -15438    85   146
 20000 -15484    81   149
 20010 -15463    74   138
 20020 -15478    95   126
 20030 -15477    86   145
 20040 -15468   104   135
 20050 -15486    66   126
 20060 -15482    95   137
 20070 -15505    81   121
 20080 -15508    86   140
 20090 -15476    94   143
 20100 -15476    94   136
 20110 -15471    90   135
 20120 -15484    89   136
 20130 -15453    67   128
 20140 -15478    75   165
 20150 -15487    75   126
 20160 -15466    92   137
 20170 -15488    82   150
 20180 -15466    91   138
 20190 -15469    81   155
 20200 -15491    81   126
 20210 -15490    68   124
 20220 -15474    87   151
 20230 -15458    94   133
 20240 -15458    81   169
 20250 -15460    95   157
 20260 -15465    91   156
 20270 -15428    73   121
 20280 -15430   103   141
 20290 -15436    80   117
 20300 -15415    76   125
 20310 -15410    75   148
 20320 -15404    88   141
 20330 -15422   115   134
 20340 -15416    92   147
 20350 -15404    86   133
 20360 -15409    98   142
 20370 -15405    98   154
 20380 -15385    89   131
 20390 -15376    82   153
 20400 -15350    81   161
 20410 -15369    98   134
 20420 -15361    68   134
 20430 -15360    75   140
 20440 -15356    88   162
 20450 -15331    85   160
 20460 -15334    71   152
 20470 -15317    78   124
 20480 -15334    79   145
 20490 -15308    95   141
 20500 -15298    84   142
 20510 -15309    92   121
 20520 -15307    97   124
 20530 -15274    83   119
 20540 -15278    80   148
 20550 -15267    86   135
 20560 -15264    74   134
 20570 -15255    82   154
 20580 -15259    75   133
 20590 -15220    65   133
 20600 -15234   101   128
 20610 -15209    77   141
 20620 -15209    94   131
 20630 -15221    90   122
 20640 -15202    92   130
 20650 -15216    85   154
 20660 -15232    82   137
 20670 -15202    88   147
 20680 -15222    77   121
 20690 -15186    76   130
 20700 -15197    98   145
 20710 -15196    85   141
 20720 -15186    96   138
 20730 -15174    89   147
 20740 -15207    83   148
 20750 -15173    80   137
 20760 -15173    81   167
 20770 -15188    87   135
 20780 -15182    79   113
 20790 -15172    86   157
 20800 -15173    91   169
 20810 -15211    91   148
 20820 -15183    84   138
 20830 -15178    89   129
 20840 -15172    83   134
 20850 -15166    79   135
 20860 -15155    67   134
 20870 -15176    79   137
 20880 -15211    99   129
 20890 -15181    79   124
 20900 -15206    76   153
 20910 -15237    88   147
 20920 -15212   110   135
 20930 -15238    90   128
 20940 -15235    80   146
 20950 -15227    94   154
 20960 -15217    89   125
 20970 -15250    82   137
 20980 -15253    86   116
 20990 -15261    79   131
 21000 -15261    74   126
 21010 -15261    65   144
 21020 -15265    77   133
 21030 -15274    90   157
 21040 -15287    90   132
 21050 -15307    95   153
 21060 -15295    76   123
 21070 -15287    88   122
 21080 -15336    84   134
 21090 -15334    59   145
 21100 -15332    80   125
 21110 -15358    82   147
 21120 -15348    90   164
 21130 -15367    77   136
 21140 -15364    83   142
 21150 -15374    88   153
 21160 -15378    85   152
 21170 -15373    91   157
 21180 -15391    69   127
 21190 -15398    83   116
 21200 -15408    80   127
 21210 -15413    82   125
 21220 -15444    76   131
 21230 -15423    72   101
 21240 -15431    94   141
 21250 -15437    78   123
 21260 -15459    75   111
 21270 -15445    84   141
 21280 -15456    69   132
 21290 -15463    83   161
 21300 -15459    77   134
 21310 -15461    82   120
 21320 -15463    74   132
 21330 -15471    83   134
 21340 -15478    92   142
 21350 -15452    79   138
 21360 -15492    75   159
 21370 -15487    94   129
 21380 -15489    86   133
 21390 -15496    84   140
 21400 -15470    88   131
 21410 -15509    67   158
 21420 -15494    94   152
 21430 -15512    87   148
 21440 -15508    58   125
 21450 -15490   100   134
 21460 -15491    89   146
 21470 -15493    93   135
 21480 -15493    97   141
 21490 -15496    85   149
 21500 -15488    84   123
 21510 -15506    78   134
 21520 -15489    85   121
 21530 -15487    90   140
 21540 -15495    91   126
 21550 -15484    81   174
 21560 -15489    80   131
 21570 -15446    94   138
 21580 -15474    80   143
 21590 -15464    83   152
 21600 -15456   103   139
 21610 -15444   100   144
 21620 -15452    77   147
 21630 -15445    91   119
 21640 -15406    94   148
 21650 -15435    85   129
 21660 -15420    80   126
 21670 -15404    86   141
 21680 -15426   108   149
 21690 -15388    86   127
 21700 -15391    83   122
 21710 -15398    62   129
 21720 -15409    84   135
 21730 -15373    80   131
 21740 -15381    79   141
 21750 -15347    87   124
 21760 -15324    85   146
 21770 -15331    81   121
 21780 -15348   102   140
 21790 -15320    87   141
 21800 -15316    74   149
 21810 -15315    68   134
 21820 -15294    76   112
 21830 -15270    83   119
 21840 -15291    77   142
 21850 -15273    88   144
 21860 -15279    85   152
 21870 -15249    83   140
 21880 -15257    88   128
 21890 -15247    89   116
 21900 -15258    76   133
 21910 -15248    94   132
 21920 -15230    97   166
 21930 -15235    94   133
 21940 -15227    95   133
 21950 -15205    69   129
 21960 -15219    68   139
 21970 -15225    81   136
 21980 -15191    85   137
 21990 -15189    95   140
 22000 -15189    90   157
 22010 -15215    78   164
 22020 -15198    99   133
 22030 -15173    90   128
 22040 -15190    82   129
 22050 -15159    75   141
 22060 -15167    74   149
 22070 -15177    99   145
 22080 -15206    92   133
 22090 -15170    93   143
 22100 -15164    98   156
 22110 -15178    73   151
 22120 -15180    74   140
 22130 -15161    87   133
 22140 -15171    84   146
 22150 -15170    66   153
 22160 -15189    85   137
 22170 -15182    76   140
 22180 -15158    83   154
 22190 -15168    90   144
 22200 -15150    74   146
 22210 -15184    88   147
 22220 -15179    85   151
 22230 -15186    77   154
 22240 -15180    91   148
 22250 -15199    99   143
 22260 -15203    97   144
 22270 -15220   102   128
 22280 -15228   107   133
 22290 -15196    99   151
 22300 -15247    81   143
 22310 -15244    91   133
 22320 -15224    87   134
 22330 -15244    78   153
 22340 -15223    95   156
 22350 -15265    57   147
 22360 -15251    90   125
 22370 -15278    91   154
 22380 -15283    80   140
 22390 -15275    68   138
 22400 -15298    85   115
 22410 -15313    69   140
 22420 -15301    80   139
 22430 -15338    93   151
 22440 -15327    96   136
 22450 -15324    66   139
 22460 -15347    73   166
 22470 -15346    84   169
 22480 -15350   100   143
 22490 -15375    93   123
 22500 -15359    77   124
 22510 -15357    84   138
 22520 -15378    78   132
 22530 -15393    81   115
 22540 -15404    79   146
 22550 -15408    92   156
 22560 -15425    74   142
 22570 -15425    71   141
 22580 -15436    97   143
 22590 -15451    95   131
 22600 -15472    96   151
 22610 -15460    70   130
 22620 -15467    91   125
 22630 -15474    93   130
 22640 -15460    90   140
 22650 -15484    88   159
 22660 -15481    89   131
 22670 -15483   110   157
 22680 -15478    84   132
 22690 -15481    97   167
 22700 -15484    78   171
 22710 -15499    83   147
 22720 -15494    76   151
 22730 -15521    92   156
 22740 -15530    97   155
 22750 -15526    73   167
 22760 -15512    91   162
 22770 -15535    98   130
 22780 -15493   103   132
 22790 -15518    74   132
 22800 -15508    82   137
 22810 -15520    77   141
 22820 -15524   100   136
 22830 -15522    78   141
 22840 -15500    85   149
 22850 -15513    83   130
 22860 -15496    95   151
 22870 -15497    69   146
 22880 -15492    84   146
 22890 -15505    93   154
 22900 -15520    70   127
 22910 -15515    91   138
 22920 -15518   101   149
 22930 -15461    90   149
 22940 -15470    72   139
 22950 -15489    87   129
 22960 -15501    79   118
 22970 -15482   114   144
 22980 -15476    88   126
 22990 -15436    84   127
 23000 -15446    79   147
 23010 -15432   103   126
 23020 -15436    92   157
 23030 -15431    72   150
 23040 -15415    89   147
 23050 -15398    94   147
 23060 -15404    77   146
 23070 -15409    76   140
 23080 -15392   101   142
 23090 -15377    76   122
 23100 -15362    99   146
 23110 -15357    84   137
 23120 -15336    74   130
 23130 -15353    67   128
 23140 -15347    77   138
 23150 -15347    73   143
 23160 -15319    86   119
 23170 -15325    79   130
 23180 -15302    93   134
 23190 -15284   106   146
 23200 -15287    87   165
 23210 -15259    79   152
 23220 -15274    81   141
 23230 -15247    62   118
 23240 -15258    91   168
 23250 -15248    96   154
 23260 -15235    79   133
 23270 -15237    70   138
 23280 -15229    99   143
 23290 -15209    81   131
 23300 -15223    84   126
 23310 -15218    75   151
 23320 -15193    85   144
 23330 -15188    89   137
 23340 -15197    79   150
 23350 -15188    99   144
 23360 -15172    74   143
 23370 -15173    73   141
 23380 -15164    82   130
 23390 -15187    71   151
 23400 -15172    88   135
 23410 -15170    76   146
 23420 -15159   102   112
 23430 -15179    65   151
 23440 -15146    76   149
 23450 -15173    85   139
 23460 -15166    83   123
 23470 -15147    91   148
 23480 -15163    90   140
 23490 -15149    66   112
 23500 -15165    88   115
 23510 -15166    79   150
 23520 -15175    80   129
 23530 -15168    76   144
 23540 -15162    75   135
 23550 -15174    74   137
 23560 -15139    99   163
 23570 -15171    93   146
 23580 -15177    84   148
 23590 -15186    80   140
 23600 -15200    80   125
 23610 -15198    69   156
 23620 -15212    50   156
 23630 -15216   102   139
 23640 -15193   100   131
 23650 -15241    75   154
 23660 -15213    79   134
 23670 -15218   100   149
 23680 -15246    95   140
 23690 -15227    86   130
 23700 -15233    64   148
 23710 -15244    98   148
 23720 -15242    91   137
 23730 -15267    77   132
 23740 -15282    95   139
 23750 -15289    86   122
 23760 -15291    94   129
 23770 -15290    85   154
 23780 -15306    76   133
 23790 -15334    88   136
 23800 -15302    77   136
 23810 -15324    98   141
 23820 -15334    71   127
 23830 -15338    77   134
 23840 -15337    88   145
 23850 -15356    60   160
 23860 -15375    83   135
 23870 -15365    88   140
 23880 -15372    79   144
 23890 -15395    82   146
 23900 -15421    83   135
 23910 -15401    84   141
 23920 -15411    84   145
 23930 -15438    83   140
 23940 -15448    92   148
 23950 -15435    79   135
 23960 -15444    94   142
 23970 -15469    74   177
 23980 -15459    85   121
 23990 -15434    88   133
 24000 -15466    71   155
 24010 -15471    76   145
 24020 -15486    65   129
 24030 -15495    90   152
 24040 -15487    86   124
 24050 -15481    80   137
 24060 -15492   101   121
 24070 -15505    77   143
 24080 -15523    99   135
 24090 -15499   102   156
 24100 -15505    63   134
 24110 -15506    68   144
 24120 -15534    80   148
 24130 -15521    80   153
 24140 -15534    99   157
 24150 -15501    97   157
 24160 -15512    90   151
 24170 -15533    88   146
 24180 -15498    96   141
 24190 -15521    88   154
 24200 -15512    87   124
 24210 -15478    88   144
 24220 -15505    93   147
 24230 -15500    79   133
 24240 -15489    85   146
 24250 -15496    79   144
 24260 -15490   105   147
 24270 -15490   103   127
 24280 -15479    90   124
 24290 -15486    88   179
 24300 -15463    91   130
 24310 -15478   106   155
 24320 -15448    81   144
 24330 -15478    70   140
 24340 -15468    86   136
 24350 -15422   117   129
 24360 -15423    92   128
 24370 -15422    85   137
 24380 -15407    76   126
 24390 -15432    67   141
 24400 -15413   104   153
 24410 -15410    77   145
 24420 -15405    96   153
 24430 -15406    76   162
 24440 -15382    91   144
 24450 -15385    75   152
 24460 -15378    91   140
 24470 -15375    76   154
 24480 -15353    87   145
 24490 -15344    88   133
 24500 -15319    82   144
 24510 -15337    87   161
 24520 -15299    74   149
 24530 -15334    99   165
 24540 -15302    81   137
 24550 -15299    92   158
 24560 -15300    64   159
 24570 -15281    90   137
 24580 -15263    80   128
 24590 -15240    73   156
 24600 -15262    82   134
 24610 -15243   109   128
 24620 -15246    99   152
 24630 -15249    66   120
 24640 -15205    92   149
 24650 -15223    84   131
 24660 -15218    95   140
 24670 -15227    94   133
 24680 -15203    82   138
 24690 -15182   102   134
 24700 -15190    94   123
 24710 -15196    82   127
 24720 -15179    71   133
 24730 -15175    78   133
 24740 -15175    87   162
 24750 -15186    77   142
 24760 -15173   104   152
 24770 -15180    93   150
 24780 -15166    87   172
 24790 -15149    90   138
 24800 -15191    92   143
 24810 -15158    85   130
 24820 -15147    82   170
 24830 -15159    76   133
 24840 -15158    75   132
 24850 -15164    77   159
 24860 -15192    88   151
 24870 -15158   100   132
 24880 -15139    93   155
 24890 -15155    95   120
 24900 -15184    80   157
 24910 -15175    96   145
 24920 -15176    86   136
 24930 -15187    96   148
 24940 -15203    82   132
 24950 -15199    80   147
 24960 -15202    81   138
 24970 -15226    91   146
 24980 -15200    83   129
 24990 -15198    89   136
 25000 -15241    93   150
 25010 -15201    74   140
 25020 -15242    82   159
 25030 -15227    75   162
 25040 -15254    73   160
 25050 -15237    82   132
 25060 -15226    85   123
 25070 -15267    67   140
 25080 -15278    92   139
 25090 -15263    83   136
 25100 -15304    73   136
 25110 -15308    89   144
 25120 -15310    76   155
 25130 -15347    96   133
 25140 -15321    75   148
 25150 -15323    70   149
 25160 -15341    81   162
 25170 -15360    73   152
 25180 -15351    83   144
 25190 -15355    92   140
 25200 -15365    91   143
 25210 -15359    78   142
 25220 -15384    79   158
 25230 -15365    86   139
 25240 -15403    68   144
 25250 -15435   106   137
 25260 -15419    92   149
 25270 -15427    84   138
 25280 -15437    88   163
 25290 -15456    73   135
 25300 -15458    99   134
 25310 -15436    85   146
 25320 -15446    84   151
 25330 -15468    76   163
 25340 -15437    97   153
 25350 -15482    73   136
 25360 -15493    85   162
 25370 -15485    83   153
 25380 -15473    75   119
 25390 -15476    93   158
 25400 -15481    74   155
 25410 -15507    95   133
 25420 -15493    72   131
 25430 -15527    87   135
 25440 -15529    71   127
 25450 -15514    82   148
 25460 -15514    88   146
 25470 -15516    94   159
 25480 -15517    91   156
 25490 -15518    94   124
 25500 -15501   105   118
 25510 -15524    87   160
 25520 -15512    89   123
 25530 -15521    87   163
 25540 -15504    82   151
 25550 -15495    95   164
 25560 -15519    87   142
 25570 -15527    81   156
 25580 -15488   110   140
 25590 -15528    87   152
 25600 -15488    86   121
 25610 -15474    93   144
 25620 -15506    82   142
 25630 -15492    98   122
 25640 -15484    99   130
 25650 -15478    74   157
 25660 -15471    86   138
 25670 -15473    89   162
 25680 -15447    86   133
 25690 -15468    91   145
 25700 -15436    97   145
 25710 -15410    89   148
 25720 -15419    86   130
 25730 -15413    96   157
 25740 -15407    94   154
 25750 -15413    98   138
 25760 -15397    69   118
 25770 -15388    90   136
 25780 -15385    75   134
 25790 -15394    85   129
 25800 -15346   100   129
 25810 -15388    79   154
 25820 -15338    76   149
 25830 -15337    85   159
 25840 -15312    79   155
 25850 -15313    72   153
 25860 -15326    81   137
 25870 -15328    88   142
 25880 -15275    73   135
 25890 -15290    93   143
 25900 -15273    82   149
 25910 -15263    88   160
 25920 -15296    90   162
 25930 -15278    93   144
 25940 -15246    87   128
 25950 -15248   108   119
 25960 -15240    89   146
 25970 -15234    79   134
 25980 -15208    81   137
 25990 -15217    76   118
 26000 -15207    85   133
 26010 -15173    69   147
 26020 -15183    81   157
 26030 -15200    85   136
 26040 -15186    81   147
 26050 -15151    89   119
 26060 -15150    82   127
 26070 -15180    87   143
 26080 -15174    87   131
 26090 -15175    87   153
 26100 -15159    70   142
 26110 -15148    75   148
 26120 -15183    81   135
 26130 -15159    89   146
 26140 -15156    85   136
 26150 -15138    82   149
 26160 -15131    72   145
 26170 -15155    85   156
 26180 -15138    90   148
 26190 -15162    86   136
 26200 -15118    92   132
 26210 -15142    95   153
 26220 -15131    83   156
 26230 -15142    85   151
 26240 -15126    71   141
 26250 -15158    86   150
 26260 -15138    95   143
 26270 -15138    82   125
 26280 -15163    79   143
 26290 -15207    90   131
 26300 -15174    98   114
 26310 -15179    87   149
 26320 -15212    75   154
 26330 -15195    89   148
 26340 -15200    96   146
 26350 -15219   105   122
 26360 -15221    81   145
 26370 -15227    94   151
 26380 -15224    92   159
 26390 -15234    94   117
 26400 -15252    65   126
 26410 -15207    79   119
 26420 -15231    90   157
 26430 -15274    99   172
 26440 -15277    84   145
 26450 -15296    84   126
 26460 -15298    81   152
 26470 -15299   101   141
 26480 -15299    94   150
 26490 -15317    83   124
 26500 -15330    72   149
 26510 -15344    86   131
 26520 -15339    92   132
 26530 -15378    75   136
 26540 -15353    89   152
 26550 -15390    79   144
 26560 -15396    81   147
 26570 -15395    86   127
 26580 -15386    72   150
 26590 -15403    83   141
 26600 -15413   109   139
 26610 -15441    96   121
 26620 -15435    82   143
 26630 -15454    97   125
 26640 -15449    90   139
 26650 -15418    88   149
 26660 -15443    75   130
 26670 -15488    96   139
 26680 -15480    85   159
 26690 -15479    64   140
 26700 -15483    99   152
 26710 -15488    84   144
 26720 -15488    80   127
 26730 -15478    89   144
 26740 -15483    86   157
 26750 -15502    80   129
 26760 -15513    80   134
 26770 -15512    82   143
 26780 -15522    87   161
 26790 -15523    84   149
 26800 -15507    75   133
 26810 -15520    73   146
 26820 -15523    82   156
 26830 -15538    81   147
 26840 -15517    76   130
 26850 -15555    89   148
 26860 -15522    90   153
 26870 -15540    93   125
 26880 -15500    84   148
 26890 -15522    84   163
 26900 -15512    59   157
 26910 -15508    80   147
 26920 -15508    79   162
 26930 -15511   101   153
 26940 -15501   101   115
 26950 -15509    84   152
 26960 -15507    82   151
 26970 -15513    92   167
 26980 -15519    77   158
 26990 -15492    82   157
 27000 -15501    89   128
 27010 -15475    85   139
 27020 -15468    85   146
 27030 -15451    95   127
 27040 -15453    78   124
 27050 -15429    74   157
 27060 -15431    90   154
 27070 -15440    79   156
 27080 -15444    86   160
 27090 -15425    88   139
 27100 -15410    97   123
 27110 -15404    72   133
 27120 -15390    77   145
 27130 -15418    88   142
 27140 -15403   107   147
 27150 -15364    83   137
 27160 -15364    69   146
 27170 -15373    89   174
 27180 -15340    97   141
 27190 -15352    88   141
 27200 -15330    84   136
 27210 -15327    85   145
 27220 -15305    95   155
 27230 -15323   104   146
 27240 -15296    96   128
 27250 -15294   105   142
 27260 -15262    92   145
 27270 -15255    91   129
 27280 -15256    73   137
 27290 -15251    84   149
 27300 -15256    91   138
 27310 -15251    60   153
 27320 -15244    79   137
 27330 -15224    99   144
 27340 -15206    77   160
 27350 -15217    69   150
 27360 -15194    72   148
 27370 -15181    75   135
 27380 -15198    83   153
 27390 -15190    79   143
 27400 -15179    81   179
 27410 -15169    95   142
 27420 -15156    75   139
 27430 -15193    83   123
 27440 -15161    78   119
 27450 -15170    74   125
 27460 -15157    93   139
 27470 -15166    75   146
 27480 -15150    93   146
 27490 -15143    98   149
 27500 -15151    91   132
 27510 -15170    83   167
 27520 -15158    83   132
 27530 -15136    95   155
 27540 -15149    93   147
 27550 -15143    71   161
 27560 -15150    94   144
 27570 -15123    90   144
 27580 -15158    86   151
 27590 -15158    90   130
 27600 -15168    84   137
 27610 -15174    86   168
 27620 -15174    93   154
 27630 -15174    89   147
 27640 -15190   108   139
 27650 -15215    84   144
 27660 -15180    72   137
 27670 -15212    85   142
 27680 -15207    79   133
 27690 -15215    75   127
 27700 -15222    84   128
 27710 -15220    99   152
 27720 -15229    77   139
 27730 -15223    82   148
 27740 -15227    88   124
 27750 -15232    95   142
 27760 -15279    84   140
 27770 -15272    76   126
 27780 -15310    90   151
 27790 -15319    86   142
 27800 -15323    87   156
 27810 -15326    88   143
 27820 -15335    85   134
 27830 -15340    93   159
 27840 -15334    83   125
 27850 -15338    90   129
 27860 -15339    80   146
 27870 -15370    90   141
 27880 -15368    74   143
 27890 -15358    80   152
 27900 -15400    89   151
 27910 -15382    76   150
 27920 -15403    77   132
 27930 -15423    70   169
 27940 -15426    92   155
 27950 -15437    79   136
 27960 -15466    85   163
 27970 -15455    86   133
 27980 -15450    91   146
 27990 -15470    95   148
 28000 -15479    83   135
 28010 -15475    87   116
 28020 -15472    82   125
 28030 -15508    77   159
 28040 -15515    86   148
 28050 -15502    90   154
 28060 -15510    94   147
 28070 -15513    69   137
 28080 -15519    90   154
 28090 -15532    81   128
 28100 -15509    93   151
 28110 -15527    87   119
 28120 -15535    78   127
 28130 -15526   101   162
 28140 -15527    87   144
 28150 -15534    83   135
 28160 -15538    91   137
 28170 -15554    78   145
 28180 -15548    74   169
 28190 -15527    80   137
 28200 -15518    71   153
 28210 -15528    79   146
 28220 -15535    69   146
 28230 -15549    77   157
 28240 -15523    80   164
 28250 -15534   102   141
 28260 -15539    84   150
 28270 -15522   106   166
 28280 -15518   102   121
 28290 -15508    93   142
 28300 -15523    79   130
 28310 -15487    71   139
 28320 -15498    92   151
 28330 -15502   105   148
 28340 -15490    92   147
 28350 -15483    82   156
 28360 -15469    98   163
 28370 -15469    62   150
 28380 -15455    96   153
 28390 -15454    74   151
 28400 -15449    83   134
 28410 -15472    86   160
 28420 -15478    89   149
 28430 -15426    75   145
 28440 -15435    73   132
 28450 -15433    82   132
 28460 -15402    64   146
 28470 -15393    81   158
 28480 -15411    92   145
 28490 -15401    73   142
 28500 -15380    94   149
 28510 -15378    91   153
 28520 -15381    91   139
 28530 -15347    92   161
 28540 -15344    68   156
 28550 -15346    90   134
 28560 -15311    81   147
 28570 -15314    65   135
 28580 -15313    77   163
 28590 -15310    82   160
 28600 -15291    74   151
 28610 -15292    81   157
 28620 -15278    81   164
 28630 -15287    76   139
 28640 -15263    83   157
 28650 -15266   103   151
 28660 -15258    86   151
 28670 -15261    74   146
 28680 -15250    93   132
 28690 -15240    84   130
 28700 -15234    86   161
 28710 -15219    96   148
 28720 -15192    80   158
 28730 -15200    84   136
 28740 -15196    69   160
 28750 -15198    92   147
 28760 -15168    94   162
 28770 -15177    89   156
 28780 -15192    91   154
 28790 -15174    66   165
 28800 -15198    83   139
 28810 -15178    78   127
 28820 -15193    67   163
 28830 -15190    88   154
 28840 -15158   119   156
 28850 -15171    83   160
 28860 -15184    99   147
 28870 -15154    75   155
 28880 -15191    88   147
 28890 -15159    77   153
 28900 -15170    81   137
 28910 -15154   100   127
 28920 -15166    91   127
 28930 -15182    86   150
 28940 -15190    83   157
 28950 -15179   103   169
 28960 -15196    81   181
 28970 -15191    82   144
 28980 -15229    88   145
 28990 -15233   102   148
 29000 -15215    87   161
 29010 -15226    80   152
 29020 -15221    91   159
 29030 -15210    77   156
 29040 -15212    93   144
 29050 -15239    83   146
 29060 -15241   102   159
 29070 -15220    76   126
 29080 -15252    84   140
 29090 -15250    78   144
 29100 -15270    82   158
 29110 -15265   115   133
 29120 -15265    96   173
 29130 -15341    70   143
 29140 -15307   106   148
 29150 -15324    63   161
 29160 -15350    83   164
 29170 -15347    81   148
 29180 -15320    98   137
 29190 -15360    86   152
 29200 -15370    83   144
 29210 -15370    75   148
 29220 -15364    85   155
 29230 -15404    82   151
 29240 -15391    84   117
 29250 -15408    82   136
 29260 -15401    80   135
 29270 -15405    82   120
 29280 -15427    68   149
 29290 -15443    94   136
 29300 -15471    78   151
 29310 -15461    92   145
 29320 -15470   100   153
 29330 -15461    91   133
 29340 -15486    86   154
 29350 -15498    80   140
 29360 -15515    84   132
 29370 -15510   102   125
 29380 -15543    86   167
 29390 -15547   107   140
 29400 -15534    80   145
 29410 -15527    69   150
 29420 -15550    93   145
 29430 -15547   108   142
 29440 -15546   105   133
 29450 -15556    89   131
 29460 -15577    80   141
 29470 -15573    80   169
 29480 -15572    95   137
 29490 -15584    85   166
 29500 -15586    78   130
 29510 -15590    96   164
 29520 -15588    87   129
 29530 -15572    94   160
 29540 -15577   106   166
 29550 -15583    79   174
 29560 -15567    86   139
 29570 -15586    90   139
 29580 -15589    81   142
 29590 -15569    80   136
 29600 -15582    72   160
 29610 -15569    87   144
 29620 -15591    85   167
 29630 -15559    91   146
 29640 -15555    88   138
 29650 -15566    80   145
 29660 -15524    84   140
 29670 -15538    70   140
 29680 -15557    92   164
 29690 -15526    82   132
 29700 -15522   103   160
 29710 -15536    83   136
 29720 -15525   106   167
 29730 -15519    88   157
 29740 -15497    81   141
 29750 -15502    92   148
 29760 -15459    88   142
 29770 -15482    86   140
 29780 -15471    76   134
 29790 -15456    97   170
 29800 -15462   104   160
 29810 -15465    92   135
 29820 -15418    98   114
 29830 -15414    92   153
 29840 -15413    89   145
 29850 -15394    85   128
 29860 -15404   100   113
 29870 -15409   110   137
 29880 -15364    86   143
 29890 -15379    96   143
 29900 -15349    84   139
 29910 -15368    87   152
 29920 -15343    94   137
 29930 -15330    81   127
 29940 -15315    84   158
 29950 -15316    81   152
 29960 -15322    82   125
 29970 -15303    92   147
 29980 -15279    80   149
 29990 -15266    87   160
 30000 -15261    86   134
 30010 -15242    80   141
 30020 -15239    87   168
 30030 -15237    67   133
 30040 -15234    98   130
 30050 -15235    78   145
 30060 -15242    89   155
 30070 -15209    70   144
 30080 -15185    85   127
 30090 -15207    77   172
 30100 -15215    92   120
 30110 -15184    84   147
 30120 -15185    75   137
 30130 -15191    93   147
 30140 -15203    90   142
 30150 -15189    73   129
 30160 -15189    88   158
 30170 -15171    92   140
 30180 -15184    88   132
 30190 -15171    80   139
 30200 -15168    95   146
 30210 -15164    86   146
 30220 -15153    81   120
 30230 -15151    81   137
 30240 -15189    72   132
 30250 -15158    73   122
 30260 -15177    67   140
 30270 -15170    91   148
 30280 -15196    96   139
 30290 -15209    89   145
 30300 -15210   100   147
 30310 -15204    87   147
 30320 -15194    79   127
 30330 -15188    76   146
 30340 -15211    82   142
 30350 -15195    83   126
 30360 -15226    88   131
 30370 -15213    88   126
 30380 -15226    85   134
 30390 -15236    94   106
 30400 -15230    84   142
 30410 -15237   104   133
 30420 -15236    57   136
 30430 -15287    66   155
 30440 -15284    87   138
 30450 -15297    84   155
 30460 -15310    84   140
 30470 -15312    80   143
 30480 -15340    94   156
 30490 -15325    84   131
 30500 -15329    85   152
 30510 -15343    90   142
 30520 -15331    75   149
 30530 -15359    83   158
 30540 -15355    86   159
 30550 -15384    86   131
 30560 -15362   103   132
 30570 -15363    77   153
 30580 -15383    86   141
 30590 -15401    85   149
 30600 -15409    74   136
 30610 -15415    83   140
 30620 -15420    76   156
 30630 -15443    91   146
 30640 -15440    74   150
 30650 -15485    87   124
 30660 -15480    74   149
 30670 -15466    80   152
 30680 -15438    82   148
 30690 -15478    89   145
 30700 -15488    89   150
 30710 -15473    85   144
 30720 -15507    80   155
 30730 -15516   104   152
 30740 -15507    95   124
 30750 -15499    79   135
 30760 -15512    65   138
 30770 -15512    74   155
 30780 -15510    81   150
 30790 -15549    88   160
 30800 -15543    98   131
 30810 -15532    59   139
 30820 -15559    89   144
 30830 -15534    79   138
 30840 -15538    87   148
 30850 -15537    86   148
 30860 -15530    75   128
 30870 -15542    96   159
 30880 -15541    86   142
 30890 -15552    87   140
 30900 -15549    84   142
 30910 -15529    98   150
 30920 -15539    80   153
 30930 -15491    86   146
 30940 -15533    98   151
 30950 -15529    72   146
 30960 -15519    77   144
 30970 -15508    83   157
 30980 -15520    78   149
 30990 -15517    73   140
 31000 -15497    90   159
 31010 -15500    94   179
 31020 -15457    87   152
 31030 -15491    76   138
 31040 -15485    80   183
 31050 -15470    91   162
 31060 -15456    97   151
 31070 -15430    92   134
 31080 -15440    79   143
 31090 -15434    85   158
 31100 -15432    79   157
 31110 -15420    73   142
 31120 -15435    75   161
 31130 -15426    91   141
 31140 -15391    92   145
 31150 -15382    75   147
 31160 -15387   112   145
 31170 -15394    88   161
 31180 -15374    85   146
 31190 -15365    94   151
 31200 -15358    81   153
 31210 -15347    92   147
 31220 -15333    86   137
 31230 -15324    82   158
 31240 -15295    88   163
 31250 -15319    76   144
 31260 -15297    97   115
 31270 -15292    81   124
 31280 -15280    93   144
 31290 -15272    87   140
 31300 -15268    83   168
 31310 -15258    80   124
 31320 -15234   102   141
 31330 -15238    98   130
 31340 -15222    82   158
 31350 -15220    95   168
 31360 -15233    89   131
 31370 -15186    86   137
 31380 -15188    90   139
 31390 -15186    82   155
 31400 -15188    98   135
 31410 -15169    98   133
 31420 -15166   103   152
 31430 -15152    82   132
 31440 -15146    79   141
 31450 -15133    91   133
 31460 -15146    93   149
 31470 -15159    81   153
 31480 -15142    93   154
 31490 -15142    80   131
 31500 -15154    87   145
 31510 -15141    81   135
 31520 -15135    82   140
 31530 -15138    85   145
 31540 -15132    73   144
 31550 -15139    80   140
 31560 -15130    78   159
 31570 -15142    94   151
 31580 -15124    81   151
 31590 -15116    92   155
 31600 -15119    80   132
 31610 -15125    92   148
 31620 -15152    94   140
 31630 -15141    97   135
 31640 -15152    95   145
 31650 -15160    89   151
 31660 -15167    94   141
 31670 -15159    91   130
 31680 -15140    87   143
 31690 -15158    87   128
 31700 -15159    85   158
 31710 -15173    70   142
 31720 -15165    92   127
 31730 -15184    76   119
 31740 -15195    73   133
 31750 -15219    82   157
 31760 -15202    86   135
 31770 -15204    78   131
 31780 -15221    80   142
 31790 -15234    79   149
 31800 -15239    82   140
 31810 -15245    87   161
 31820 -15268    82   156
 31830 -15276    87   130
 31840 -15285    63   145
 31850 -15287    84   148
 31860 -15274    70   147
 31870 -15315    87   173
 31880 -15302    97   153
 31890 -15319    84   128
 31900 -15359    82   127
 31910 -15350    81   148
 31920 -15349   108   139
 31930 -15341    90   147
 31940 -15359    79   137
 31950 -15369    98   151
 31960 -15387    94   147
 31970 -15367    84   151
 31980 -15392    99   131
