  2120   119 10959   277
  2130   145 11035   267
  2140   157 11108   303
  2150   179 11171   302
  2160   157 11264   296
  2170   155 11355   280
  2180   150 11427   292
  2190   150 11557   292
  2200   156 11654   318
  2210   179 11727   292
  2220   166 11802   290
  2230   160 11882   311
  2240   187 11927   301
  2250   173 12015   300
  2260   169 12089   308
  2270   177 12172   302
  2280   175 12310   329
  2290   160 12397   310
  2300   169 12453   283
  2310   166 12520   294
  2320   190 12545   298
  2330   176 12531   305
  2340   187 12545   284
  2350   192 12549   308
  2360   189 12532   302
  2370   152 12523   297
  2380   186 12541   290
  2390   165 12544   301
  2400   193 12547   308
  2410   177 12536   306
  2420   176 12528   320
  2430   183 12547   294
  2440   152 12574   297
  2450   159 12575   308
  2460   180 12552   317
  2470   210 12556   340
  2480   200 12539   314
  2490   216 12556   312
  2500   193 12589   311
  2510   177 12586   292
  2520   150 12574   291
  2530   140 12565   301
  2540   150 12574   305
  2550   183 12578   313
  2560   205 12584   328
  2570   241 12590   324
  2580   215 12602   294
  2590   188 12584   278
  2600   146 12572   294
  2610   135 12592   293
  2620   140 12581   288
  2630   174 12586   314
  2640   182 12602   332
  2650   204 12620   342
  2660   209 12614   291
  2670   181 12602   306
  2680   176 12599   274
  2690   173 12610   279
  2700   150 12601   280
  2710   151 12626   314
  2720   192 12620   316
  2730   199 12593   303
  2740   167 12611   313
  2750   179 12620   290
  2760   176 12615   287
  2770   186 12607   306
  2780   166 12624   317
  2790   190 12619   309
  2800   184 12591   317
  2810   197 12603   325
  2820   172 12613   306
  2830   177 12594   306
  2840   179 12593   306
  2850   180 12625   310
  2860   171 12595   308
  2870   160 12613   314
  2880   162 12602   311
  2890   185 12593   308
  2900   162 12584   306
  2910   188 12581   302
  2920   196 12580   303
  2930   169 12605   311
  2940   178 12603   321
  2950   180 12594   305
  2960   166 12572   312
  2970   165 12568   309
  2980   176 12591   304
  2990   197 12583   316
  3000   177 12561   313
  3010   179 12563   313
  3020   179 12553   318
  3030   163 12576   315
  3040   183 12554   308
  3050   181 12542   321
  3060   178 12574   322
  3070   194 12566   314
  3080   190 12537   313
  3090   163 12562   292
  3100   176 12546   312
  3110   166 12517   298
  3120   175 12542   289
  3130   166 12538   343
  3140   173 12512   301
  3150   169 12514   294
  3160   171 12502   319
  3170   178 12496   307
  3180   168 12492   340
  3190   184 12474   303
  3200   185 12472   289
  3210   172 12497   307
  3220   180 12480   292
  3230   177 12458   287
  3240   158 12484   304
  3250   175 12473   296
  3260   179 12447   322
  3270   176 12446   342
  3280   178 12440   325
  3290   167 12412   321
  3300   153 12451   309
  3310   196 12418   310
  3320   172 12409   314
  3330   177 12398   296
  3340   149 12394   305
  3350   165 12395   301
  3360   158 12373   325
  3370   158 12387   307
  3380   180 12388   308
  3390   155 12365   285
  3400   161 12375   316
  3410   170 12374   307
  3420   191 12352   289
  3430   157 12350   291
  3440   171 12351   325
  3450   190 12334   307
  3460   153 12318   295
  3470   141 12311   314
  3480   167 12319   313
  3490   172 12311   307
  3500   181 12294   299
  3510   157 12291   323
  3520   172 12301   300
  3530   156 12278   310
  3540   169 12276   323
  3550   157 12254   326
  3560   176 12286   309
  3570   160 12284   320
  3580   167 12256   283
  3590   158 12249   301
  3600   159 12226   294
  3610   163 12235   314
  3620   168 12213   321
  3630   166 12216   318
  3640   172 12219   312
  3650   150 12195   302
  3660   168 12207   299
  3670   188 12200   291
  3680   171 12187   309
  3690   155 12189   301
  3700   170 12194   309
  3710   187 12205   285
  3720   159 12181   303
  3730   197 12173   314
  3740   152 12190   301
  3750   181 12187   302
  3760   151 12151   300
  3770   160 12172   292
  3780   176 12167   298
  3790   177 12157   300
  3800   166 12158   301
  3810   171 12153   326
  3820   169 12127   298
  3830   166 12144   299
  3840   163 12164   302
  3850   160 12137   301
  3860   162 12140   304
  3870   178 12147   292
  3880   164 12135   308
  3890   182 12134   283
  3900   167 12133   297
  3910   172 12136   301
  3920   175 12127   302
  3930   161 12130   311
  3940   161 12133   312
  3950   145 12138   322
  3960   150 12141   322
  3970   175 12145   287
  3980   173 12137   294
  3990   157 12126   317
  4000   170 12109   313
  4010   160 12131   330
  4020   171 12128   311
  4030   182 12139   301
  4040   157 12132   289
  4050   153 12127   298
  4060   170 12121   300
  4070   176 12114   305
  4080   168 12136   317
  4090   197 12151   298
  4100   150 12106   315
  4110   163 12130   310
  4120   176 12126   318
  4130   161 12133   307
  4140   160 12135   296
  4150   161 12116   290
  4160   165 12136   300
  4170   165 12142   283
  4180   163 12146   284
  4190   177 12126   307
  4200   159 12161   309
  4210   163 12133   308
  4220   151 12144   315
  4230   183 12149   325
  4240   182 12136   306
  4250   156 12140   298
  4260   166 12126   304
  4270   173 12140   306
  4280   170 12142   305
  4290   173 12142   294
  4300   162 12115   290
  4310   171 12143   292
  4320   162 12140   305
  4330   178 12147   279
  4340   187 12150   297
  4350   168 12127   306
  4360   184 12154   313
  4370   168 12128   305
  4380   173 12178   291
  4390   158 12166   309
  4400   174 12162   284
  4410   157 12138   320
  4420   178 12166   310
  4430   166 12154   303
  4440   168 12141   326
  4450   162 12150   299
  4460   172 12140   295
  4470   156 12140   311
  4480   172 12157   321
  4490   167 12150   309
  4500   180 12170   303
  4510   156 12152   291
  4520   173 12160   290
  4530   170 12135   319
  4540   184 12161   294
  4550   178 12147   300
  4560   174 12137   303
  4570   156 12136   304
  4580   176 12159   304
  4590   163 12122   315
  4600   148 12116   327
  4610   154 12139   292
  4620   160 12136   303
  4630   168 12129   308
  4640   162 12132   310
  4650   166 12138   282
  4660   171 12113   321
  4670   164 12128   303
  4680   160 12104   301
  4690   159 12113   285
  4700   167 12115   280
  4710   161 12108   310
  4720   167 12106   314
  4730   176 12095   304
  4740   186 12093   310
  4750   173 12073   316
  4760   159 12067   253
  4770   151 12056   298
  4780   170 12046   304
  4790   165 12077   283
  4800   168 12054   322
  4810   171 12049   311
  4820   167 12059   301
  4830   183 12052   302
  4840   156 12025   300
  4850   183 12039   296
  4860   155 12037   309
  4870   177 12027   304
  4880   158 11992   281
  4890   161 12005   285
  4900   161 12002   314
  4910   155 12009   317
  4920   180 11998   296
  4930   171 11972   288
  4940   164 11950   300
  4950   164 11950   295
  4960   153 11949   310
  4970   159 11935   310
  4980   144 11919   297
  4990   160 11943   277
  5000   152 11902   292
  5010   174 11930   316
  5020   178 11916   296
  5030   168 11901   314
  5040   158 11896   319
  5050   174 11883   309
  5060   161 11878   289
  5070   165 11874   291
  5080   148 11855   276
  5090   159 11838   286
  5100   177 11851   296
  5110   164 11837   298
  5120   167 11824   296
  5130   143 11813   296
  5140   151 11822   303
  5150   162 11808   289
  5160   145 11787   301
  5170   172 11795   285
  5180   158 11774   284
  5190   144 11773   288
  5200   176 11758   303
  5210   163 11755   286
  5220   138 11758   287
  5230   156 11760   307
  5240   164 11753   279
  5250   142 11707   286
  5260   137 11715   299
  5270   146 11721   293
  5280   147 11705   286
  5290   174 11734   302
  5300   168 11695   288
  5310   155 11701   304
  5320   175 11731   302
  5330   153 11723   293
  5340   170 11730   286
  5350   161 11721   284
  5360   170 11739   301
  5370   173 11703   282
  5380   145 11683   281
  5390   171 11705   299
  5400   150 11690   323
  5410   171 11706   289
  5420   176 11669   290
  5430   163 11656   298
  5440   158 11672   293
  5450   159 11654   296
  5460   159 11648   271
  5470   158 11628   304
  5480   172 11657   293
  5490   151 11666   294
  5500   145 11672   295
  5510   162 11657   278
  5520   145 11684   268
  5530   184 11714   300
  5540   153 11763   301
  5550   184 11770   294
  5560   172 11823   282
  5570   178 11819   305
  5580   172 11817   282
  5590   157 11834   295
  5600   158 11827   301
  5610   154 11804   282
  5620   162 11819   296
  5630   169 11821   272
  5640   152 11810   272
  5650   143 11806   296
  5660   165 11808   295
  5670   160 11827   296
  5680   149 11803   306
  5690   157 11814   336
  5700   166 11807   294
  5710   166 11796   294
  5720   150 11818   310
  5730   161 11824   300
  5740   166 11803   293
  5750   155 11791   317
  5760   139 11790   301
  5770   167 11816   279
  5780   168 11807   295
  5790   166 11810   298
  5800   166 11803   320
  5810   151 11809   311
  5820   169 11805   288
  5830   169 11819   322
  5840   155 11791   294
  5850   169 11808   306
  5860   161 11801   283
  5870   154 11797   300
  5880   153 11816   296
  5890   157 11806   310
  5900   158 11801   282
  5910   163 11817   311
  5920   149 11827   303
  5930   148 11824   287
  5940   143 11798   276
  5950   161 11815   279
  5960   166 11816   270
  5970   154 11809   284
  5980   178 11827   297
  5990   163 11802   293
  6000   156 11857   306
  6010   153 11829   299
  6020   167 11820   282
  6030   169 11818   305
  6040   163 11835   300
  6050   168 11847   312
  6060   172 11840   302
  6070   163 11817   300
  6080   162 11815   291
  6090   187 11819   315
  6100   143 11821   294
  6110   154 11851   308
  6120   174 11829   314
  6130   164 11816   300
  6140   169 11846   291
  6150   165 11847   289
  6160   151 11853   287
  6170   179 11836   296
  6180   173 11856   299
  6190   173 11837   294
  6200   149 11848   294
  6210   165 11839   278
  6220   159 11844   295
  6230   169 11863   268
  6240   148 11819   300
  6250   163 11840   315
  6260   154 11841   304
  6270   165 11845   303
  6280   161 11846   285
  6290   150 11843   313
  6300   175 11833   292
  6310   150 11859   279
  6320   161 11844   325
  6330   161 11858   297
  6340   153 11828   298
  6350   163 11819   280
  6360   150 11830   291
  6370   139 11834   297
  6380   179 11830   297
  6390   175 11817   286
  6400   155 11830   301
  6410   187 11849   290
  6420   172 11823   305
  6430   166 11840   305
  6440   162 11830   301
  6450   159 11814   306
  6460   165 11814   302
  6470   150 11818   299
  6480   158 11804   321
  6490   165 11818   290
  6500   163 11798   280
  6510   153 11795   306
  6520   163 11781   329
  6530   156 11797   297
  6540   184 11770   276
  6550   176 11757   288
  6560   150 11760   296
  6570   155 11772   284
  6580   161 11743   302
  6590   152 11743   295
  6600   169 11724   299
  6610   169 11731   299
  6620   142 11761   292
  6630   167 11755   291
  6640   175 11746   301
  6650   172 11713   297
  6660   168 11749   309
  6670   147 11713   290
  6680   165 11725   298
  6690   180 11748   285
  6700   158 11714   293
  6710   149 11699   309
  6720   139 11701   296
  6730   140 11710   304
  6740   170 11690   311
  6750   161 11683   315
  6760   162 11668   279
  6770   159 11660   299
  6780   142 11642   326
  6790   165 11648   297
  6800   155 11635   299
  6810   170 11630   304
  6820   159 11632   296
  6830   147 11626   292
  6840   168 11604   294
  6850   159 11632   290
  6860   147 11637   295
  6870   149 11669   307
  6880   153 11695   296
  6890   176 11706   286
  6900   159 11734   265
  6910   173 11782   308
  6920   152 11777   298
  6930   176 11795   309
  6940   155 11796   298
  6950   159 11794   286
  6960   156 11778   306
  6970   152 11801   306
  6980   164 11791   306
  6990   154 11761   270
  7000   179 11769   298
  7010   154 11754   293
  7020   151 11764   295
  7030   160 11751   301
  7040   170 11703   295
  7050   152 11712   293
  7060   165 11701   271
  7070   162 11705   276
  7080   154 11709   298
  7090   175 11719   296
  7100   169 11699   314
  7110   146 11731   305
  7120   173 11740   295
  7130   175 11781   309
  7140   164 11752   303
  7150   140 11763   284
  7160   159 11765   304
  7170   174 11776   305
  7180   160 11757   276
  7190   164 11735   295
  7200   168 11736   279
  7210   169 11710   287
  7220   167 11706   289
  7230   155 11723   294
  7240   150 11712   286
  7250   180 11698   282
  7260   172 11685   281
  7270   176 11687   289
  7280   164 11681   288
  7290   167 11697   309
  7300   166 11692   289
  7310   172 11696   270
  7320   159 11708   300
  7330   152 11715   273
  7340   169 11739   306
  7350   175 11763   301
  7360   149 11798   300
  7370   136 11823   286
  7380   149 11843   298
  7390   177 11828   295
  7400   159 11833   295
  7410   156 11836   287
  7420   153 11831   309
  7430   152 11816   293
  7440   162 11824   299
  7450   152 11841   290
  7460   165 11816   301
  7470   184 11814   312
  7480   178 11811   311
  7490   176 11799   287
  7500   140 11812   287
  7510   157 11812   312
  7520   147 11801   314
  7530   167 11794   298
  7540   162 11794   292
  7550   173 11806   287
  7560   143 11811   296
  7570   172 11799   305
  7580   174 11820   292
  7590   144 11814   294
  7600   155 11803   270
  7610   176 11825   289
  7620   180 11800   307
  7630   153 11793   292
  7640   164 11809   310
  7650   178 11823   268
  7660   158 11835   291
  7670   176 11817   285
  7680   160 11799   281
  7690   158 11787   298
  7700   174 11813   295
  7710   168 11800   277
  7720   153 11803   302
  7730   186 11806   286
  7740   170 11794   297
  7750   159 11811   316
  7760   177 11810   291
  7770   160 11800   295
  7780   171 11839   296
  7790   161 11804   325
  7800   150 11807   322
  7810   163 11822   288
  7820   157 11801   313
  7830   153 11805   307
  7840   153 11824   292
  7850   166 11837   277
  7860   164 11813   300
  7870   151 11832   300
  7880   159 11824   285
  7890   158 11840   288
  7900   156 11841   291
  7910   157 11824   287
  7920   146 11818   301
  7930   155 11811   306
  7940   159 11839   311
  7950   149 11809   302
  7960   168 11823   301
  7970   161 11825   288
  7980   173 11820   297
  7990   150 11824   311
  8000   161 11846   271
  8010   160 11841   291
  8020   151 11824   300
  8030   174 11849   283
  8040   172 11862   305
  8050   149 11848   294
  8060   174 11847   303
  8070   168 11830   278
  8080   184 11852   283
  8090   155 11845   290
  8100   166 11832   290
  8110   153 11824   313
  8120   157 11836   305
  8130   162 11833   288
  8140   174 11824   290
  8150   165 11820   281
  8160   163 11818   304
  8170   137 11813   293
  8180   180 11819   297
  8190   146 11830   304
  8200   169 11813   299
  8210   155 11803   299
  8220   159 11817   277
  8230   169 11808   299
  8240   172 11806   289
  8250   153 11809   313
  8260   190 11787   301
  8270   146 11812   323
  8280   168 11798   290
  8290   166 11807   301
  8300   154 11782   304
  8310   163 11791   303
  8320   153 11750   285
  8330   148 11758   295
  8340   174 11759   302
  8350   157 11760   309
  8360   162 11749   306
  8370   171 11747   290
  8380   161 11722   297
  8390   150 11731   296
  8400   150 11725   280
  8410   166 11717   304
  8420   159 11710   293
  8430   164 11709   277
  8440   154 11713   299
  8450   155 11709   267
  8460   154 11719   286
  8470   163 11750   289
  8480   151 11727   290
  8490   180 11766   281
  8500   177 11751   294
  8510   157 11751   292
  8520   164 11747   306
  8530   159 11721   290
  8540   156 11729   300
  8550   153 11701   289
  8560   152 11723   281
  8570   175 11693   296
  8580   155 11693   282
  8590   165 11709   279
  8600   137 11665   326
  8610   156 11646   310
  8620   150 11658   276
  8630   158 11624   305
  8640   151 11626   285
  8650   145 11637   278
  8660   145 11651   298
  8670   176 11665   274
  8680   172 11687   317
  8690   154 11694   305
  8700   157 11726   305
  8710   154 11747   315
  8720   141 11789   277
  8730   157 11778   315
  8740   158 11804   282
  8750   172 11817   297
  8760   165 11782   304
  8770   148 11797   304
  8780   146 11795   293
  8790   171 11775   307
  8800   162 11761   304
  8810   151 11758   301
  8820   154 11755   298
  8830   145 11753   286
  8840   144 11730   285
  8850   157 11721   312
  8860   160 11729   301
  8870   154 11703   316
  8880   141 11730   325
  8890   153 11740   296
  8900   184 11748   297
  8910   159 11717   318
  8920   153 11764   320
  8930   174 11769   285
  8940   141 11762   291
  8950   139 11797   299
  8960   152 11781   286
  8970   158 11771   290
  8980   157 11764   296
  8990   147 11754   290
  9000   167 11750   295
  9010   156 11727   291
  9020   150 11727   287
  9030   156 11734   303
  9040   156 11723   288
  9050   172 11721   311
  9060   161 11711   294
  9070   175 11693   290
  9080   155 11702   282
  9090   173 11699   293
  9100   148 11711   301
  9110   150 11697   306
  9120   167 11695   286
  9130   164 11689   307
  9140   142 11714   279
  9150   160 11734   309
  9160   165 11805   304
  9170   186 11824   285
  9180   161 11848   280
  9190   176 11840   292
  9200   127 11815   272
  9210   170 11842   292
  9220   180 11820   287
  9230   147 11825   292
  9240   169 11834   283
  9250   149 11812   293
  9260   156 11806   310
  9270   156 11814   306
  9280   174 11806   304
  9290   164 11813   294
  9300   152 11803   269
  9310   155 11789   305
  9320   164 11801   292
  9330   157 11778   313
  9340   162 11784   271
  9350   172 11791   296
  9360   135 11785   310
  9370   144 11795   319
  9380   164 11798   290
  9390   151 11804   274
  9400   163 11812   305
  9410   175 11806   287
  9420   168 11815   281
  9430   161 11805   295
  9440   148 11794   314
  9450   163 11822   297
  9460   165 11785   315
  9470   155 11803   312
  9480   167 11769   304
  9490   162 11790   300
  9500   164 11794   301
  9510   160 11789   305
  9520   168 11783   295
  9530   133 11786   324
  9540   146 11786   303
  9550   162 11797   301
  9560   166 11784   307
  9570   174 11788   321
  9580   161 11803   293
  9590   167 11767   325
  9600   156 11808   305
  9610   150 11815   287
  9620   171 11829   291
  9630   166 11817   297
  9640   160 11808   302
  9650   166 11797   301
  9660   157 11822   307
  9670   152 11812   308
  9680   188 11801   303
  9690   150 11780   302
  9700   161 11811   276
  9710   171 11809   294
  9720   183 11813   288
  9730   176 11809   304
  9740   162 11813   311
  9750   167 11819   285
  9760   174 11809   294
  9770   160 11813   283
  9780   170 11810   299
  9790   170 11812   294
  9800   155 11820   312
  9810   149 11848   297
  9820   166 11805   292
  9830   179 11811   297
  9840   184 11833   292
  9850   176 11812   283
  9860   161 11850   282
  9870   153 11838   305
  9880   166 11829   296
  9890   160 11815   310
  9900   194 11828   285
  9910   169 11822   308
  9920   162 11822   299
  9930   154 11807   310
  9940   180 11799   287
  9950   155 11814   285
  9960   191 11792   307
  9970   182 11807   305
  9980   184 11817   280
  9990   147 11785   302
 10000   171 11795   288
 10010   149 11791   305
 10020   180 11787   285
 10030   160 11779   291
 10040   150 11782   288
 10050   145 11783   296
 10060   176 11783   298
 10070   157 11778   295
 10080   148 11788   297
 10090   159 11785   312
 10100   169 11788   286
 10110   166 11762   271
 10120   168 11749   290
 10130   171 11733   300
 10140   144 11746   267
 10150   168 11724   315
 10160   146 11728   299
 10170   170 11721   299
 10180   172 11724   307
 10190   158 11712   285
 10200   175 11702   288
 10210   167 11699   287
 10220   161 11694   278
 10230   152 11709   295
 10240   175 11714   306
 10250   159 11718   294
 10260   186 11712   297
 10270   164 11734   296
 10280   165 11749   302
 10290   175 11761   306
 10300   171 11793   266
 10310   160 11766   292
 10320   163 11764   287
 10330   151 11769   274
 10340   163 11765   284
 10350   176 11766   295
 10360   169 11730   282
 10370   159 11738   288
 10380   164 11723   314
 10390   151 11698   305
 10400   160 11696   310
 10410   166 11690   316
 10420   183 11688   285
 10430   158 11682   312
 10440   173 11661   290
 10450   151 11648   293
 10460   139 11683   291
 10470   159 11696   278
 10480   158 11674   318
 10490   168 11693   315
 10500   169 11722   280
 10510   182 11738   275
 10520   174 11782   306
 10530   166 11778   298
 10540   139 11793   301
 10550   154 11778   275
 10560   161 11797   291
 10570   155 11805   294
 10580   148 11762   308
 10590   167 11780   278
 10600   167 11790   303
 10610   146 11749   309
 10620   161 11756   293
 10630   146 11745   299
 10640   170 11753   289
 10650   166 11724   305
 10660   161 11717   320
 10670   143 11724   292
 10680   159 11723   302
 10690   148 11723   281
 10700   164 11727   295
 10710   141 11722   301
 10720   148 11733   306
 10730   144 11719   299
 10740   148 11779   283
 10750   170 11791   287
 10760   156 11778   288
 10770   169 11778   305
 10780   175 11760   276
 10790   166 11781   291
 10800   164 11744   300
 10810   159 11758   290
 10820   172 11772   305
 10830   186 11738   295
 10840   168 11742   304
 10850   169 11714   292
 10860   162 11717   289
 10870   162 11701   302
 10880   162 11691   300
 10890   170 11687   304
 10900   177 11686   297
 10910   150 11695   285
 10920   156 11689   296
 10930   137 11703   291
 10940   160 11701   308
 10950   140 11733   285
 10960   159 11752   299
 10970   162 11779   294
 10980   156 11819   290
 10990   166 11806   304
 11000   166 11834   282
 11010   164 11805   282
 11020   153 11817   284
 11030   169 11829   289
 11040   145 11828   303
 11050   161 11840   293
 11060   183 11817   306
 11070   152 11786   311
 11080   172 11810   290
 11090   167 11793   301
 11100   151 11802   275
 11110   165 11786   303
 11120   161 11783   301
 11130   156 11809   299
 11140   172 11799   302
 11150   162 11785   309
 11160   172 11797   281
 11170   179 11791   278
 11180   148 11794   286
 11190   169 11779   290
 11200   148 11790   289
 11210   169 11804   270
 11220   174 11798   287
 11230   151 11794   300
 11240   153 11776   279
 11250   157 11785   310
 11260   146 11780   315
 11270   162 11774   324
 11280   155 11782   274
 11290   156 11763   286
 11300   151 11771   306
 11310   164 11768   279
 11320   164 11774   283
 11330   152 11781   282
 11340   127 11777   290
 11350   156 11787   310
 11360   158 11787   309
 11370   163 11786   282
 11380   153 11792   310
 11390   157 11794   296
 11400   172 11789   276
 11410   161 11800   311
 11420   142 11807   315
 11430   171 11801   312
 11440   153 11803   312
 11450   164 11805   296
 11460   155 11807   286
 11470   158 11777   290
 11480   166 11792   298
 11490   146 11791   309
 11500   167 11805   279
 11510   172 11776   297
 11520   148 11794   301
 11530   170 11788   305
 11540   167 11783   293
 11550   166 11816   281
 11560   165 11783   278
 11570   169 11789   293
 11580   169 11792   298
 11590   165 11817   318
 11600   148 11799   289
 11610   163 11795   307
 11620   147 11809   293
 11630   153 11793   298
 11640   161 11823   308
 11650   161 11823   284
 11660   164 11821   296
 11670   175 11787   304
 11680   155 11772   292
 11690   166 11795   300
 11700   163 11785   313
 11710   155 11798   293
 11720   143 11805   297
 11730   167 11786   306
 11740   165 11772   294
 11750   161 11799   297
 11760   158 11786   292
 11770   157 11775   304
 11780   148 11774   285
 11790   163 11761   272
 11800   140 11759   269
 11810   159 11749   302
 11820   151 11759   292
 11830   182 11757   274
 11840   172 11748   295
 11850   181 11737   298
 11860   172 11753   289
 11870   169 11755   298
 11880   172 11755   309
 11890   176 11755   292
 11900   149 11722   308
 11910   163 11727   307
 11920   166 11732   295
 11930   162 11711   299
 11940   182 11713   290
 11950   151 11703   277
 11960   170 11717   275
 11970   145 11712   280
 11980   162 11693   282
 11990   173 11697   294
 12000   159 11672   286
 12010   151 11678   284
 12020   153 11656   286
 12030   147 11662   298
 12040   157 11667   298
 12050   167 11677   307
 12060   148 11676   295
 12070   167 11664   294
 12080   151 11700   286
 12090   175 11723   300
 12100   157 11716   283
 12110   160 11728   276
 12120   167 11723   310
 12130   178 11731   295
 12140   157 11723   303
 12150   168 11719   286
 12160   168 11706   306
 12170   172 11701   295
 12180   170 11681   295
 12190   137 11662   295
 12200   151 11672   292
 12210   161 11675   291
 12220   155 11651   299
 12230   166 11651   296
 12240   166 11649   286
 12250   156 11640   293
 12260   138 11627   279
 12270   151 11626   300
 12280   148 11622   300
 12290   178 11640   295
 12300   152 11652   271
 12310   177 11643   293
 12320   158 11669   274
 12330   159 11696   302
 12340   150 11695   297
 12350   166 11717   282
 12360   168 11702   289
 12370   168 11710   319
 12380   163 11728   293
 12390   150 11719   284
 12400   161 11712   287
 12410   180 11702   294
 12420   168 11708   305
 12430   163 11697   284
 12440   173 11678   287
 12450   157 11689   293
 12460   171 11671   306
 12470   158 11692   297
 12480   174 11648   294
 12490   146 11659   297
 12500   155 11662   280
 12510   170 11654   275
 12520   168 11644   309
 12530   167 11647   300
 12540   160 11670   299
 12550   172 11686   295
 12560   186 11703   297
 12570   129 11698   290
 12580   151 11709   295
 12590   163 11698   300
 12600   166 11688   286
 12610   157 11685   293
 12620   170 11678   273
 12630   130 11674   283
 12640   150 11646   310
 12650   172 11653   297
 12660   138 11626   322
 12670   147 11644   269
 12680   156 11644   278
 12690   160 11629   281
 12700   164 11617   269
 12710   150 11617   285
 12720   157 11618   290
 12730   146 11625   283
 12740   152 11621   289
 12750   155 11626   286
 12760   158 11623   292
 12770   172 11631   275
 12780   169 11619   291
 12790   173 11634   303
 12800   171 11679   264
 12810   163 11641   299
 12820   148 11664   299
 12830   145 11647   315
 12840   163 11652   286
 12850   178 11633   282
 12860   162 11641   310
 12870   170 11617   311
 12880   156 11617   271
 12890   155 11620   269
 12900   166 11618   325
 12910   144 11620   293
 12920   171 11612   284
 12930   168 11605   287
 12940   168 11613   295
 12950   140 11619   294
 12960   165 11609   311
 12970   159 11605   281
 12980   171 11602   299
 12990   161 11602   289
 13000   170 11619   278
 13010   169 11612   267
 13020   159 11648   279
 13030   151 11617   286
 13040   147 11634   295
 13050   181 11630   305
 13060   161 11623   291
 13070   158 11615   282
 13080   157 11630   274
 13090   146 11614   293
 13100   163 11630   313
 13110   175 11623   297
 13120   138 11618   282
 13130   154 11625   301
 13140   157 11617   299
 13150   161 11614   317
 13160   173 11614   308
 13170   150 11587   291
 13180   147 11622   291
 13190   158 11628   296
 13200   161 11626   291
 13210   172 11611   295
 13220   151 11620   304
 13230   165 11621   309
 13240   159 11624   276
 13250   177 11625   297
 13260   137 11596   298
 13270   165 11632   297
 13280   168 11626   281
 13290   182 11617   300
 13300   158 11617   288
 13310   138 11596   289
 13320   167 11607   286
 13330   158 11604   314
 13340   158 11615   274
 13350   146 11621   292
 13360   147 11619   298
 13370   161 11603   289
 13380   174 11612   269
 13390   167 11601   289
 13400   153 11585   282
 13410   150 11584   293
 13420   172 11596   288
 13430   165 11595   277
 13440   158 11602   294
 13450   157 11606   303
 13460   161 11583   299
 13470   155 11588   295
 13480   159 11581   283
 13490   176 11594   300
 13500   166 11595   281
 13510   165 11589   288
 13520   145 11571   306
 13530   139 11573   283
 13540   151 11579   272
 13550   144 11565   282
 13560   168 11576   302
 13570   145 11571   285
 13580   153 11568   302
 13590   153 11566   294
 13600   156 11541   289
 13610   176 11568   281
 13620   155 11558   296
 13630   150 11552   307
 13640   149 11535   304
 13650   149 11571   300
 13660   171 11563   304
 13670   142 11539   280
 13680   141 11548   312
 13690   151 11538   290
 13700   156 11540   287
 13710   151 11524   298
 13720   172 11527   276
 13730   139 11526   295
 13740   159 11517   283
 13750   150 11516   277
 13760   145 11512   275
 13770   155 11497   281
 13780   170 11505   289
 13790   161 11490   297
 13800   147 11492   295
 13810   158 11481   270
 13820   166 11490   281
 13830   145 11469   291
 13840   154 11466   275
 13850   164 11469   280
 13860   153 11471   302
 13870   146 11461   263
 13880   171 11453   310
 13890   163 11459   283
 13900   164 11450   289
 13910   155 11460   289
 13920   147 11464   293
 13930   154 11457   295
 13940   144 11447   291
 13950   177 11434   290
 13960   153 11440   279
 13970   174 11447   276
 13980   157 11429   294
 13990   149 11442   278
 14000   147 11438   299
 14010   171 11431   272
 14020   160 11439   279
 14030   168 11442   266
 14040   148 11414   306
 14050   143 11427   279
 14060   169 11441   294
 14070   166 11410   286
 14080   153 11429   287
 14090   142 11420   271
 14100   149 11414   283
 14110   157 11416   269
 14120   159 11415   283
 14130   132 11410   265
 14140   154 11455   310
 14150   154 11412   312
 14160   155 11451   288
 14170   134 11440   285
 14180   150 11437   276
 14190   149 11446   283
 14200   151 11424   312
 14210   147 11462   303
 14220   149 11463   299
 14230   154 11450   291
 14240   152 11463   280
 14250   169 11466   278
 14260   173 11445   289
 14270   174 11471   267
 14280   157 11472   282
 14290   151 11478   298
 14300   164 11476   294
 14310   148 11493   299
 14320   171 11507   288
 14330   163 11496   305
 14340   156 11504   279
 14350   157 11496   287
 14360   131 11488   300
 14370   155 11533   280
 14380   138 11532   285
 14390   178 11553   302
 14400   166 11556   287
 14410   157 11567   291
 14420   158 11573   289
 14430   172 11584   281
 14440   163 11584   306
 14450   173 11581   300
 14460   142 11583   310
 14470   163 11569   313
 14480   155 11577   301
 14490   154 11577   307
 14500   147 11606   299
 14510   138 11613   299
 14520   175 11611   284
 14530   161 11613   269
 14540   157 11641   300
 14550   150 11638   298
 14560   161 11652   310
 14570   166 11649   301
 14580   150 11651   292
 14590   167 11674   287
 14600   150 11658   302
 14610   148 11701   297
 14620   136 11712   273
 14630   148 11698   301
 14640   181 11714   301
 14650   153 11721   297
 14660   141 11731   288
 14670   176 11746   298
 14680   155 11751   301
 14690   173 11761   282
 14700   166 11764   273
 14710   165 11744   323
 14720   158 11760   319
 14730   168 11767   305
 14740   169 11780   279
 14750   178 11796   287
 14760   165 11783   300
 14770   168 11793   276
 14780   156 11799   318
 14790   156 11800   296
 14800   172 11803   299
 14810   148 11813   314
 14820   169 11830   329
 14830   190 11854   300
 14840   174 11855   297
 14850   165 11849   294
 14860   149 11879   302
 14870   160 11885   311
 14880   167 11860   293
 14890   167 11870   279
 14900   155 11895   299
 14910   168 11877   303
 14920   161 11886   284
 14930   169 11919   309
 14940   135 11881   302
 14950   159 11880   299
 14960   165 11889   306
 14970   167 11901   286
 14980   171 11920   306
 14990   170 11911   291
 15000   163 11900   324
 15010   164 11915   316
 15020   160 11915   283
 15030   146 11933   313
 15040   175 11924   310
 15050   156 11965   290
 15060   153 11926   312
 15070   158 11951   285
 15080   171 11962   296
 15090   161 11958   301
 15100   175 11962   285
 15110   162 11967   313
 15120   183 11989   280
 15130   163 11973   305
 15140   169 11962   302
 15150   171 11953   295
 15160   169 11964   282
 15170   159 11930   297
 15180   172 11926   289
 15190   153 11954   309
 15200   156 11976   291
 15210   178 11963   284
 15220   148 11954   307
 15230   159 11984   300
 15240   197 11968   288
 15250   144 11966   284
 15260   170 11964   284
 15270   175 11975   286
 15280   185 11973   302
 15290   166 11971   280
 15300   161 11961   297
 15310   187 11966   308
 15320   186 11943   275
 15330   164 11955   282
 15340   167 11975   294
 15350   166 11980   308
 15360   155 11966   322
 15370   155 11983   316
 15380   177 11956   315
 15390   171 11934   304
 15400   176 11956   308
 15410   179 11936   292
 15420   183 11934   288
 15430   168 11947   308
 15440   168 11913   313
 15450   146 11937   307
 15460   158 11917   306
 15470   176 11925   285
 15480   171 11904   277
 15490   169 11926   292
 15500   187 11921   289
 15510   165 11912   283
 15520   148 11894   303
 15530   166 11915   305
 15540   170 11898   304
 15550   166 11893   306
 15560   169 11874   266
 15570   160 11885   296
 15580   164 11903   280
 15590   170 11880   292
 15600   162 11864   314
 15610   154 11866   293
 15620   168 11863   279
 15630   166 11835   288
 15640   144 11846   300
 15650   163 11825   296
 15660   160 11819   304
 15670   165 11803   289
 15680   172 11792   309
 15690   148 11816   288
 15700   160 11806   285
 15710   186 11794   275
 15720   160 11782   297
 15730   165 11759   273
 15740   172 11781   283
 15750   163 11763   289
 15760   158 11769   297
 15770   172 11749   288
 15780   172 11722   288
 15790   165 11733   287
 15800   155 11730   293
 15810   136 11717   299
 15820   172 11720   295
 15830   163 11713   284
 15840   172 11688   309
 15850   160 11677   295
 15860   169 11690   304
 15870   155 11663   292
 15880   167 11665   304
 15890   176 11648   296
 15900   147 11643   282
 15910   162 11655   277
 15920   169 11633   272
 15930   157 11596   301
 15940   145 11605   301
 15950   155 11595   283
 15960   162 11592   298
 15970   152 11602   308
 15980   156 11606   282
 15990   146 11598   270
 16000   157 11573   305
 16010   149 11555   308
 16020   139 11571   297
 16030   151 11574   293
 16040   152 11542   283
 16050   136 11577   294
 16060   159 11549   275
 16070   137 11539   282
 16080   154 11555   297
 16090   139 11542   309
 16100   177 11551   287
 16110   164 11544   273
 16120   158 11544   283
 16130   165 11526   306
 16140   164 11532   292
 16150   133 11526   289
 16160   179 11521   283
 16170   159 11517   271
 16180   155 11522   298
 16190   162 11540   288
 16200   161 11555   308
 16210   170 11537   280
 16220   152 11552   295
 16230   156 11560   272
 16240   170 11541   296
 16250   153 11542   291
 16260   147 11548   283
 16270   159 11555   305
 16280   169 11548   284
 16290   168 11567   289
 16300   162 11565   292
 16310   149 11566   283
 16320   157 11575   285
 16330   164 11565   289
 16340   166 11581   283
 16350   149 11583   266
 16360   164 11543   277
 16370   157 11578   262
 16380   170 11607   307
 16390   160 11613   296
 16400   160 11596   291
 16410   162 11612   301
 16420   160 11616   292
 16430   161 11649   291
 16440   177 11630   287
 16450   161 11644   312
 16460   158 11631   299
 16470   161 11655   281
 16480   158 11673   306
 16490   173 11669   272
 16500   160 11690   284
 16510   182 11709   289
 16520   169 11677   293
 16530   175 11692   288
 16540   171 11702   287
 16550   169 11716   305
 16560   170 11739   305
 16570   166 11738   335
 16580   137 11746   281
 16590   171 11751   288
 16600   164 11748   293
 16610   159 11746   316
 16620   171 11776   300
 16630   172 11774   299
 16640   180 11790   294
 16650   177 11777   288
 16660   191 11806   304
 16670   173 11839   315
 16680   161 11826   291
 16690   166 11811   303
 16700   154 11855   274
 16710   154 11847   288
 16720   155 11856   286
 16730   167 11850   313
 16740   175 11865   314
 16750   195 11861   302
 16760   192 11876   300
 16770   176 11860   297
 16780   167 11908   307
 16790   170 11899   259
 16800   145 11874   292
 16810   126 11889   304
 16820   141 11890   306
 16830   166 11880   289
 16840   174 11894   307
 16850   185 11936   308
 16860   189 11923   318
 16870   161 11934   286
 16880   150 11921   280
 16890   168 11933   272
 16900   161 11918   265
 16910   151 11921   298
 16920   174 11931   300
 16930   180 11938   311
 16940   175 11929   303
 16950   177 11924   286
 16960   172 11928   281
 16970   166 11949   311
 16980   161 11939   284
 16990   143 11918   298
 17000   163 11940   320
 17010   185 11930   299
 17020   166 11959   291
 17030   169 11936   303
 17040   175 11939   297
 17050   168 11946   296
 17060   150 11931   276
 17070   158 11929   274
 17080   166 11937   285
 17090   171 11959   295
 17100   184 11924   289
 17110   176 11928   308
 17120   169 11929   315
 17130   159 11941   333
 17140   158 11956   288
 17150   172 11950   296
 17160   157 11943   286
 17170   168 11927   291
 17180   166 11943   274
 17190   158 11937   287
 17200   172 11932   295
 17210   154 11905   293
 17220   173 11919   293
 17230   168 11924   300
 17240   165 11914   285
 17250   160 11934   307
 17260   180 11912   276
 17270   182 11914   293
 17280   164 11914   292
 17290   159 11931   289
 17300   143 11905   294
 17310   158 11891   279
 17320   168 11899   300
 17330   162 11870   313
 17340   171 11897   303
 17350   156 11881   286
 17360   171 11865   299
 17370   158 11858   283
 17380   160 11864   292
 17390   153 11856   287
 17400   148 11844   287
 17410   165 11860   290
 17420   156 11835   297
 17430   160 11833   281
 17440   138 11845   305
 17450   157 11804   277
 17460   159 11796   322
 17470   165 11797   296
 17480   172 11820   282
 17490   153 11786   300
 17500   156 11799   305
 17510   157 11778   300
 17520   162 11781   303
 17530   140 11768   296
 17540   164 11768   276
 17550   155 11762   289
 17560   173 11745   281
 17570   158 11736   290
 17580   171 11738   268
 17590   168 11730   292
 17600   170 11743   291
 17610   165 11735   313
 17620   192 11717   333
 17630   160 11711   311
 17640   181 11706   263
 17650   186 11690   287
 17660   149 11675   290
 17670   152 11671   303
 17680   158 11669   291
 17690   153 11655   307
 17700   149 11624   286
 17710   146 11653   299
 17720   146 11630   295
 17730   130 11637   311
 17740   163 11626   293
 17750   160 11615   291
 17760   153 11594   293
 17770   164 11599   292
 17780   160 11593   276
 17790   162 11607   296
 17800   154 11593   311
 17810   154 11592   300
 17820   180 11600   300
 17830   168 11591   295
 17840   161 11567   272
 17850   151 11560   310
 17860   145 11579   283
 17870   158 11580   295
 17880   162 11551   280
 17890   155 11559   297
 17900   167 11569   284
 17910   163 11554   281
 17920   141 11551   296
 17930   160 11546   293
 17940   162 11543   274
 17950   170 11557   285
 17960   164 11534   282
 17970   151 11531   279
 17980   139 11555   301
 17990   151 11542   293
 18000   167 11540   287
 18010   155 11554   307
 18020   141 11540   288
 18030   172 11567   294
 18040   163 11592   284
 18050   159 11570   314
 18060   159 11574   283
 18070   167 11582   274
 18080   145 11572   292
 18090   165 11560   273
 18100   170 11556   309
 18110   168 11576   317
 18120   168 11596   304
 18130   159 11583   276
 18140   138 11566   286
 18150   156 11580   305
 18160   150 11608   286
 18170   175 11612   301
 18180   155 11604   311
 18190   174 11615   286
 18200   147 11625   311
 18210   157 11634   304
 18220   151 11654   292
 18230   167 11649   275
 18240   153 11668   288
 18250   156 11682   296
 18260   182 11683   292
 18270   159 11711   306
 18280   147 11703   295
 18290   175 11697   298
 18300   150 11677   296
 18310   148 11698   307
 18320   159 11694   299
 18330   165 11691   296
 18340   178 11741   298
 18350   192 11718   294
 18360   167 11737   292
 18370   150 11749   308
 18380   149 11756   285
 18390   144 11755   277
 18400   162 11758   308
 18410   168 11787   305
 18420   181 11764   293
 18430   187 11794   307
 18440   184 11800   299
 18450   152 11819   304
 18460   150 11827   276
 18470   148 11830   276
 18480   133 11829   300
 18490   169 11854   294
 18500   170 11862   309
 18510   167 11861   290
 18520   192 11871   292
 18530   172 11873   301
 18540   160 11875   289
 18550   180 11881   286
 18560   145 11860   301
 18570   140 11879   310
 18580   156 11875   284
 18590   178 11897   301
 18600   157 11900   285
 18610   157 11899   305
 18620   168 11921   311
 18630   159 11935   298
 18640   162 11925   281
 18650   151 11891   301
 18660   150 11893   333
 18670   171 11909   312
 18680   145 11910   288
 18690   173 11923   298
 18700   173 11962   309
 18710   167 11951   299
 18720   158 11937   305
 18730   160 11939   298
 18740   166 11960   286
 18750   177 11948   307
 18760   166 11942   292
 18770   158 11942   292
 18780   155 11941   278
 18790   170 11950   284
 18800   152 11971   303
 18810   179 11984   299
 18820   171 11975   268
 18830   173 11969   295
 18840   162 11969   299
 18850   170 11974   285
 18860   164 11968   325
 18870   155 11959   313
 18880   177 11951   294
 18890   161 11965   308
 18900   144 11972   285
 18910   175 11962   296
 18920   165 11974   318
 18930   165 11959   288
 18940   172 11950   290
 18950   165 11953   277
 18960   165 11963   308
 18970   170 11946   305
 18980   180 11966   320
 18990   164 11963   297
 19000   146 11954   295
 19010   184 11961   290
 19020   175 11949   299
 19030   147 11935   285
 19040   140 11927   299
 19050   168 11926   286
 19060   171 11946   258
 19070   178 11931   287
 19080   150 11913   308
 19090   173 11910   308
 19100   161 11918   299
 19110   163 11927   296
 19120   155 11916   318
 19130   164 11917   291
 19140   158 11907   292
 19150   164 11885   321
 19160   163 11885   291
 19170   181 11881   289
 19180   173 11868   290
 19190   180 11869   300
 19200   160 11840   309
 19210   149 11853   288
 19220   147 11868   298
 19230   166 11830   306
 19240   156 11818   288
 19250   162 11839   290
 19260   168 11822   292
 19270   166 11814   281
 19280   170 11796   302
 19290   152 11797   314
 19300   158 11809   291
 19310   167 11801   305
 19320   154 11783   309
 19330   147 11780   295
 19340   183 11787   282
 19350   176 11773   277
 19360   152 11758   298
 19370   157 11779   290
 19380   163 11743   295
 19390   164 11738   293
 19400   180 11709   311
 19410   157 11720   294
 19420   158 11684   294
 19430   150 11708   308
 19440   165 11677   274
 19450   176 11685   292
 19460   167 11665   307
 19470   172 11673   303
 19480   181 11665   278
 19490   173 11678   277
 19500   186 11663   276
 19510   155 11636   282
 19520   143 11629   280
 19530   152 11621   281
 19540   153 11632   302
 19550   167 11608   309
 19560   158 11587   287
 19570   167 11599   296
 19580   140 11593   281
 19590   154 11591   287
 19600   158 11587   287
 19610   145 11582   266
 19620   147 11587   307
 19630   151 11576   287
 19640   181 11587   307
 19650   177 11548   290
 19660   160 11550   293
 19670   151 11566   300
 19680   143 11563   300
 19690   148 11553   257
 19700   167 11558   290
 19710   172 11528   285
 19720   173 11542   289
 19730   148 11560   282
 19740   142 11542   300
 19750   149 11528   299
 19760   151 11546   283
 19770   155 11530   301
 19780   155 11543   282
 19790   163 11553   300
 19800   162 11564   287
 19810   180 11554   295
 19820   175 11553   291
 19830   150 11564   283
 19840   133 11554   311
 19850   156 11556   287
 19860   159 11551   291
 19870   168 11545   278
 19880   160 11546   286
 19890   163 11551   280
 19900   182 11557   315
 19910   164 11575   283
 19920   165 11555   293
 19930   165 11577   301
 19940   168 11579   300
 19950   142 11598   307
 19960   154 11587   275
 19970   158 11581   290
 19980   147 11594   297
 19990   158 11604   266
 20000   178 11600   288
 20010   197 11608   297
 20020   164 11638   293
 20030   166 11640   283
 20040   164 11635   297
 20050   159 11653   290
 20060   167 11669   289
 20070   169 11667   288
 20080   169 11697   268
 20090   193 11692   287
 20100   159 11678   272
 20110   169 11693   286
 20120   155 11720   266
 20130   170 11707   305
 20140   156 11703   302
 20150   163 11732   309
 20160   164 11724   302
 20170   142 11719   273
 20180   136 11733   291
 20190   151 11751   265
 20200   150 11748   310
 20210   165 11773   290
 20220   172 11761   304
 20230   150 11775   294
 20240   172 11786   291
 20250   154 11795   301
 20260   165 11797   313
 20270   166 11815   304
 20280   173 11824   298
 20290   166 11843   276
 20300   140 11840   288
 20310   173 11851   283
 20320   170 11861   304
 20330   151 11878   280
 20340   171 11851   309
 20350   164 11865   308
 20360   204 11881   298
 20370   170 11872   289
 20380   165 11854   297
 20390   159 11890   288
 20400   162 11898   284
 20410   164 11868   287
 20420   156 11883   284
 20430   174 11898   307
 20440   163 11888   298
 20450   168 11895   290
 20460   148 11896   298
 20470   180 11917   279
 20480   166 11922   297
 20490   153 11918   293
 20500   159 11930   276
 20510   196 11939   294
 20520   168 11936   306
 20530   154 11930   302
 20540   191 11941   267
 20550   168 11926   277
 20560   184 11934   302
 20570   167 11965   281
 20580   167 11952   311
 20590   172 11959   282
 20600   169 11959   296
 20610   166 11951   305
 20620   175 11946   283
 20630   144 11956   289
 20640   160 11965   284
 20650   160 11955   297
 20660   155 11942   289
 20670   165 11961   285
 20680   171 11949   295
 20690   157 11936   320
 20700   161 11974   307
 20710   159 11946   310
 20720   170 11961   292
 20730   170 11960   301
 20740   173 11957   292
 20750   161 11962   305
 20760   171 11966   308
 20770   175 11977   277
 20780   183 11963   287
 20790   167 11938   282
 20800   165 11948   312
 20810   172 11950   308
 20820   165 11940   283
 20830   155 11949   285
 20840   173 11920   285
 20850   168 11937   302
 20860   154 11915   304
 20870   173 11932   308
 20880   167 11912   303
 20890   144 11927   283
 20900   162 11926   301
 20910   160 11924   291
 20920   179 11912   284
 20930   174 11909   311
 20940   161 11888   292
 20950   187 11887   305
 20960   181 11881   281
 20970   173 11901   288
 20980   178 11887   297
 20990   170 11880   306
 21000   157 11858   285
 21010   147 11869   305
 21020   160 11867   297
 21030   163 11858   298
 21040   161 11853   305
 21050   174 11827   299
 21060   154 11835   306
 21070   174 11827   310
 21080   170 11828   290
 21090   167 11822   296
 21100   135 11797   276
 21110   164 11807   288
 21120   165 11793   287
 21130   171 11761   290
 21140   168 11790   284
 21150   150 11795   317
 21160   180 11775   292
 21170   161 11759   303
 21180   168 11767   302
 21190   175 11751   308
 21200   142 11774   314
 21210   164 11753   272
 21220   165 11734   296
 21230   173 11719   303
 21240   164 11712   300
 21250   160 11728   293
 21260   166 11719   316
 21270   173 11703   294
 21280   168 11691   309
 21290   166 11679   313
 21300   159 11664   315
 21310   164 11659   306
 21320   159 11663   293
 21330   154 11669   280
 21340   149 11662   308
 21350   164 11648   303
 21360   154 11651   288
 21370   162 11637   282
 21380   178 11635   284
 21390   164 11635   310
 21400   158 11657   293
 21410   165 11631   287
 21420   189 11625   290
 21430   182 11618   274
 21440   167 11597   286
 21450   148 11594   287
 21460   162 11619   298
 21470   151 11593   279
 21480   147 11598   294
 21490   152 11588   280
 21500   151 11572   294
 21510   176 11580   287
 21520   165 11574   290
 21530   157 11587   293
 21540   152 11556   296
 21550   140 11556   305
 21560   150 11554   289
 21570   146 11574   276
 21580   158 11587   298
 21590   155 11589   283
 21600   174 11564   301
 21610   163 11562   299
 21620   144 11587   309
 21630   141 11581   297
 21640   137 11566   305
 21650   154 11583   314
 21660   152 11577   292
 21670   154 11603   316
 21680   147 11589   289
 21690   156 11578   285
 21700   144 11594   294
 21710   166 11587   303
 21720   149 11591   317
 21730   170 11584   299
 21740   149 11598   301
 21750   148 11609   287
 21760   176 11622   299
 21770   153 11605   271
 21780   156 11614   276
 21790   152 11635   298
 21800   167 11600   291
 21810   164 11638   302
 21820   177 11652   278
 21830   157 11639   300
 21840   182 11661   296
 21850   167 11670   290
 21860   162 11678   272
 21870   179 11662   300
 21880   153 11689   285
 21890   164 11720   316
 21900   155 11702   313
 21910   163 11698   296
 21920   169 11696   286
 21930   169 11715   305
 21940   167 11714   304
 21950   164 11706   290
 21960   163 11726   287
 21970   154 11756   296
 21980   150 11743   299
 21990   151 11780   293
 22000   161 11787   271
 22010   167 11772   298
 22020   176 11782   315
 22030   172 11784   316
 22040   167 11787   310
 22050   178 11814   299
 22060   162 11821   312
 22070   144 11826   299
 22080   177 11844   301
 22090   166 11831   269
 22100   174 11839   290
 22110   146 11879   304
 22120   155 11868   333
 22130   179 11887   301
 22140   150 11861   297
 22150   164 11854   294
 22160   167 11848   310
 22170   171 11875   305
 22180   171 11878   307
 22190   166 11886   272
 22200   148 11893   280
 22210   150 11907   277
 22220   169 11889   312
 22230   171 11900   284
 22240   157 11896   292
 22250   164 11906   298
 22260   154 11926   303
 22270   167 11913   286
 22280   156 11921   295
 22290   146 11921   288
 22300   181 11930   286
 22310   148 11932   315
 22320   169 11930   307
 22330   176 11941   317
 22340   169 11926   289
 22350   153 11934   312
 22360   158 11948   295
 22370   159 11945   301
 22380   165 11921   280
 22390   163 11944   311
 22400   157 11955   289
 22410   169 11944   286
 22420   154 11941   294
 22430   183 11957   304
 22440   153 11932   301
 22450   171 11947   297
 22460   154 11968   297
 22470   180 11945   316
 22480   168 11943   314
 22490   168 11960   309
 22500   169 11970   293
 22510   167 11952   305
 22520   142 11948   316
 22530   158 11957   323
 22540   175 11962   291
 22550   176 11940   284
 22560   155 11918   301
 22570   149 11922   296
 22580   139 11933   299
 22590   172 11936   282
 22600   176 11937   298
 22610   180 11907   297
 22620   150 11927   297
 22630   163 11904   280
 22640   155 11912   296
 22650   170 11911   294
 22660   149 11929   318
 22670   183 11928   268
 22680   158 11910   296
 22690   154 11922   306
 22700   164 11902   285
 22710   176 11886   324
 22720   161 11901   311
 22730   145 11879   300
 22740   168 11889   292
 22750   155 11875   307
 22760   147 11884   301
 22770   164 11862   286
 22780   143 11840   286
 22790   157 11845   311
 22800   171 11840   273
 22810   137 11828   292
 22820   166 11822   311
 22830   167 11826   296
 22840   142 11820   302
 22850   156 11819   301
 22860   144 11815   297
 22870   146 11803   289
 22880   157 11784   265
 22890   181 11789   288
 22900   149 11773   278
 22910   165 11759   298
 22920   150 11762   301
 22930   162 11765   305
 22940   142 11763   309
 22950   169 11756   297
 22960   168 11742   310
 22970   164 11745   294
 22980   169 11728   297
 22990   167 11717   277
 23000   150 11714   279
 23010   134 11712   307
 23020   170 11700   304
 23030   132 11693   295
 23040   159 11697   289
 23050   145 11688   287
 23060   169 11684   287
 23070   159 11644   296
 23080   164 11640   294
 23090   176 11659   294
 23100   169 11645   299
 23110   156 11637   305
 23120   157 11625   289
 23130   143 11599   291
 23140   155 11626   283
 23150   142 11626   289
 23160   150 11625   285
 23170   141 11608   288
 23180   161 11605   296
 23190   155 11591   303
 23200   161 11599   310
 23210   135 11580   317
 23220   176 11588   295
 23230   138 11589   304
 23240   164 11591   304
 23250   158 11605   296
 23260   144 11579   286
 23270   157 11578   292
 23280   161 11552   286
 23290   188 11572   273
 23300   175 11556   297
 23310   140 11554   297
 23320   157 11545   293
 23330   150 11536   292
 23340   168 11570   318
 23350   171 11565   299
 23360   171 11559   284
 23370   151 11541   287
 23380   157 11550   320
 23390   168 11547   280
 23400   161 11567   292
 23410   154 11558   295
 23420   170 11536   306
 23430   178 11571   301
 23440   165 11580   295
 23450   169 11570   321
 23460   155 11575   315
 23470   162 11587   302
 23480   163 11564   278
 23490   152 11576   269
 23500   163 11589   279
 23510   164 11594   280
 23520   171 11597   298
 23530   171 11594   305
 23540   166 11608   269
 23550   139 11607   288
 23560   152 11622   277
 23570   149 11596   274
 23580   171 11622   279
 23590   149 11629   282
 23600   160 11618   302
 23610   161 11640   297
 23620   161 11638   313
 23630   155 11657   289
 23640   163 11648   307
 23650   166 11673   289
 23660   157 11689   277
 23670   159 11706   303
 23680   165 11708   289
 23690   175 11705   300
 23700   135 11712   283
 23710   178 11724   268
 23720   147 11736   301
 23730   144 11741   289
 23740   154 11733   293
 23750   143 11758   285
 23760   160 11754   298
 23770   162 11774   289
 23780   157 11763   299
 23790   168 11777   314
 23800   160 11774   282
 23810   171 11797   306
 23820   174 11768   305
 23830   165 11792   306
 23840   180 11820   326
 23850   170 11819   289
 23860   173 11828   265
 23870   167 11837   291
 23880   137 11860   290
 23890   165 11850   299
 23900   162 11874   298
 23910   148 11860   292
 23920   168 11874   283
 23930   158 11863   300
 23940   179 11888   319
 23950   181 11864   322
 23960   175 11851   290
 23970   160 11875   295
 23980   178 11877   291
 23990   177 11892   298
 24000   178 11881   290
 24010   165 11907   303
 24020   166 11906   335
 24030   167 11913   304
 24040   166 11901   290
 24050   179 11900   286
 24060   160 11913   289
 24070   167 11927   306
 24080   177 11908   311
 24090   162 11928   320
 24100   185 11954   332
 24110   175 11946   305
 24120   193 11940   310
 24130   169 11943   333
 24140   174 11949   306
 24150   152 11960   306
 24160   150 11966   282
 24170   161 11942   280
 24180   169 11951   304
 24190   179 11944   330
 24200   172 11961   377
 24210   180 11961   380
 24220   194 11944   338
 24230   215 11932   277
 24240   217 11937   197
 24250   188 11927   210
 24260    62 11945   300
 24270    52 11957   287
 24280   128 11949   327
 24290   195 11948   367
 24300   249 11928   371
 24310   228 11934   357
 24320   178 11950   284
 24330   166 11943   225
 24340   171 11925   223
 24350   159 11946   297
 24360   140 11927   316
 24370   138 11937   349
 24380   135 11957   372
 24390   116 11938   377
 24400   148 11923   301
 24410   143 11901   259
 24420   163 11924   221
 24430   256 11916   276
 24440   322 11911   418
 24450   150 11922   326
 24460    55 11898   200
 24470    39 11894   222
 24480    34 11910   301
 24490   106 11895   313
 24500   136 11903   315
 24510   193 11897   322
 24520   218 11871   340
 24530   308 11868   334
 24540   307 11855   242
 24550   163 11856   297
 24560    -8 11844   266
 24570   -85 11864   251
 24580    -3 11856   286
 24590   170 11823   303
 24600   365 11819   300
 24610   351 11849   335
 24620   275 11836   322
 24630   145 11791   299
 24640    64 11785   287
 24650    41 11780   245
 24660    31 11786   249
 24670   109 11792   269
 24680   207 11783   341
 24690   304 11768   326
 24700   305 11764   331
 24710   231 11771   332
 24720    99 11743   268
 24730    44 11743   243
 24740    35 11757   264
 24750    93 11740   351
 24760   204 11733   329
 24770   244 11748   308
 24780   243 11717   287
 24790   216 11708   267
 24800   175 11709   276
 24810   101 11691   257
 24820    76 11690   282
 24830    90 11725   293
 24840   129 11691   320
 24850   179 11673   328
 24860   225 11668   284
 24870   217 11678   284
 24880   199 11663   298
 24890   150 11623   257
 24900   123 11659   284
 24910   118 11660   312
 24920   157 11617   297
 24930   166 11612   321
 24940   194 11617   304
 24950   180 11607   309
 24960   175 11612   311
 24970   159 11601   305
 24980   138 11620   287
 24990   132 11598   292
 25000   145 11584   295
 25010   155 11596   300
 25020   185 11612   305
 25030   193 11595   308
 25040   183 11589   307
 25050   136 11580   288
 25060   126 11590   282
 25070   128 11582   276
 25080   111 11565   294
 25090   174 11580   302
 25100   180 11570   294
 25110   167 11590   327
 25120   187 11560   311
 25130   165 11566   297
 25140   208 11566   269
 25150   142 11552   285
 25160   116 11565   290
 25170   115 11563   275
 25180   145 11559   281
 25190   151 11557   298
 25200   144 11564   315
 25210   170 11562   308
 25220   172 11572   295
 25230   166 11595   324
 25240   147 11610   297
 25250   181 11612   293
 25260   167 11576   298
 25270   139 11596   274
 25280   148 11599   301
 25290   172 11620   294
 25300   142 11597   286
 25310   159 11606   295
 25320   160 11616   279
 25330   163 11627   277
 25340   169 11607   293
 25350   164 11609   294
 25360   174 11638   293
 25370   163 11632   299
 25380   151 11644   303
 25390   142 11647   272
 25400   156 11636   275
 25410   153 11655   268
 25420   147 11661   262
 25430   163 11665   296
 25440   161 11663   269
 25450   171 11685   277
 25460   147 11691   286
 25470   163 11690   296
 25480   150 11708   288
 25490   151 11704   286
 25500   148 11723   300
 25510   178 11733   281
 25520   166 11733   279
 25530   164 11749   302
 25540   164 11742   310
 25550   145 11765   292
 25560   145 11769   319
 25570   132 11762   304
 25580   149 11778   294
 25590   172 11777   285
 25600   195 11788   321
 25610   171 11797   305
 25620   166 11788   280
 25630   152 11806   282
 25640   143 11800   277
 25650   118 11809   302
 25660   166 11833   320
 25670   167 11829   317
 25680   183 11843   311
 25690   155 11853   294
 25700   165 11851   320
 25710   167 11860   299
 25720   166 11885   293
 25730   149 11874   297
 25740   148 11876   299
 25750   176 11890   309
 25760   171 11882   312
 25770   193 11865   296
 25780   160 11887   314
 25790   167 11903   287
 25800   136 11873   289
 25810   143 11898   285
 25820   160 11890   303
 25830   174 11900   309
 25840   172 11905   299
 25850   178 11898   316
 25860   188 11917   288
 25870   154 11909   273
 25880   157 11936   294
 25890   154 11928   278
 25900   166 11931   283
 25910   171 11966   309
 25920   155 11936   311
 25930   162 11945   330
 25940   178 11940   302
 25950   203 11938   322
 25960   180 11949   294
 25970   169 11929   307
 25980   164 11943   287
 25990   147 11934   287
 26000   166 11954   298
 26010   165 11955   302
 26020   140 11947   311
 26030   152 11936   285
 26040   163 11939   281
 26050   169 11951   285
 26060   186 11958   288
 26070   159 11935   281
 26080   153 11927   275
 26090   173 11930   308
 26100   153 11939   296
 26110   161 11927   311
 26120   192 11947   298
 26130   159 11947   290
 26140   177 11934   285
 26150   160 11930   271
 26160   166 11917   272
 26170   141 11939   310
 26180   165 11929   316
 26190   149 11923   323
 26200   167 11933   306
 26210   192 11940   305
 26220   159 11923   282
 26230   166 11884   278
 26240   154 11926   292
 26250   167 11906   285
 26260   152 11897   296
 26270   148 11884   294
 26280   168 11875   285
 26290   162 11875   294
 26300   159 11881   299
 26310   157 11895   296
 26320   176 11880   286
 26330   174 11868   283
 26340   161 11842   276
 26350   159 11869   285
 26360   169 11857   295
 26370   145 11856   296
 26380   149 11867   283
 26390   165 11836   305
 26400   165 11818   295
 26410   160 11816   299
 26420   171 11817   302
 26430   172 11785   292
 26440   152 11786   300
 26450   151 11799   280
 26460   151 11793   288
 26470   159 11786   300
 26480   156 11774   286
 26490   170 11756   297
 26500   184 11761   298
 26510   155 11769   284
 26520   167 11754   313
 26530   162 11742   285
 26540   137 11762   266
 26550   135 11727   293
 26560   146 11739   301
 26570   166 11728   334
 26580   185 11708   314
 26590   190 11723   288
 26600   164 11704   290
 26610   149 11711   283
 26620   166 11691   296
 26630   140 11688   295
 26640   152 11686   296
 26650   164 11681   298
 26660   158 11676   307
 26670   179 11664   287
 26680   153 11667   285
 26690   157 11669   280
 26700   160 11640   289
 26710   147 11629   279
 26720   150 11613   275
 26730   151 11625   280
 26740   175 11631   311
 26750   168 11624   288
 26760   166 11603   292
 26770   154 11615   282
 26780   144 11624   280
 26790   160 11597   302
 26800   144 11598   290
 26810   142 11604   293
 26820   164 11598   290
 26830   154 11608   291
 26840   157 11592   300
 26850   150 11610   315
 26860   149 11600   277
 26870   160 11575   258
 26880   150 11574   266
 26890   144 11570   293
 26900   169 11585   292
 26910   164 11581   296
 26920   148 11563   319
 26930   161 11570   282
 26940   169 11578   296
 26950   137 11580   299
 26960   149 11564   289
 26970   171 11542   302
 26980   149 11563   302
 26990   157 11564   286
 27000   174 11575   297
 27010   157 11591   311
 27020   138 11603   305
 27030   197 11591   306
 27040   170 11610   284
 27050   162 11598   301
 27060   160 11625   272
 27070   169 11628   299
 27080   161 11628   293
 27090   163 11632   308
 27100   176 11612   294
 27110   156 11618   294
 27120   145 11635   307
 27130   155 11631   302
 27140   170 11633   304
 27150   165 11648   299
 27160   179 11630   309
 27170   144 11643   321
 27180   154 11656   276
 27190   145 11640   288
 27200   183 11664   301
 27210   153 11638   295
 27220   165 11667   286
 27230   153 11652   307
 27240   170 11669   291
 27250   155 11693   285
 27260   150 11701   289
 27270   150 11705   291
 27280   147 11713   303
 27290   161 11722   281
 27300   156 11734   292
 27310   174 11749   287
 27320   169 11740   302
 27330   149 11764   294
 27340   162 11748   279
 27350   152 11741   287
 27360   174 11767   284
 27370   156 11775   300
 27380   178 11800   306
 27390   178 11796   271
 27400   164 11789   300
 27410   160 11793   282
 27420   166 11774   292
 27430   144 11824   277
 27440   161 11825   301
 27450   187 11813   289
 27460   146 11814   314
 27470   155 11825   322
 27480   152 11860   313
 27490   171 11880   306
 27500   166 11882   298
 27510   152 11885   292
 27520   161 11892   264
 27530   158 11882   300
 27540   152 11881   279
 27550   165 11893   287
 27560   175 11888   300
 27570   171 11877   311
 27580   158 11899   311
 27590   158 11924   294
 27600   169 11892   288
 27610   172 11883   301
 27620   156 11890   290
 27630   159 11901   300
 27640   158 11918   307
 27650   147 11929   307
 27660   172 11947   302
 27670   166 11917   302
 27680   148 11922   298
 27690   157 11930   292
 27700   143 11946   282
 27710   160 11929   309
 27720   155 11944   302
 27730   164 11957   285
 27740   182 11927   293
 27750   159 11948   286
 27760   177 11952   274
 27770   166 11937   261
 27780   167 11932   281
 27790   174 11954   298
 27800   153 11924   321
 27810   150 11948   290
 27820   160 11932   294
 27830   156 11946   306
 27840   160 11936   290
 27850   171 11940   277
 27860   166 11949   305
 27870   155 11944   278
 27880   152 11937   320
 27890   172 11950   305
 27900   164 11951   291
 27910   166 11933   309
 27920   187 11917   280
 27930   178 11928   297
 27940   172 11941   288
 27950   159 11940   284
 27960   170 11938   314
 27970   171 11938   270
 27980   185 11937   276
 27990   168 11931   288
 28000   157 11931   281
 28010   147 11918   316
 28020   171 11912   312
 28030   167 11900   304
 28040   159 11903   292
 28050   175 11894   302
 28060   186 11908   319
 28070   153 11883   298
 28080   157 11878   306
 28090   157 11901   306
 28100   182 11873   308
 28110   168 11861   295
 28120   160 11871   310
 28130   158 11854   305
 28140   148 11855   293
 28150   158 11856   295
 28160   176 11863   299
 28170   187 11861   309
 28180   178 11853   294
 28190   153 11844   289
 28200   159 11831   312
 28210   147 11811   298
 28220   160 11808   290
 28230   174 11820   282
 28240   167 11796   275
 28250   183 11810   312
 28260   175 11790   287
 28270   165 11774   297
 28280   172 11779   310
 28290   161 11763   294
 28300   149 11760   287
 28310   161 11745   294
 28320   180 11748   300
 28330   154 11750   297
 28340   138 11751   291
 28350   167 11708   295
 28360   149 11724   295
 28370   167 11719   294
 28380   156 11729   301
 28390   157 11707   314
 28400   163 11701   307
 28410   182 11696   278
 28420   156 11675   292
 28430   161 11676   281
 28440   132 11689   287
 28450   151 11679   308
 28460   162 11667   290
 28470   164 11654   313
 28480   161 11651   296
 28490   141 11633   291
 28500   155 11644   268
 28510   144 11649   287
 28520   142 11647   291
 28530   142 11617   275
 28540   174 11622   279
 28550   154 11619   308
 28560   160 11594   289
 28570   175 11612   276
 28580   153 11606   298
 28590   146 11607   294
 28600   152 11610   294
 28610   155 11603   303
 28620   157 11591   292
 28630   183 11599   311
 28640   162 11629   292
 28650   142 11622   291
 28660   171 11584   301
 28670   164 11607   300
 28680   147 11589   305
 28690   150 11569   300
 28700   166 11584   307
 28710   161 11572   292
 28720   144 11570   283
 28730   159 11586   289
 28740   149 11565   295
 28750   161 11565   312
 28760   167 11575   284
 28770   146 11611   287
 28780   156 11591   309
 28790   153 11589   293
 28800   154 11599   288
 28810   165 11598   299
 28820   160 11576   302
 28830   163 11604   309
 28840   153 11605   294
 28850   166 11618   283
 28860   150 11612   293
 28870   148 11616   297
 28880   144 11617   296
 28890   165 11620   300
 28900   157 11632   304
 28910   163 11626   290
 28920   159 11626   320
 28930   155 11633   269
 28940   157 11639   281
 28950   149 11649   287
 28960   161 11644   320
 28970   162 11644   268
 28980   154 11651   288
 28990   143 11647   285
 29000   156 11650   285
 29010   166 11650   296
 29020   150 11647   311
 29030   168 11665   288
 29040   163 11671   280
 29050   167 11686   291
 29060   154 11688   279
 29070   150 11715   313
 29080   182 11733   294
 29090   170 11741   293
 29100   169 11727   270
 29110   153 11725   304
 29120   152 11747   294
 29130   183 11751   283
 29140   152 11723   303
 29150   164 11767   296
 29160   148 11767   293
 29170   174 11784   294
 29180   161 11773   299
 29190   176 11796   281
 29200   164 11803   296
 29210   179 11794   300
 29220   160 11800   285
 29230   185 11817   287
 29240   150 11809   298
 29250   166 11822   298
 29260   172 11823   291
 29270   163 11832   307
 29280   165 11841   308
 29290   189 11830   313
 29300   162 11858   299
 29310   176 11868   294
 29320   176 11876   301
 29330   160 11881   278
 29340   159 11892   304
 29350   156 11885   304
 29360   168 11902   297
 29370   175 11893   274
 29380   155 11905   305
 29390   165 11895   296
 29400   170 11908   295
 29410   151 11875   310
 29420   165 11921   281
 29430   159 11913   287
 29440   151 11897   288
 29450   157 11898   313
 29460   155 11914   286
 29470   158 11920   302
 29480   166 11909   299
 29490   168 11897   308
 29500   169 11912   300
 29510   168 11911   288
 29520   163 11927   305
 29530   176 11926   310
 29540   169 11926   312
 29550   162 11940   294
 29560   152 11927   283
 29570   172 11928   287
 29580   163 11937   295
 29590   168 11937   297
 29600   167 11939   286
 29610   173 11944   294
 29620   163 11926   298
 29630   152 11949   297
 29640   172 11911   307
 29650   164 11927   305
 29660   172 11916   316
 29670   187 11917   291
 29680   156 11932   313
 29690   169 11929   299
 29700   180 11914   306
 29710   161 11937   304
 29720   149 11934   309
 29730   172 11940   311
 29740   170 11910   273
 29750   153 11904   302
 29760   152 11919   316
 29770   165 11925   314
 29780   155 11933   310
 29790   153 11920   303
 29800   156 11905   291
 29810   161 11918   300
 29820   150 11908   290
 29830   168 11910   286
 29840   157 11907   271
 29850   148 11873   283
 29860   147 11904   307
 29870   152 11881   295
 29880   163 11858   300
 29890   165 11881   303
 29900   170 11865   317
 29910   157 11873   285
 29920   150 11858   311
 29930   160 11860   298
 29940   151 11843   301
 29950   168 11870   285
 29960   177 11847   302
 29970   157 11843   316
 29980   167 11824   298
 29990   150 11823   305
 30000   149 11828   305
 30010   155 11831   338
 30020   161 11819   312
 30030   175 11810   294
 30040   164 11807   293
 30050   160 11799   289
 30060   153 11800   283
 30070   160 11790   299
 30080   163 11787   296
 30090   169 11779   294
 30100   160 11772   293
 30110   140 11759   300
 30120   150 11759   290
 30130   162 11741   278
 30140   165 11738   300
 30150   138 11720   306
 30160   149 11725   297
 30170   174 11733   299
 30180   163 11721   277
 30190   160 11738   307
 30200   168 11721   303
 30210   175 11685   296
 30220   155 11698   287
 30230   173 11693   303
 30240   165 11675   298
 30250   151 11691   307
 30260   165 11682   285
 30270   166 11689   279
 30280   178 11661   295
 30290   187 11657   281
 30300   156 11675   295
 30310   157 11652   301
 30320   155 11633   298
 30330   156 11636   297
 30340   179 11644   302
 30350   171 11624   302
 30360   145 11612   299
 30370   167 11603   287
 30380   155 11597   298
 30390   158 11597   301
 30400   150 11624   301
 30410   154 11609   311
 30420   171 11601   292
 30430   144 11612   273
 30440   150 11612   312
 30450   160 11612   301
 30460   156 11615   288
 30470   144 11612   289
 30480   167 11607   295
 30490   171 11600   280
 30500   168 11583   271
 30510   153 11566   312
 30520   148 11609   288
 30530   127 11600   306
 30540   143 11583   286
 30550   146 11605   285
 30560   166 11592   291
 30570   158 11582   316
 30580   175 11570   308
 30590   193 11596   292
 30600   160 11601   303
 30610   171 11598   294
 30620   136 11617   294
 30630   157 11619   314
 30640   171 11615   303
 30650   157 11623   297
 30660   161 11631   290
 30670   183 11642   295
 30680   158 11630   284
 30690   166 11650   292
 30700   164 11663   277
 30710   155 11642   302
 30720   146 11643   292
 30730   174 11638   283
 30740   164 11655   277
 30750   159 11647   309
 30760   150 11661   282
 30770   150 11642   305
 30780   163 11681   287
 30790   178 11688   300
 30800   147 11678   293
 30810   140 11692   292
 30820   160 11700   284
 30830   164 11694   276
 30840   161 11712   299
 30850   158 11710   291
 30860   154 11705   302
 30870   168 11729   306
 30880   160 11724   286
 30890   166 11739   303
 30900   160 11748   296
 30910   168 11750   283
 30920   157 11756   293
 30930   153 11764   296
 30940   148 11772   302
 30950   150 11785   302
 30960   171 11767   298
 30970   152 11801   328
 30980   181 11804   283
 30990   144 11803   304
 31000   141 11798   299
 31010   147 11822   272
 31020   138 11814   302
 31030   127 11834   322
 31040   137 11830   252
 31050   103 11830   285
 31060   125 11840   301
 31070   174 11843   316
 31080   216 11877   297
 31090   180 11881   274
 31100   155 11872   242
 31110   106 11878   257
 31120    86 11892   312
 31130   131 11925   307
 31140   161 11898   315
 31150   149 11898   300
 31160   158 11909   314
 31170   189 11924   323
 31180   215 11926   286
 31190   175 11926   315
 31200   129 11902   283
 31210   138 11906   275
 31220   124 11919   283
 31230   173 11910   276
 31240   180 11937   291
 31250   186 11931   285
 31260   172 11908   302
 31270   156 11936   301
 31280   154 11951   290
 31290   153 11937   273
 31300   154 11944   273
 31310   168 11929   280
 31320   169 11952   288
 31330   152 11958   292
 31340   144 11948   274
 31350   165 11975   271
 31360   151 11975   266
 31370   169 11968   273
 31380   140 11964   294
 31390   190 11974   322
 31400   188 11950   312
 31410   165 11939   306
 31420   172 11950   291
 31430   180 11952   278
 31440   129 11974   300
 31450   128 11947   306
 31460   157 11953   298
 31470   180 11953   286
 31480   178 11958   291
 31490   205 11971   298
 31500   149 11928   296
 31510   124 11941   281
 31520   134 11957   327
 31530   143 11951   294
 31540   175 11951   302
 31550   235 11952   300
 31560   205 11946   297
 31570   181 11940   262
 31580   159 11917   294
 31590   120 11924   293
 31600   129 11920   311
 31610   150 11935   302
 31620   202 11950   335
 31630   193 11935   299
 31640   194 11940   314
 31650   187 11917   306
 31660   177 11909   280
 31670   161 11917   283
 31680   126 11924   291
 31690   139 11895   318
 31700   190 11895   307
 31710   198 11871   314
 31720   210 11863   292
 31730   169 11872   265
 31740   142 11883   276
 31750   124 11866   271
 31760   158 11853   303
 31770   153 11866   302
 31780   185 11829   300
 31790   155 11812   295
 31800   182 11837   294
 31810   171 11831   288
 31820   149 11815   280
 31830   147 11831   294
 31840   137 11806   307
 31850   145 11814   313
 31860   163 11798   310
 31870   145 11799   315
 31880   176 11795   300
 31890   156 11766   287
 31900   150 11755   276
 31910   163 11764   300
 31920   167 11762   266
 31930   155 11762   276
 31940   139 11741   291
 31950   124 11750   311
 31960   167 11725   279
 31970   170 11722   318
 31980   163 11717   293
