-1022.93217723 9.74672448391 50.6558471871
-1032.05536234 12.1677163075 49.9107299282
-1022.37470479 6.94325552915 42.4576582436
-1024.26900045 4.79569215081 43.3485663851
-1025.0792678 4.68110537497 46.3574811498
-1023.86920281 3.69889586954 49.2888725615
-1019.3549298 3.15884507122 41.1850480755
-1016.57789629 -9.83427567507 48.3628365213
-1017.99762157 1.14459286942 46.0549730187
-1016.0826004 -0.690318971628 43.9142105523
-1023.68123009 -14.2465252121 45.1651928415
-1013.34797998 -17.6497265411 48.8417015121
-1016.74658658 -13.7681857058 44.1116527128
-1020.33436846 -6.85527036632 37.5677759639
-1024.08102772 -13.1497289308 39.2248866652
-1020.01891597 -9.91902166295 41.382490236
-1022.59696127 -9.23073929409 48.4707009986
-1023.51326134 -19.2610431279 45.8538720482
-1020.99787362 -13.9675184695 40.1402211923
-1018.83053855 -18.8499932109 40.8137298368
-1021.85055406 -18.0483920685 40.8988384709
-1018.51460503 -15.9481258766 47.0034471768
-1018.95609421 -9.86918847202 42.3753481162
-1023.20738125 -10.0685212357 38.4039165956
-1024.89153559 -16.2471250222 41.0462998959
-1016.85165724 -11.7526655018 43.2359151334
-1021.40858385 -18.1617108421 47.9019405994
-1024.08150875 -19.1153475618 36.8498835973
-1018.62015672 -19.8982243035 43.7527065296
-1018.68281429 -13.9164172763 45.1272664362
-1027.86985955 -20.427665003 39.8192014143
-1019.82974068 -12.9503961671 43.1963181857
-1019.51404768 -13.0313381483 48.1985339918
-1030.07936719 -16.5286677692 38.0828968177
-1018.08244774 -6.78798077692 41.5543780466
-1022.41856095 -14.919887187 33.0823515539
-1021.06125273 -16.9341393888 37.9522764971
-1020.18760626 -13.8529316937 37.1313064276
-1022.25011118 -13.9687864717 36.1460338285
-1021.99779729 -17.0163493721 38.9603049394
-1018.4827264 -11.6568031266 33.2390688024
-1023.12351713 -14.0671848514 38.154505432
-1018.3564492 -11.6891799191 35.2399551248
-1016.12597554 -16.5878430568 36.9139069306
-1020.29291743 -14.8202208051 35.0680673142
-1018.50393295 -13.6399465382 32.1139200594
-1024.93394867 -20.2134118453 38.7960024099
-1022.20817912 -15.9681182796 36.0213282467
-1020.35581552 -11.8212230934 35.2551256869
-1022.41880146 -17.9026965025 31.89485002
-1020.23001934 -17.8192185168 34.8810089415
-1024.5020319 -14.0360760611 32.1594317458
-1019.67158485 -8.69145020962 31.4328261337
-1025.69089035 -11.0707231441 30.3531890771
-1021.75481529 -4.8248297683 31.6974078595
-1023.39679705 -10.019956047 35.402587112
-1026.62719439 -8.17012381202 32.5487190533
-1022.5865297 -9.90536927121 32.3936723473
-1022.69160036 -7.88984906717 31.5179347679
-1029.24765277 -11.4481282663 37.3866323299
-1021.41815625 -5.90543765334 36.6372708747
-1025.24892014 -11.1840419177 37.3562912056
-1020.56643787 -13.7558013163 31.1286474603
-1024.50155087 -8.07045743016 34.5344348136
-1021.37646471 -10.8875787766 35.3250637589
-1013.31562033 -7.39278516015 37.4523262055
-1020.97666707 -11.9843750579 41.2653699353
-1021.65022565 -12.8059686033 30.198142371
-1024.39672073 -13.0687869497 34.2226708591
-1022.29228375 -14.9522639794 35.0832378764
-1022.50242507 -10.9212235713 33.3317627176
-1026.39584653 -10.2180208085 35.4253429552
-1020.35605603 -14.8040324089 34.067624153
-1025.69040932 -5.10510451314 32.728192145
-1024.48082536 -12.0529326496 33.2845804888
-1027.3326316 -13.2830401074 35.2458698635
-1022.43904595 -7.95460265208 35.5197074127
-1021.77602183 -6.80797317989 30.5722591165
-1018.46151986 -9.67365971505 34.3642175454
-1018.52489898 -12.6402806343 32.1762728503
-1017.1461437 -9.68858010903 39.3588480704
-1021.56539948 -4.87339495698 34.6987373431
-1015.56778156 -10.442884065 32.2782225889
-1020.58740389 -12.7561354124 31.1910002512
-1023.43872911 -8.02062423923 35.5272926938
-1021.33429214 -9.90410126897 36.387859711
-1023.27027934 -7.06952352401 38.5909749683
-1017.56714788 -10.5749272394 32.293393151
-1021.5025014 -7.8723926687 34.5116789704
-1019.58748022 -9.70730450975 32.370916504
-1021.46056934 -9.87172447651 34.3869733886
-1021.25042802 -13.9027648846 36.1384485474
-1019.3773389 -13.7383449178 34.1223916629
-1026.35367396 -9.23454330083 36.4881389073
-1027.52180689 -10.2516656032 33.4320419138
-1017.966705 -6.49532164259 27.5405885086
-1024.67000065 -9.02155814539 31.4707525391
-1025.33326528 -13.1509969331 35.2306993014
-1019.60844625 -8.70763860585 32.433269295
-1021.00792705 -7.67686391173 26.5005483996
-1025.69064983 -8.08791382864 31.5406906111
-1022.31300927 -10.96978876 36.3330922012
-1022.4807375 -2.97246152878 36.8319145284
-1019.54530765 -8.72382700207 33.4337124562
-1016.56698369 -4.54328702121 34.6608109378
-1021.5025014 -7.8723926687 34.5116789704
-1020.41943515 -17.7706533282 31.8796794579
-1021.67119168 -11.8063026994 30.2604951619
-1028.54269659 -12.3008306019 32.3144784519
-1021.8181944 -7.79145068757 29.5094631644
-1021.77626234 -9.79078249538 29.3847575825
-1023.50210823 -10.9872451585 33.3393479986
-1021.09227219 -9.64381892709 24.3749564954
-1024.48082536 -12.0529326496 33.2845804888
-1013.82096965 -10.2460873058 28.2612793819
-1020.50281824 -7.80637108155 34.5040936894
-1019.46192456 -18.6881092487 30.8092982247
-1022.83884359 -6.85780637081 29.5794012363
-1024.73337976 -11.9881790647 29.2828078439
-1025.81668652 -5.07272772069 30.7273058226
-1022.71304741 -12.8558017943 29.2052844909
-1021.71312374 -9.80697089161 30.3852007438
-1022.9022227 -9.82442729008 27.3914565412
-1024.98593416 -11.9234254797 25.2810351991
-1021.77626234 -9.79078249538 29.3847575825
-1020.58740389 -12.7561354124 31.1910002512
-1028.43714491 -8.350732175 35.5652190991
-1020.8604433 -5.7260972926 29.6265834651
-1020.62909544 -7.77399428909 32.5032073669
-1021.73433028 -11.7901143032 29.2600520007
-1020.54523132 -11.7726579047 32.2537962033
-1027.05935168 -17.3302689117 37.9977881835
-1018.60876309 -8.64161701869 32.4256840139
-1020.02920992 -6.61117642067 26.5553159095
-1025.96392975 -4.04068502433 28.788772291
-1020.98647999 -2.71091118466 28.8131986766
-1021.48129485 -5.88924925711 35.6368277134
-1018.71311221 2.32233113182 35.1124510363
-1024.3757547 -14.0684528536 34.1603180682
-1028.77332291 -1.30450565898 33.0003591518
-1022.67039382 -5.90670565559 32.6430835109
-1024.94352108 -7.95713865658 27.5313326851
-1018.56683103 -10.6409488265 32.3009784321
-1023.37559051 -8.03681263546 36.527735855
-1026.45922564 -13.1846417278 33.23739826
-1020.81875176 -10.7082384159 28.3143763494
-1023.11236402 -5.793386882 25.6399813824
-1021.92350557 -8.75873979902 27.446224051
-1022.69160036 -7.88984906717 31.5179347679
-1021.79674735 -2.82549796049 31.8221134413
