  1990   -26   -68 -1043
  2090   -26   -70 -1043
  2190   -25   -68 -1054
  2290   -19   -71 -1060
  2390   -27   -65 -1047
  2490    -7   -67 -1049
  2590   -19   -66 -1039
  2690   -19   -70 -1038
  2790   -15   -60 -1058
  2890   -16   -61 -1032
  2990    -6   -58 -1040
  3090   -14   -60 -1070
  3190    -5   -51 -1034
  3290   -18   -56 -1052
  3390    -7   -45 -1046
  3490    -8   -50 -1053
  3590    -1   -38 -1040
  3690    19   -27 -1017
  3790    31   -35 -1055
  3890    42   -30 -1071
  3990    38   -28 -1063
  4090    46   -20 -1051
  4190    34   -16 -1071
  4290    20   -16 -1039
  4390    30   -22 -1053
  4490    23   -14 -1046
  4590    17   -20 -1053
  4690    21   -17 -1045
  4790    14   -20 -1036
  4890    26   -21 -1047
  4990    21   -30 -1054
  5090    12   -22 -1053
  5190    23   -25 -1045
  5290    30   -21 -1047
  5390    23   -18 -1049
  5490    31   -29 -1052
  5590    23   -30 -1047
  5690    32   -23 -1044
  5790    24   -17 -1032
  5890    29   -25 -1050
  5990    32   -15 -1046
  6090    34   -22 -1051
  6190    26   -18 -1056
  6290    29   -17 -1042
  6390    25   -22 -1044
  6490    31   -19 -1055
  6590    20   -16 -1050
  6690    21   -22 -1057
  6790    23   -20 -1052
  6890    24   -24 -1053
  6990    21   -20 -1047
  7090    20   -20 -1050
  7190    30   -25 -1051
  7290    24   -16 -1043
  7390    22   -18 -1046
  7490    15   -21 -1042
  7590    16   -19 -1049
  7690    18   -24 -1046
  7790    23   -16 -1043
  7890    18   -19 -1045
  7990    21   -23 -1050
  8090    23   -19 -1039
  8190    25   -19 -1049
  8290    29   -24 -1043
  8390    25   -24 -1043
  8490    29   -27 -1040
  8590    25   -19 -1054
  8690    28   -20 -1045
  8790    23   -25 -1041
  8890    20   -21 -1042
  8990    25   -23 -1056
  9090    31   -23 -1049
  9190    32   -20 -1043
  9290    26   -21 -1039
  9390    25   -19 -1039
  9490    35   -22 -1049
  9590    22   -20 -1050
  9690    31   -23 -1046
  9790    33   -18 -1047
  9890    28   -24 -1050
  9990    24   -20 -1053
 10090    25   -21 -1048
 10190    28   -17 -1048
 10290    29   -18 -1050
 10390    26   -18 -1047
 10490    29   -19 -1050
 10590    32   -24 -1054
 10690    29   -23 -1048
 10790    32   -24 -1042
 10890    26   -17 -1055
 10990    25   -23 -1046
 11090    22   -21 -1046
 11190    31   -21 -1055
 11290    30   -19 -1039
 11390    30   -24 -1048
 11490    20   -21 -1047
 11590    22   -23 -1042
 11690    24   -20 -1049
 11790    24   -20 -1044
 11890    22   -24 -1046
 11990    26   -26 -1050
 12090    34   -20 -1043
 12190    32   -22 -1045
 12290    29   -24 -1045
 12390    33   -17 -1046
 12490    28   -22 -1046
 12590    32   -23 -1048
 12690    28   -17 -1041
 12790    24   -26 -1039
 12890    29   -20 -1047
 12990    34   -22 -1046
 13090    26   -17 -1047
 13190    25   -16 -1050
 13290    36   -24 -1051
 13390    32   -25 -1045
 13490    22   -20 -1050
 13590    30   -25 -1051
 13690    22   -22 -1047
 13790    28   -23 -1043
 13890    32   -25 -1050
 13990    28   -25 -1045
 14090    28   -19 -1048
 14190    27   -21 -1044
 14290    28   -25 -1053
 14390    31   -25 -1057
 14490    22   -24 -1040
 14590    15   -18 -1046
 14690    26   -20 -1046
 14790    22   -24 -1050
 14890    20   -22 -1043
 14990    26   -23 -1050
 15090    27   -21 -1044
 15190    30   -19 -1049
 15290    20   -19 -1041
 15390    29   -27 -1044
 15490    27   -22 -1047
 15590    24   -22 -1049
 15690    34   -19 -1045
 15790    31   -20 -1053
 15890    25   -22 -1047
 15990    30   -22 -1049
 16090    29   -19 -1054
 16190    29   -21 -1045
 16290    27   -17 -1050
 16390    29   -20 -1043
 16490    29   -24 -1045
 16590    26   -17 -1050
 16690    34   -21 -1045
 16790    26   -19 -1046
 16890    36   -19 -1045
