  1991 -1024    78    38
  2091 -1033    81    37
  2191 -1023    75    30
  2291 -1025    73    31
  2391 -1026    73    34
  2491 -1025    72    37
  2591 -1020    71    29
  2691 -1018    58    37
  2791 -1019    69    34
  2891 -1017    67    32
  2991 -1025    54    34
  3091 -1015    50    38
  3191 -1018    54    33
  3291 -1021    61    26
  3391 -1025    55    28
  3491 -1021    58    30
  3591 -1024    59    37
  3691 -1025    49    35
  3791 -1022    54    29
  3891 -1020    49    30
  3991 -1023    50    30
  4091 -1020    52    36
  4191 -1020    58    31
  4291 -1024    58    27
  4391 -1026    52    30
  4491 -1018    56    32
  4591 -1023    50    37
  4691 -1025    49    26
  4791 -1020    48    33
  4891 -1020    54    34
  4991 -1029    48    29
  5091 -1021    55    32
  5191 -1021    55    37
  5291 -1031    52    27
  5391 -1019    61    30
  5491 -1023    53    22
  5591 -1022    51    27
  5691 -1021    54    26
  5791 -1023    54    25
  5891 -1023    51    28
  5991 -1019    56    22
  6091 -1024    54    27
  6191 -1019    56    24
  6291 -1017    51    26
  6391 -1021    53    24
  6491 -1019    54    21
  6591 -1026    48    28
  6691 -1023    52    25
  6791 -1021    56    24
  6891 -1023    50    21
  6991 -1021    50    24
  7091 -1025    54    21
  7191 -1020    59    20
  7291 -1026    57    19
  7391 -1022    63    20
  7491 -1024    58    24
  7591 -1027    60    21
  7691 -1023    58    21
  7791 -1023    60    20
  7891 -1030    57    26
  7991 -1022    62    25
  8091 -1026    57    26
  8191 -1021    54    20
  8291 -1025    60    23
  8391 -1022    57    24
  8491 -1014    60    26
  8591 -1022    56    30
  8691 -1022    55    19
  8791 -1025    55    23
  8891 -1023    53    24
  8991 -1023    57    22
  9091 -1027    58    24
  9191 -1021    53    23
  9291 -1026    63    21
  9391 -1025    56    22
  9491 -1028    55    24
  9591 -1023    60    24
  9691 -1022    61    19
  9791 -1019    58    23
  9891 -1019    55    21
  9991 -1018    58    28
 10091 -1022    63    23
 10191 -1016    57    21
 10291 -1021    55    20
 10391 -1024    60    24
 10491 -1022    58    25
 10591 -1024    61    27
 10691 -1018    57    21
 10791 -1022    60    23
 10891 -1020    58    21
 10991 -1022    58    23
 11091 -1022    54    25
 11191 -1020    54    23
 11291 -1027    59    25
 11391 -1028    58    22
 11491 -1018    61    16
 11591 -1025    59    20
 11691 -1026    55    24
 11791 -1020    59    21
 11891 -1021    60    15
 11991 -1026    60    20
 12091 -1023    57    25
 12191 -1023    65    25
 12291 -1020    59    22
 12391 -1017    63    23
 12491 -1022    60    23
 12591 -1021    50    21
 12691 -1022    56    19
 12791 -1029    56    21
 12891 -1022    60    18
 12991 -1022    58    18
 13091 -1024    57    22
 13191 -1021    58    13
 13291 -1025    56    22
 13391 -1014    57    17
 13491 -1021    60    23
 13591 -1020    49    20
 13691 -1023    61    18
 13791 -1025    56    18
 13891 -1026    63    19
 13991 -1023    55    18
 14091 -1022    58    19
 14191 -1023    58    16
 14291 -1025    56    14
 14391 -1022    58    18
 14491 -1021    55    20
 14591 -1029    60    24
 14691 -1021    62    18
 14791 -1021    60    21
 14891 -1022    56    18
 14991 -1021    56    21
 15091 -1028    51    27
 15191 -1019    59    21
 15291 -1020    61    15
 15391 -1026    64    17
 15491 -1021    65    17
 15591 -1022    62    24
 15691 -1019    70    23
 15791 -1025    54    23
 15891 -1029    67    21
 15991 -1023    62    21
 16091 -1025    60    16
 16191 -1019    57    21
 16291 -1024    60    25
 16391 -1027    55    22
 16491 -1021    57    17
 16591 -1023    62    14
 16691 -1022    59    16
 16791 -1023    60    20
 16891 -1022    65    20
