  1989  -111    18  1052
  2089  -105    14  1054
  2189  -112    21  1055
  2289  -103    17  1051
  2389  -102    13  1052
  2489  -114    16  1054
  2589  -108     8  1052
  2689  -109    13  1048
  2789  -111    18  1056
  2889  -112    16  1053
  2989  -104    17  1055
  3089  -113    16  1055
  3189  -117    20  1058
  3289  -122    17  1052
  3389  -112    14  1060
  3489  -109    12  1046
  3589  -110    15  1058
  3689  -103    15  1054
  3789   -99    18  1054
  3889  -113    14  1049
  3989  -106    11  1055
  4089  -113    11  1047
  4189  -115    21  1055
  4289  -113    13  1056
  4389  -114    16  1053
  4489  -119    14  1048
  4589  -118    17  1045
  4689  -112    16  1054
  4789  -124    17  1053
  4889  -110    20  1050
  4989  -118    20  1055
  5089  -121    22  1045
  5189  -110    12  1051
  5289  -119    16  1061
  5389  -122    14  1058
  5489  -127    15  1052
  5589  -115    12  1043
  5689  -117    15  1053
  5789  -122    13  1052
  5889  -123    11  1054
  5989  -125    14  1052
  6089  -115    18  1044
  6189  -119    17  1053
  6289  -120    14  1052
  6389  -114    17  1046
  6489  -118    13  1045
  6589  -123    14  1051
  6689  -122    16  1056
  6789  -124    16  1043
  6889  -114    15  1057
  6989  -125    22  1060
  7089  -114    16  1050
  7189  -114    15  1055
  7289  -122    16  1050
  7389  -113    16  1050
  7489  -113    19  1056
  7589  -110    15  1048
  7689  -126    16  1052
  7789  -119    16  1054
  7889  -123    16  1051
  7989  -119    11  1058
  8089  -120    15  1045
  8189  -117    14  1048
  8289  -115    17  1049
  8389  -123    19  1057
  8489  -124    18  1052
  8589  -132    16  1058
  8689  -118    16  1058
  8789  -116    13  1059
  8889  -124    16  1051
  8989  -122    10  1060
  9089  -122    16  1061
  9189  -130    17  1053
  9289  -124    18  1053
  9389  -122    16  1055
  9489  -120    19  1052
  9589  -109    18  1056
  9689  -125    16  1052
  9789  -126    15  1051
  9889  -119    12  1050
  9989  -144    14  1076
 10089  -120    18  1051
 10189   -96    11  1038
 10289  -139    11  1066
 10389  -120    14  1048
 10489  -119    18  1052
 10589  -135    12  1054
 10689  -118    14  1042
 10789  -141    20  1060
 10889  -126    19  1044
 10989  -115    18  1049
 11089  -129    16  1058
 11189  -119    20  1055
 11289  -121    18  1056
 11389  -123    15  1053
 11489  -122    18  1065
 11589  -122    14  1056
 11689  -120    17  1047
 11789  -123    22  1054
 11889  -125    17  1055
 11989  -118    17  1056
 12089  -119    20  1061
 12189  -123    22  1059
 12289  -110    15  1055
 12389  -116    20  1056
 12489  -109    18  1057
 12589  -110    23  1054
 12689  -113    20  1060
 12789  -104    23  1053
 12889  -111    13  1055
 12989  -117    15  1058
 13089  -106    21  1061
 13189  -108    17  1053
 13289   -96    25  1049
 13389  -109    24  1065
 13489   -93    20  1063
 13589   -93    17  1048
 13689  -101    19  1067
 13789   -93    17  1058
 13889   -94    23  1059
 13989  -106    19  1053
 14089   -97    15  1053
 14189  -104    19  1057
 14289   -96    21  1060
 14389   -98    24  1058
 14489   -94    24  1058
 14589  -100    26  1056
 14689   -96    18  1057
 14789   -93    22  1060
 14889   -93    21  1064
 14989   -95    26  1055
 15089   -87    22  1055
 15189   -99    26  1063
 15289   -92    19  1052
 15389   -96    25  1059
 15489   -87    18  1057
 15589   -95    17  1054
 15689   -94    20  1060
 15789   -98    17  1057
 15889   -98    18  1059
 15989   -96    21  1051
 16089  -102    19  1054
 16189   -97    21  1054
 16289   -95    22  1048
 16389   -99    17  1053
 16489   -96    23  1059
 16589   -98    25  1050
 16689   -95    26  1060
 16789   -91    26  1054
 16889   -90    21  1051
