-656 -354 -759
-650 -358 -742
-658 -355 -751
-655 -361 -757
-649 -358 -753
-658 -355 -754
-660 -363 -756
-657 -358 -751
-656 -361 -753
-657 -358 -754
-656 -361 -753
-655 -355 -757
-654 -362 -755
-658 -370 -748
-656 -363 -761
-656 -359 -754
-659 -359 -754
-659 -361 -749
-654 -352 -754
-663 -359 -756
-651 -360 -752
-659 -353 -753
-654 -359 -757
-656 -358 -748
-660 -360 -751
-651 -365 -742
-663 -364 -749
-663 -362 -755
-654 -358 -760
-654 -354 -750
-663 -358 -755
-654 -349 -745
-446 -323 -935
-681 -592 -902
-818 -833 -312
-289 -663 -441
-93 -611 -418
-3 -1101 -312
-61 -875 -475
-158 -950 -335
-38 -918 -1155
-114 -967 -201
-555 -666 -518
-74 -1020 448
-30 -897 521
-80 -918 391
-168 -866 408
287 -878 381
-625 -1225 1290
-941 -619 226
20 131 -1405
168 740 -1756
-659 -319 -487
-1153 -758 1280
-1020 -574 2040
-580 -445 73
388 279 -1983
-321 -179 -1253
-1250 -731 1970
-927 -739 1097
432 -92 -1588
-6 -378 -1466
-1032 -755 939
-879 -854 1112
-148 -727 -636
-21 -770 -658
-492 -1085 -123
-279 -969 -404
-230 -868 -498
-236 -856 -543
-191 -882 -595
-157 -527 -994
-425 -1022 -225
-193 -787 -765
-352 -836 -517
-323 -680 -630
-495 -666 -758
-465 -690 -279
-564 -738 344
-606 -769 508
-433 -846 501
-267 -648 386
-255 -831 727
-186 -792 765
53 -639 752
46 -538 815
170 -480 782
148 -572 886
181 -471 858
230 -507 878
130 -539 872
111 -453 815
260 -646 700
250 -508 634
386 -538 883
543 -322 834
853 -196 596
1000 -143 405
828 -59 651
386 -322 942
19 -654 743
-449 -709 571
-522 -776 390
-514 -731 548
-86 -402 866
385 -455 919
502 -566 845
-27 -579 521
-291 -922 833
-457 -786 319
-257 -1020 -404
-501 -813 -386
-250 -798 340
-288 -932 440
-125 -700 569
66 -669 776
528 -455 556
701 -527 573
445 -680 594
-117 -665 557
-312 -960 409
-468 -831 92
78 -1059 -990
35 -809 -581
363 -885 -492
138 -941 -337
225 -983 -215
3 -747 36
362 -902 -164
553 -767 -72
643 -754 -342
316 -100 -459
118 -775 -1007
-182 -787 -345
-467 -1150 -375
-273 -1105 241
-392 -339 395
-93 -689 656
-48 -518 800
138 -661 700
402 -775 607
240 -766 453
523 -767 23
354 -825 268
674 -708 -183
529 -1315 -412
747 -575 197
390 -898 175
-409 -788 370
-539 -893 256
-366 -1011 188
-317 -989 146
-322 -868 -142
-435 -786 130
-248 -1134 -407
469 -970 -87
376 -1035 -438
174 -1017 -185
620 -1003 345
187 -964 534
-42 -681 509
-212 -948 617
88 -809 619
208 -736 489
434 -867 156
267 -843 629
459 -648 50
-117 -1092 74
-405 -708 621
-257 -28 1032
43 317 773
158 956 460
156 957 138
54 908 1
56 757 1013
-122 664 923
-65 -192 986
-32 -364 1070
187 -905 498
189 -916 32
7 -784 -523
-40 -336 -1056
135 -52 -981
190 196 -1082
63 281 -1178
29 580 -901
-101 747 -393
-209 891 228
-209 848 928
-338 851 463
-438 760 -124
-442 248 -717
-329 -260 -1345
-645 -407 -539
-634 -705 -694
-284 -851 385
118 -889 462
128 -893 791
156 -1041 231
-6 -712 398
40 -979 -259
321 -1021 -464
-3 -882 -182
71 -1115 -138
9 -919 -161
291 -1382 -468
263 -1026 -153
57 -1046 -372
-163 -968 -386
-362 -824 -207
-190 -935 291
-114 -1045 402
56 -1238 483
43 -992 547
14 -867 -61
41 -902 1
317 -1041 -62
267 -1040 -55
334 -916 280
179 -956 -44
286 -990 262
62 -844 404
-250 -820 656
-468 -756 443
131 -731 535
427 -975 325
367 -1112 -152
23 -984 -329
-293 -917 -497
-65 -873 -348
-373 -916 -382
-344 -878 -297
-381 -922 272
822 -701 557
-93 -904 687
213 -842 717
145 -866 563
196 -691 587
216 -684 697
702 -572 535
473 -660 510
510 -763 489
668 -954 495
691 -797 67
456 -1166 157
278 -928 36
127 -912 -433
35 -904 -437
-133 -1003 124
14 -888 555
27 -1042 746
-352 -856 305
-70 -943 -244
243 -969 -147
62 -1088 310
121 -982 -521
165 -958 -375
137 -948 -603
42 -919 -261
55 -922 -229
138 -1086 -233
103 -1066 62
-215 -1134 253
-264 -1085 45
-209 -1024 -178
-308 -1091 264
-388 -795 365
-284 -518 789
-53 -490 786
-262 57 1117
-385 -392 960
-270 -440 944
-245 -501 591
-355 -725 548
-234 -415 360
144 -105 1107
281 -251 1132
262 81 588
215 -272 1272
104 -223 969
-87 433 1045
117 262 968
105 282 1000
37 279 646
