-0.556735646713 0.874122506852 -0.267445188989
-0.538457129967 0.876020437441 -0.267485940934
-0.463806461763 0.885014705313 -0.28363551782
-0.403311299348 0.879084181297 -0.357774124416
-0.373797772888 0.874405028587 -0.400005136701
-0.352865229984 0.872422748738 -0.419609165581
-0.327785727248 0.861604012035 -0.431325368988
-0.301169623294 0.852187820844 -0.459028141504
-0.286527572082 0.850790896106 -0.473637470584
-0.285327683108 0.853985456416 -0.485476774203
-0.277473768145 0.854825968928 -0.504241770952
-0.264140891993 0.84173384551 -0.500965472778
-0.251586730661 0.840539813179 -0.513171144538
-0.222154545662 0.848365126404 -0.513261050608
-0.212107450487 0.840688685016 -0.510653203767
-0.190246112311 0.845834826714 -0.500557922895
-0.149463650707 0.832456847434 -0.471191372563
-0.108965379816 0.799935744974 -0.467123522846
-0.0936091097505 0.805480664906 -0.469763719451
-0.0780939052483 0.802758167563 -0.444194870828
-0.0540642110356 0.807771383183 -0.429854430798
-0.0188431746551 0.799848723573 -0.414266579594
0.0177247107004 0.784758004777 -0.415267790343
0.0757487302672 0.778630678367 -0.37571646765
0.114767164495 0.774142806741 -0.332262406354
0.148529192635 0.769054650279 -0.230337834597
0.135164623374 0.777883183988 -0.157217657693
0.120608143821 0.768797659744 -0.00947654906302
0.13011592477 0.764821858497 0.0125071895529
0.135152883384 0.760995298857 0.0149192490533
0.141443375076 0.760409943747 0.00992454925325
0.131206527658 0.759515780436 0.00671420956637
0.119071542603 0.767395114231 0.00651002004497
0.102760777788 0.77568023284 0.0111131451633
0.0971000430382 0.766322766428 0.0512509855015
0.0168910700615 0.792172950354 0.0725889614109
-0.103763652275 0.829609098763 0.0604131214991
-0.184199176107 0.853177503591 0.0310621165693
-0.282898369068 0.872776097719 -0.0289906678191
-0.360819970633 0.867125631765 -0.0442520736676
-0.428909928744 0.86618657981 -0.0258458872569
-0.441236663919 0.857087958974 -0.0117411573525
-0.443182464855 0.842687964286 0.0645254888706
-0.471759451806 0.85456872381 -0.00585827129621
-0.516594682042 0.853799463965 -0.101084872449
-0.536877749331 0.848007309778 -0.155692981671
-0.553377391086 0.835147391423 -0.200482272093
-0.555801117906 0.824567866361 -0.24272127198
-0.55664944702 0.817509411144 -0.265771765252
-0.52707030202 0.814972104874 -0.270611429655
-0.493664939243 0.82430025863 -0.260280024079
-0.479089381875 0.833335919717 -0.263490778346
-0.393001101977 0.833844478944 -0.337059241859
-0.366613546754 0.813739158723 -0.400539582943
-0.344887441413 0.797786907676 -0.435404173293
-0.330340703974 0.798391896721 -0.425919787448
-0.269730274666 0.777835163501 -0.428411677299
-0.212701544215 0.77501200137 -0.407161089544
-0.173019662058 0.773252247862 -0.419871775058
-0.0837865803775 0.75558089698 -0.410328988529
-0.0147837971846 0.744738468396 -0.40217184421
0.0380671556303 0.733913741146 -0.361202529543
0.0659458939188 0.734001039038 -0.29965192283
0.102754302442 0.731694651492 -0.231916761449
0.130350847894 0.721046176135 -0.210576267623
0.136814246337 0.722695955903 -0.169314530903
0.147937096784 0.711785316565 -0.141757132645
0.154252412652 0.702815933632 -0.129624148014
0.167801863099 0.698317737023 -0.123529084836
0.161191504656 0.707030576751 -0.160041063222
0.158528377241 0.704648502635 -0.237137924816
0.184361770621 0.690315702667 -0.250499842722
0.18534221212 0.689083418501 -0.20145657638
0.172084931068 0.698005240648 -0.119471310838
0.129033928598 0.709277792188 -0.0503765581676
0.0854852815695 0.722202425868 0.00956782703355
0.0403592389583 0.723198639772 0.0652351178917
0.00512335496167 0.733193179494 0.080389798091
-0.0449691566657 0.744398067077 0.0924236300933
-0.08983895319 0.743532299855 0.137294838984
-0.189565128376 0.762171468552 0.135337794736
-0.336973185378 0.779518065474 0.12081626839
-0.450386041723 0.773149688103 0.082715702013
-0.494967899051 0.774685529465 0.0403943538593
-0.510831790233 0.777104839383 -0.0139860328384
-0.521293190629 0.782336246907 -0.0827967656359
-0.53371036852 0.779479807453 -0.123211068044
-0.529936919544 0.778724190996 -0.161262465078
-0.526689935055 0.771189984636 -0.195769089468
-0.535282017743 0.759217223012 -0.254890832319
-0.519547365766 0.760921570145 -0.290204553657
-0.493091071553 0.772347228494 -0.297326448706
-0.408528293739 0.786122876694 -0.273159616855
-0.383486464918 0.794167397856 -0.286172385561
-0.35456589679 0.793142241068 -0.313460050391
-0.343399378797 0.78859039366 -0.329340323648
-0.348450309724 0.781914401146 -0.34979977444
-0.323181054745 0.779666269142 -0.360913485002
-0.30938820795 0.783785321451 -0.349783384659
-0.293722047694 0.787514904477 -0.358787118912
-0.267928326106 0.783638012443 -0.358534189846
-0.178181629677 0.783224481507 -0.336705056828
-0.0621575394162 0.766779424246 -0.323520018566
0.0157848905706 0.747231162513 -0.261308103744
0.0747237330957 0.737729705497 -0.21010486259
0.109162058903 0.724890437109 -0.180176156777
0.139439452566 0.710385073423 -0.176182667726
0.169716846229 0.695879709738 -0.172189178676
0.185139610138 0.690992043845 -0.186227950094
0.194554950494 0.684851074048 -0.20385183152
0.178892785991 0.697936190886 -0.224670921809
0.174326649883 0.700087346277 -0.220148886
0.124301754673 0.721841430232 -0.185635118387
0.126684687128 0.721895081031 -0.163659781952
0.110829897202 0.730576675503 -0.121380030121
0.119055325143 0.714928997685 -0.0792943920929
0.130528860147 0.712728895703 -0.0378368680319
0.13243897222 0.706050600819 -0.00788421463467
0.0898736398712 0.713575867999 0.0374021019417
0.0678216741493 0.712433553867 0.0754942509195
0.0206782312556 0.720014774217 0.0923437997421
-0.0027037379485 0.732375989091 0.101371066999
-0.0234873229756 0.732402999376 0.101313925273
-0.112111476136 0.765330256421 0.0799637703089
-0.23095052487 0.785515591464 0.0730443760243
-0.343015409666 0.792960937103 0.0522332581172
-0.415561342497 0.790099246645 0.0203252340094
-0.479311715354 0.784727260202 -0.0164795962281
-0.496563249876 0.783788755043 -0.0745345844232
-0.473259748953 0.779764923772 -0.10512208043
-0.457645234924 0.791855212511 -0.133469771274
-0.437778470732 0.786794982901 -0.130153135736
-0.455718277358 0.791512387447 -0.149171061551
-0.449091073422 0.789135017539 -0.15831302684
-0.453659207407 0.782878822998 -0.138879578759
-0.466818301506 0.78563164903 -0.144689363107
-0.468095783457 0.778200040059 -0.203200210932
-0.454987460282 0.771233487475 -0.265524305869
-0.45095776522 0.768615889893 -0.31437178487
-0.43911782274 0.760480012892 -0.338546589103
-0.433432263815 0.761453451482 -0.361556745011
-0.395259285521 0.745740042306 -0.404854511953
-0.378408083906 0.754736065753 -0.394955018422
-0.346470830627 0.760636438104 -0.394947030822
-0.309550262838 0.762663606597 -0.39695952804
-0.211034828489 0.759716457566 -0.382243473311
-0.0642197298173 0.746023856565 -0.35277859951
0.0139004779761 0.732950997311 -0.322922995404
0.0808938395692 0.71397407753 -0.290801965015
0.109809536641 0.708708653142 -0.239476882608
0.129998165461 0.703928288846 -0.209564981155
0.141876904429 0.697910936176 -0.198564709667
0.146603972851 0.695899713443 -0.189789112518
0.143572440084 0.691046064415 -0.186342233546
0.139343016219 0.691405205009 -0.185967463225
0.111597512889 0.70400894993 -0.187646786445
0.0847519849011 0.715310444356 -0.146931659803
0.111538997728 0.699722038111 -0.113466583527
0.122930068698 0.689044619869 -0.0637464636738
0.116029773182 0.686948501081 0.00184552725627
0.0990435860029 0.690410299351 0.0296545956227
0.0571804980703 0.70278220898 0.0539512411105
0.0203295445756 0.719711586792 0.0635322616678
-0.00332464090486 0.715024880707 0.0802196318717
-0.0309360339735 0.727745236175 0.0896216694493
-0.0413754833736 0.728759698209 0.101639956049
-0.0433044388165 0.720695173342 0.132252658597
-0.125561629881 0.73629234174 0.142379444854
-0.259098371809 0.749420607369 0.160548247601
-0.396752378334 0.76724156963 0.10934416207
-0.438599743348 0.764967166883 0.0541083534601
-0.43714161041 0.774707095999 0.0165615556021
-0.422162846954 0.771518156465 -0.00219503896585
-0.434378298166 0.779327523932 -0.00904804496595
-0.443534519255 0.779439430271 -0.0659215804734
-0.449971095645 0.777812972613 -0.104967045034
-0.46828840888 0.773796517692 -0.140101368812
-0.467466901818 0.780831650801 -0.119267147699
-0.470325527835 0.778213136651 -0.0695638322067
-0.460896215166 0.782574719007 -0.0691403223408
-0.432217045508 0.781339663232 -0.116374436607
-0.429802419944 0.78565690374 -0.170795575249
-0.457373265918 0.775346919009 -0.223798307339
-0.463634062378 0.771788513897 -0.280288670345
-0.475986744301 0.750092138687 -0.317190135295
-0.454285463136 0.742523915463 -0.369182410076
-0.467741597687 0.736612848357 -0.384459775907
-0.457194860078 0.735691674761 -0.387612973868
-0.430375031569 0.745348640423 -0.396665862247
-0.372509071136 0.734914299023 -0.434113507476
-0.25407035531 0.722786482269 -0.475349607856
-0.139012734235 0.718076261327 -0.493160444644
-0.0441217909842 0.713929459191 -0.460054163487
-0.0107600957524 0.716898821017 -0.406285086396
0.00747675132555 0.720845309609 -0.377799579097
0.0504415412793 0.717836956405 -0.326140478314
0.0647171850157 0.722375806687 -0.275117479099
0.0942258404183 0.713456386377 -0.238735744147
0.103894553681 0.709620517787 -0.203454372574
0.108755732365 0.707725905601 -0.183597414628
0.104296884466 0.70997034943 -0.17021029018
0.107355239285 0.714847320568 -0.171440896993
0.0995846636595 0.709909692052 -0.209728418732
0.174405993466 0.679175530409 -0.247378579945
0.201017226363 0.665519071619 -0.196468605223
0.229756020931 0.641203812488 -0.161577134793
0.247990870133 0.636742951147 -0.118180215223
0.252283914661 0.630118307061 -0.0662522253903
0.238380906477 0.630073048646 -0.0225460794058
0.196705572911 0.642608213042 0.017264471199
0.175357849482 0.654719891291 0.0194555368169
0.15740319524 0.661509175948 0.0311801424049
0.127933336326 0.672547120589 0.0299734831757
0.0741935073018 0.69934373282 0.0283584449036
-0.0227374280846 0.712074236248 0.129491035318
-0.171928355832 0.723568121072 0.189622375881
-0.301582362698 0.744441408614 0.163693457962
-0.351011426397 0.758374414315 0.119562543153
-0.38312246173 0.76281333935 0.122088041727
-0.419706317275 0.758994156061 0.119953273457
-0.433631276455 0.763165843136 0.0828304000445
-0.447314837164 0.767547429197 0.0656539760684
-0.461632150569 0.765057136917 0.0431572360968
-0.482182315808 0.780013543831 0.000264915701633
-0.486842890386 0.77159218074 -0.0199092562594
-0.524085322802 0.769285146933 -0.0444920249561
-0.543990883483 0.772226852212 -0.0829837362163
-0.556624635669 0.76077648595 -0.12621680363
-0.57374205993 0.759954591339 -0.173190431027
-0.580004854266 0.747988836295 -0.214769381762
-0.58338419841 0.730257567577 -0.288923963559
-0.536925279137 0.711590742334 -0.379227707662
-0.494076878649 0.702226816138 -0.433093834046
-0.430174674733 0.701476450685 -0.479651509379
-0.388295616611 0.708014443141 -0.500812175847
-0.347833021758 0.702763948479 -0.5129523037
-0.314051274946 0.699844179505 -0.520383010584
-0.312217633276 0.709910618155 -0.526901998209
-0.286666185461 0.7183982594 -0.497805595883
-0.208581406436 0.766152222405 -0.401489536231
-0.153346398592 0.77636292815 -0.304666374706
-0.128414731161 0.788481243207 -0.262842897084
-0.0729753707284 0.771634459078 -0.278828207234
-0.0360031567117 0.765300921858 -0.261496747862
-0.0121483671256 0.759671652667 -0.278501332081
0.0189922032678 0.750152864087 -0.282199881162
0.0597210207672 0.736728240589 -0.257265875148
0.110916109719 0.722312477166 -0.242133883574
0.138229587032 0.713502660825 -0.212213579941
0.156276681867 0.708878544717 -0.184330565488
0.151925122177 0.711216276985 -0.162078352402
0.163803861146 0.705198924315 -0.151078080914
0.182512406032 0.694895576393 -0.164448401
0.199037747266 0.686797034661 -0.151321348842
0.230229963887 0.668917540368 -0.135675941332
0.246969881539 0.661005575513 -0.104818711897
0.219758821378 0.665668412693 -0.0472611796549
0.167104724185 0.682918679264 0.0239435493237
0.123785501192 0.693958009709 0.0708755803982
0.107943561005 0.692160374137 0.0973242130973
0.0919406885049 0.690222805908 0.110475212839
0.0645855415231 0.701081180251 0.109081168449
-0.0290924157442 0.731499527115 0.130972897659
-0.15246678278 0.770674039522 0.1009689868
-0.241577728636 0.78636679873 0.0695487575067
-0.298391882669 0.789376537739 0.0660283470274
-0.351085898924 0.783526497782 0.0681794898605
-0.404116627422 0.779468472622 0.0744778981821
-0.442693059074 0.773850267957 0.0506530723072
-0.474316426409 0.782949258564 0.0144587225159
-0.484335824228 0.778074589798 -0.0347227748604
-0.507244097747 0.784593318091 -0.0824627472599
-0.513451250103 0.781081557198 -0.134520565947
-0.512048759146 0.782367492163 -0.161588495853
-0.499226377291 0.781406680928 -0.151631446017
-0.467172734546 0.793662626271 -0.0460982312494
-0.391638936493 0.795019173826 0.0258005854011
-0.305208838848 0.783183302947 0.0745678194702
-0.20755658123 0.77524957881 0.0969759123301
-0.135445794866 0.752516065719 0.138157818699
-0.071200897901 0.726846837894 0.165145918254
-0.0363970399212 0.720646226751 0.178232218467
-0.0187771000462 0.724056306822 0.155743466096
-0.0099010739163 0.721615977166 0.157495476445
0.00928029135214 0.718044574928 0.136147839397
0.000404265222233 0.720484904584 0.134395829048
0.00577793607963 0.714866330148 0.13266062306
0.0532849132694 0.705516417111 0.113880080909
0.0864060853337 0.695701447686 0.0989127858696
0.116807612699 0.687624842259 0.0661174198836
0.160358257604 0.683107558512 -0.00873837758881
0.205038301885 0.675402721034 -0.0542120793255
0.236181745459 0.661716850122 -0.121611963372
0.250677711973 0.658108112615 -0.180261456812
0.269023597867 0.636999025115 -0.240490706264
0.270452910876 0.63830828219 -0.26534236401
0.245537213634 0.645099869219 -0.304029862611
0.209213599929 0.656233404669 -0.346783537392
0.175542014506 0.655079379749 -0.394189076835
0.150894537787 0.662104187873 -0.410713853841
0.152348674971 0.655029417125 -0.418437827156
0.162354975781 0.636827101474 -0.436093643766
0.131202430951 0.644250687832 -0.465353898247
0.069232055659 0.648898495821 -0.513110260428
0.0273966650819 0.648719295295 -0.535387265475
-0.0221554097461 0.677205324934 -0.508850814824
-0.0498224447961 0.681471686251 -0.488969909295
-0.0807464408944 0.699584401639 -0.482452595209
-0.150705716714 0.715849518833 -0.473735398744
-0.19648833832 0.72676523215 -0.455427520584
-0.227104442103 0.7346552607 -0.440362331874
-0.259996190133 0.74258492689 -0.438407390962
-0.296822319452 0.75113027688 -0.411698685974
-0.340666256326 0.730242152892 -0.458801727646
-0.437958728132 0.753148698939 -0.370649556174
-0.458514639731 0.776439270518 -0.286139206637
-0.478922716025 0.776792790338 -0.255168538129
-0.483555345978 0.789376531553 -0.239247927507
-0.461950253889 0.796384654376 -0.218356564669
-0.415129550926 0.801098000975 -0.213011456712
-0.388569964257 0.795802247898 -0.181445438581
-0.360352515848 0.802504880926 -0.138953509628
-0.366579386876 0.796824732545 -0.0816560496746
-0.364588808646 0.790216403989 -0.0450545797987
-0.332668400859 0.789781306519 0.000607351476465
-0.306172434854 0.790751056934 -0.0201293905455
-0.256511949244 0.78334009793 -0.00392224213491
-0.164572072603 0.774409613094 0.0392797344727
-0.10846415874 0.749738531773 0.0936126405833
-0.0593857795969 0.727094988716 0.123843429589
0.000292981259604 0.703576916282 0.155353564952
0.0205749259757 0.688387288272 0.176083163752
0.0596766995408 0.679802300642 0.162484706561
0.104827566328 0.670422058916 0.123945100134
0.12450857403 0.673605924471 0.0968364182832
0.143502184933 0.669871267465 0.0599748761182
0.160914417323 0.685742388191 -0.0737682130379
0.183145036154 0.680785672537 -0.193006595427
0.173127636212 0.684318353702 -0.257099505075
0.162813195817 0.67918714173 -0.330659996207
0.121262871256 0.685576632121 -0.376428223333
0.0751195885337 0.694093955793 -0.419890686809
0.0499724693806 0.694363496124 -0.430654419012
0.0341473746869 0.698901330373 -0.449859729988
0.0186450199242 0.691144597672 -0.491259697743
-0.0520404491842 0.698372667974 -0.527470437315
-0.123993176414 0.725413196056 -0.491653375761
-0.169478757568 0.744992802511 -0.463877916117
-0.230643348717 0.771322055983 -0.411267603087
-0.314666565035 0.787401982104 -0.372141893596
-0.375144006654 0.787093543675 -0.392447153369
-0.414813039071 0.778374067139 -0.395567586986
-0.448084291587 0.769162523931 -0.394817631765
-0.475509052863 0.76106435197 -0.403780199494
-0.521792439476 0.744243015297 -0.413589786954
-0.549459474526 0.748509376615 -0.393708881425
-0.579687219838 0.746246684656 -0.363447001613
-0.590368943012 0.759625679968 -0.322585241755
-0.592469682632 0.770307802418 -0.304350465304
-0.604512227094 0.780352304763 -0.264947034784
-0.579782286341 0.7818048129 -0.256684853571
-0.566219738884 0.800383600709 -0.183752476407
-0.52977286678 0.808253255782 -0.128997733968
-0.512653444643 0.817482500325 -0.0969355188424
-0.516117003427 0.816422779876 -0.0652476594571
-0.494933085492 0.808338251303 -0.0170350230665
-0.457383636064 0.812997030537 0.0648855429481
-0.387142167409 0.807467686593 0.0963784593707
-0.313957610826 0.821441522991 0.0549940522367
-0.266029459482 0.82718426135 0.0088922365329
-0.210022840198 0.827641941387 0.0096258171912
-0.165106268502 0.815906735296 0.0627113121279
-0.103678327886 0.78557043532 0.110876467931
-0.0450485002492 0.765309882945 0.119653324038
0.0264453789115 0.742039961333 0.109860970737
0.068832933454 0.728039291674 0.0969309648775
0.100124459602 0.724972583463 0.0586598329199
0.136913790309 0.722716059075 -0.0181353600619
0.186243310036 0.708762950202 -0.125183616095
0.190424836156 0.700023000723 -0.257393600666
0.152392589786 0.694944423517 -0.379207065553
0.114883934724 0.700811518546 -0.440863968117
0.094490706045 0.699093158253 -0.440635831012
0.0653843814269 0.708362410207 -0.44377348357
0.0415176174047 0.711896477177 -0.459727702914
0.0189828547414 0.710334365072 -0.461528452808
0.0104991828366 0.719436674083 -0.477906596598
0.000976554271475 0.725484355442 -0.469147803811
-0.013610977533 0.714353492135 -0.498895853106
-0.0819135141861 0.721635213236 -0.513131256244
-0.113430468615 0.743401924546 -0.491670594702
-0.185503333793 0.780828394233 -0.448887502654
-0.235517377141 0.783695898212 -0.415293441902
-0.251479455276 0.792284204246 -0.381878778709
-0.318638620239 0.80688092377 -0.348684694819
-0.360164995928 0.817460818603 -0.32853531482
-0.427729612126 0.802318574354 -0.347552411475
-0.44363916873 0.78997174241 -0.343583714386
-0.46357354934 0.784482775648 -0.369380285535
-0.460650427355 0.768261354041 -0.415570763568
-0.468503467014 0.754846409264 -0.445595689514
-0.492223023766 0.7815740712 -0.383631234075
-0.523798493356 0.799053870691 -0.287990369615
-0.534226843623 0.814737967211 -0.194223356758
-0.515882708336 0.818777744241 -0.156872760821
-0.483045479714 0.823375866096 -0.114470323358
-0.438261020403 0.81993139939 -0.0873776014905
-0.428751241577 0.824362948074 -0.0803052751459
-0.408052993764 0.820025703861 -0.00828420266156
-0.347875465776 0.815837331485 0.0662548105943
-0.265614278958 0.81705486295 0.0263051997945
-0.204961057408 0.815431353925 0.0291655611225
-0.173862156683 0.807961123347 0.0539932712852
-0.119084246302 0.796793571033 0.0792612956749
-0.103366439818 0.792162448346 0.0896015180121
-0.0990317256207 0.783489246258 0.113003248601
-0.111974245425 0.794835999098 0.110012229259
-0.0998392603697 0.786956665303 0.11021641878
-0.0556180641573 0.783022434295 0.0907674252967
-0.0105893331959 0.775620784242 0.0741052616344
0.0598673527351 0.772496267819 -0.13055727767
0.0995232881424 0.758138759938 -0.194274158039
0.10053829593 0.757002983147 -0.285328701741
0.0765651190022 0.747869329414 -0.358937932418
0.045344957755 0.7447437194 -0.41067812251
-0.0109815282801 0.75241352398 -0.452918381355
-0.0225375273174 0.746136309701 -0.486113309623
-0.0519408923875 0.746741668517 -0.498718543665
-0.0536920700237 0.745152546127 -0.500462151833
-0.068051053097 0.744710811849 -0.494432632561
-0.103837103182 0.777292571688 -0.458982353727
-0.150010081136 0.789953655582 -0.440959754397
-0.165593777359 0.794701388817 -0.440218615937
-0.197568704554 0.807664274333 -0.441523168836
-0.252470748637 0.812403068388 -0.43000233819
-0.315278353911 0.824662055645 -0.419060467385
-0.352212894013 0.812132334999 -0.435095361458
-0.408043733367 0.809742707508 -0.453273840562
-0.442715478962 0.807652579267 -0.440367367707
-0.457114133827 0.817666752923 -0.420723001463
-0.460038378385 0.812906392333 -0.408411033852
-0.480874484943 0.833868540596 -0.379022209474
-0.493226919596 0.845728379847 -0.333255241306
-0.516235377945 0.850008754323 -0.278288751544
-0.521397345564 0.859980987969 -0.195122033313
-0.495512058686 0.870843696749 -0.10647156151
-0.479162497382 0.864677102471 -0.0758996109065
-0.477479811467 0.868291460753 -0.0478460156539
-0.48817750483 0.86276055398 -0.0101202348161
-0.446544716235 0.864848379851 0.0273853965173
-0.384314099103 0.875153290601 0.0345228521883
-0.305638606894 0.877289693291 0.0481385435387
-0.222559908767 0.868727658 0.0588459783941
-0.173546025592 0.864924050699 0.085563929941
-0.153910683311 0.853341774391 0.116804331877
-0.0955619259363 0.843327230964 0.11924958552
-0.039125278512 0.83158363249 0.106653598036
-0.00224550508835 0.823084926719 0.0843774373673
0.0371929807206 0.812707924293 0.0666317146878
0.0328314444711 0.821357804272 0.0410137119392
0.0457223180473 0.818371757144 0.0246607746912
-0.0220428894324 0.861894385544 -0.11646638514
-0.0129593902636 0.861785698142 -0.208555748314
-0.0253320253061 0.852713618354 -0.341197644932
-0.0926355243608 0.839949660579 -0.449623570792
-0.14772532281 0.844525199868 -0.453616645262
-0.153018527511 0.850213740633 -0.445232622796
-0.143078720545 0.842444010806 -0.451489864593
-0.155457101947 0.841706095683 -0.456729091279
-0.139265599778 0.831232486414 -0.503156108598
-0.146323954427 0.824829352636 -0.514563085591
-0.171740169407 0.837440104136 -0.498699616695
-0.169369211387 0.835398552714 -0.509683083823
-0.216350846664 0.830545273457 -0.528325824737
-0.319475209363 0.816710353683 -0.543872094837
-0.383403360027 0.804862964762 -0.548320614357
-0.422087955192 0.811725903924 -0.532220606176
-0.446859565613 0.812321953789 -0.511956528145
-0.449606907668 0.826611427942 -0.483210948557
-0.518048425639 0.829536270896 -0.429914965254
-0.543776528686 0.83555500937 -0.392776546439
-0.528204559629 0.862268288376 -0.343808055345
-0.492564346972 0.86103093023 -0.340630065422
-0.477854679342 0.870183201864 -0.332759458891
-0.454863941789 0.872141789832 -0.293282082284
-0.455498569788 0.877844343756 -0.249812475585
-0.444576323447 0.877249679694 -0.221937863312
-0.457242644045 0.874110155988 -0.139984532953
-0.463457540637 0.870525209828 -0.0497282694375
-0.421787953431 0.866324210097 0.0378638498896
-0.359437198349 0.866243179242 0.038035275067
-0.32366287543 0.865122431644 0.0522946257876
-0.245770093794 0.862342225556 0.0802511717479
-0.187999447135 0.853909797939 0.0668972414429
-0.119991953057 0.846371533633 0.0567536508248
-0.0500475248535 0.832178296551 0.0787789857635
-0.0117016398094 0.818700022254 0.0817376553419
0.0330400272594 0.796322331352 0.10347812603
0.0541443543406 0.775593404186 0.0962520232471
0.055096864038 0.801704913084 -0.0132267701853
0.0698142759045 0.810930369985 -0.147670245857
0.0475971476692 0.807626106241 -0.298148615603
-0.000943039820922 0.805587226961 -0.381633806806
-0.0201623262746 0.794465672604 -0.444251168175
-0.0583067319098 0.78505353936 -0.496316974463
-0.0851513845947 0.783780601521 -0.504391770515
-0.100815546974 0.788458368427 -0.510299448533
-0.100384396261 0.797238872112 -0.489750506252
-0.0994407533737 0.802295413547 -0.490793727904
-0.114917161387 0.80713643522 -0.481187500805
-0.130783925749 0.813722827471 -0.471866552537
-0.160012386193 0.824970671098 -0.45312676233
-0.179247395566 0.828495429117 -0.436211669601
-0.213918265858 0.813830868611 -0.47209511944
-0.210460700704 0.789668539263 -0.459048742011
-0.258776335216 0.781504089149 -0.476933540104
-0.337009824849 0.769261610169 -0.470919996033
-0.373620502446 0.765419104771 -0.475271036463
-0.384450308195 0.768178937382 -0.463538028695
-0.417734410449 0.769446624217 -0.446956954342
-0.4305031482 0.770454079671 -0.452481459859
-0.467640290284 0.75983298437 -0.453287727646
-0.466238674631 0.7736933516 -0.431565734857
-0.475693686779 0.790290229332 -0.400327006459
-0.498150856465 0.792965165888 -0.331777604909
-0.504872251601 0.818326231775 -0.264663414273
-0.486825156766 0.813702115667 -0.236780399819
-0.478110938253 0.823696285618 -0.199536099733
-0.476308114389 0.816924702295 -0.178448534974
-0.466840005231 0.823404808981 -0.142849949386
-0.45251071739 0.827990303482 -0.0873944058516
-0.411307956936 0.842279407864 -0.0365592063766
-0.353884874382 0.854525575019 -0.0448461643327
-0.280448942769 0.862397162693 -0.0184139061964
-0.20890029693 0.860155667497 0.0101047952448
-0.0595692781153 0.825651545645 0.0387478558562
0.0119097534292 0.804453504145 0.0596980339583
0.0759420718524 0.787005049375 0.054044543965
0.116970802984 0.778077236682 0.0247447964967
0.129310387898 0.776696627474 -0.0051910525395
0.12638614334 0.771936266884 0.00712091507112
0.132239503512 0.785697255663 -0.0961157673874
0.0998502710969 0.796215107313 -0.163623206243
0.0812667352157 0.800372781229 -0.235831663888
0.0523935831154 0.791015215351 -0.364472928233
0.0228024636792 0.7914573194 -0.392592067392
0.0226683534177 0.791340708852 -0.40367342819
0.0157321345934 0.782958983401 -0.436957847948
0.0135498062436 0.772589357325 -0.459250398398
0.00509095851435 0.773307638514 -0.458500857757
0.00744706891738 0.773337967203 -0.438741793481
-0.0163660510002 0.776918678392 -0.450263468506
-0.037552842115 0.789170289298 -0.434774769931
-0.075024698566 0.788748558725 -0.446345184501
-0.125134302956 0.760061762026 -0.471325841942
-0.197816343925 0.748676111089 -0.499403814576
-0.258576853684 0.750206331676 -0.511129264542
-0.331973988809 0.744453268333 -0.502386446956
-0.37797318471 0.746775054841 -0.486897333801
-0.436297117908 0.748405570446 -0.472214903013
-0.480224394119 0.731614562463 -0.462265426197
-0.536852791663 0.726380206306 -0.435360519289
-0.555347635434 0.749444563369 -0.355470099231
-0.552881116372 0.778957312626 -0.307878848165
-0.51333421978 0.789655380835 -0.282880971783
-0.479431212446 0.797331452452 -0.263399198738
-0.458013874723 0.804176320508 -0.258021741016
-0.45165776449 0.805732811838 -0.225625092935
-0.444048121178 0.810530507696 -0.200635204153
-0.43930907832 0.810614487184 -0.158900803442
-0.436306365481 0.80703746417 -0.149652542303
-0.434786609756 0.802104539863 -0.119985167736
-0.414113186118 0.806151323472 -0.0650917796827
-0.356745745546 0.809943496476 -0.0628998696866
-0.286138744718 0.811052809777 -0.0482493588643
-0.23971039598 0.809104177022 -0.0282781174665
-0.179325394954 0.807247446901 -0.0475804777341
-0.132952688197 0.796844819994 -0.0171303683841
-0.0836040906549 0.782841847965 0.0203517299457
-0.0572054362998 0.77740616223 0.0386201151196
-0.0249086444773 0.76472314203 0.0665199339341
0.0316601153318 0.744688804171 0.07991671952
0.0552566609542 0.732514166173 0.0886196295396
0.0300122301513 0.726378270356 0.116861024532
0.0321457854532 0.740941519811 0.0561082834263
-0.0302605987852 0.780917453886 -0.0560115509897
-0.0454590441625 0.794472231854 -0.18146809677
-0.0476413725123 0.784102605779 -0.20376064722
-0.0285276236614 0.769982007168 -0.247588219878
-0.028578394586 0.765768280616 -0.315722099163
-0.0207672718655 0.747675568933 -0.339839347092
-0.000374043186753 0.749393929226 -0.340067484196
0.0298645539879 0.732770041209 -0.371249070869
0.0553364109487 0.72861328386 -0.397591407717
0.018727731228 0.733178128394 -0.416853860418
0.0149551575558 0.721359312587 -0.427592386079
0.02015504636 0.726080035537 -0.426794105893
0.0191577593681 0.720976849883 -0.430183428559
0.0207480046906 0.722426039615 -0.441737453348
0.00583773295517 0.723589743257 -0.449290845864
0.00484044596333 0.718486557603 -0.452680168531
-0.00163780009511 0.718908657946 -0.463199373848
-0.0028645111215 0.715690775527 -0.453576342388
0.00253797966491 0.718502873133 -0.468006688488
-0.0172343460574 0.734135621225 -0.446627116255
-0.0578170788591 0.749772057492 -0.427520957909
-0.141635695318 0.772350708201 -0.418535286974
-0.207660589848 0.788000141594 -0.434571854586
-0.272893919819 0.781272253857 -0.450957571396
-0.334073605855 0.77611717298 -0.450273160081
-0.375506665647 0.776287804098 -0.439306082735
-0.404724274228 0.768649067749 -0.421485999389
-0.401193099026 0.78025798457 -0.430693923164
-0.409774082581 0.782954857432 -0.408066939757
-0.429750132859 0.779514448672 -0.405337251662
-0.440796512903 0.773680354474 -0.396423008899
-0.451262784355 0.774671494398 -0.386620994459
-0.455168345715 0.78371785024 -0.374562370495
-0.465068480889 0.781031672133 -0.38191997567
-0.461066483182 0.790965184705 -0.384193804135
-0.442894132072 0.813751609053 -0.359221134295
-0.460659034071 0.82911149841 -0.346894035861
-0.467879196338 0.835142864239 -0.322808723118
-0.462464731115 0.840050164066 -0.304280265655
-0.455069664222 0.844661283047 -0.29702055415
-0.458735824988 0.845510187943 -0.250104068478
-0.459315933579 0.838684953821 -0.250991840155
-0.471789628755 0.839948952481 -0.232137351916
-0.509587345587 0.822432656729 -0.240480207858
-0.574380670858 0.79719134277 -0.222325276976
-0.587070940329 0.789861414621 -0.206289553743
-0.556441739535 0.805048370489 -0.154517428466
-0.489416437563 0.823891254878 -0.116124440037
-0.460567234335 0.829058416315 -0.0534007828169
-0.422251044523 0.819723902241 0.0110429495678
-0.343916260311 0.806837619863 0.0586287309493
-0.285556651074 0.77793649646 0.0601542777315
-0.252369860469 0.770263373475 0.0825783305744
-0.18414978785 0.754504336114 0.105076329504
-0.103243441513 0.729260527037 0.141361429743
-0.0287696758133 0.719204960165 0.108778240879
-0.00468146643934 0.728505087604 0.0489384779913
0.00374058267814 0.734075632016 -0.00189755064361
0.00293105005242 0.729135701129 0.0102270318067
0.0143974816766 0.729080664527 -0.0598869949323
0.0332957788059 0.727347921304 -0.0726548221729
0.0730173327539 0.715132259863 -0.0989803546599
0.0893161231328 0.704751939033 -0.136542283341
0.117886006705 0.695016244887 -0.177730073974
0.127331042293 0.684731514867 -0.256839018206
0.0835735652063 0.689135407004 -0.342027480213
0.0441776243691 0.684889419164 -0.401597939472
0.000740014033337 0.681165826684 -0.445279723293
-0.00751623171366 0.679975482528 -0.459758808938
-0.0287169951414 0.681724541281 -0.462317501654
-0.0518963623632 0.692177130811 -0.468518860683
-0.0875226027081 0.70391704111 -0.453649459315
-0.137251580039 0.713353236006 -0.443546620641
-0.209123841112 0.740463730417 -0.401080742608
-0.268578048991 0.757856232017 -0.366990484861
-0.295232949433 0.765153898876 -0.374462788068
-0.342888009197 0.763884649213 -0.384810998006
-0.365759484104 0.764114551904 -0.382464482412
-0.35359567912 0.764665890151 -0.394955433002
-0.36996008804 0.77290436454 -0.394784852203
-0.409979805013 0.755474350648 -0.411805411623
-0.433349799781 0.769930767743 -0.369819340803
-0.442820782119 0.767617743389 -0.341716591426
-0.457731929157 0.781355879296 -0.300480061247
-0.464793156987 0.77911982785 -0.248185703275
-0.448105760866 0.792143000972 -0.187882507736
-0.440874499466 0.800781269629 -0.130219094222
-0.422408228354 0.802842454986 -0.11474594105
-0.394566288677 0.809218578479 -0.103281822331
-0.364423880579 0.80717103651 -0.061579771384
-0.310518000914 0.818310838997 -0.042611414274
-0.285468193411 0.811635862517 0.00715744512486
-0.259530385001 0.80156343332 0.0663619508234
-0.177800533726 0.791762107283 0.108569859904
-0.0948311216851 0.774699433622 0.125323618392
-0.0357821177709 0.761124182711 0.121690613218
0.00345376605578 0.75265580563 0.119173516824
0.0235231322301 0.745686950675 0.107261526076
0.0310691548779 0.756750150025 0.0799486547042
0.0259000838794 0.768867449049 0.0515438221346
0.0289196422105 0.771625895856 0.0151381395995
0.0647653300306 0.764312830032 -0.0606138317298
0.110511153025 0.759685942316 -0.129008197884
0.15221218607 0.726192317833 -0.200480986752
0.152632237651 0.720303187033 -0.261680770728
0.120053252992 0.722250433984 -0.329790702429
0.0716323281476 0.722400045363 -0.371452001432
0.0228350192673 0.734797579473 -0.395351187974
-0.00590777105471 0.74229813874 -0.40041983386
-0.00970604420579 0.751437783019 -0.379496121258
-0.0106893588847 0.756837149518 -0.364838052633
-0.0576430495357 0.772988974568 -0.347386010965
-0.123926188029 0.782093039154 -0.337715084338
-0.223370170379 0.8114679811 -0.2994620157
-0.300953937127 0.825007282546 -0.284992176613
-0.392235236896 0.832425617901 -0.305746152795
-0.442031830645 0.831312616424 -0.318123249732
-0.468312344928 0.817955010622 -0.328446253128
-0.471288235714 0.821555355745 -0.335478242108
-0.463017142351 0.820673819789 -0.351741687866
-0.464592540057 0.817152749945 -0.37093019448
-0.449480541643 0.826654853223 -0.329815505556
-0.451434321261 0.826974356178 -0.316330487438
-0.455219744673 0.825634770414 -0.311237893968
-0.456217906968 0.833106017025 -0.26583729394
-0.451639796423 0.833050063855 -0.237400526186
-0.417658320809 0.832388751869 -0.19635852439
-0.438471601068 0.836559522377 -0.13493060331
-0.430000778903 0.83793644341 -0.102721340388
-0.455967407241 0.839578200565 -0.149230705975
-0.478189406533 0.832033669221 -0.221096328483
-0.471856369869 0.816825323844 -0.303407210221
-0.47869727492 0.80644168461 -0.360785344904
-0.487803847658 0.789785535304 -0.38340351155
-0.489581847347 0.788173090805 -0.387363391878
-0.449332953609 0.770161587002 -0.466023619702
-0.413652193856 0.745893888657 -0.525250399446
-0.386512745866 0.71386715524 -0.575465042756
-0.333632097819 0.698898667767 -0.595980790896
-0.291781859626 0.697005988181 -0.604446317252
-0.239653979649 0.706533346169 -0.58943784047
-0.217602889231 0.720250092566 -0.578740066753
-0.193895934949 0.737557875136 -0.542204969943
-0.168210376873 0.746162126928 -0.50202720682
-0.159508132796 0.754061094658 -0.497741710297
-0.149338654526 0.777962276057 -0.434342873103
-0.100526250759 0.797049076298 -0.358517784846
-0.105769559838 0.819525775879 -0.2332099604
-0.0283367488451 0.799534394064 -0.21310721661
0.0620525542649 0.778698811562 -0.171966062185
0.1247996465 0.753745562555 -0.0938163178005
0.160080307792 0.722742699588 0.00389711809925
0.165259355349 0.704313252854 0.0801721665029
0.161215687974 0.696428298283 0.110972254212
0.156783662127 0.698696064222 0.126575650819
0.154383884179 0.692306943603 0.150254258058
0.124129316815 0.690020929534 0.17829986571
0.0674672411095 0.720464531107 0.174085382777
-0.0373335666049 0.761793517309 0.168419713729
-0.0872483004256 0.77947380737 0.148097235014
-0.228742249771 0.808482971913 0.146343121329
-0.308064344415 0.809953920926 0.143238233115
-0.356066092983 0.81678883377 0.0891670728311
-0.37118894326 0.826173310467 0.0489720907671
-0.379837543232 0.818320986957 0.0491191385627
-0.390367435348 0.825577630373 0.0066183928493
-0.396870505582 0.834383758539 -0.0210284968985
-0.418998066404 0.837411745677 -0.0681979116366
-0.450625429493 0.82969603642 -0.0745694368852
-0.496070463551 0.826245302676 -0.109198746908
-0.540532182931 0.817395202433 -0.158486125555
-0.55212498058 0.817406813755 -0.241767541817
-0.532779809818 0.809808261841 -0.313518880874
-0.513476308724 0.80425826793 -0.356743960687
-0.489229164913 0.805290978094 -0.388374678346
-0.461628623707 0.811457202601 -0.396857009063
-0.452279777195 0.815748818628 -0.403082315676
-0.44355183364 0.80268932627 -0.430459057416
-0.460887830073 0.784866154919 -0.465340037547
-0.424667508824 0.790454030894 -0.461274275948
-0.346636621173 0.804605135219 -0.452059193733
-0.313543146464 0.807341275949 -0.420452838237
-0.306674544057 0.805173805028 -0.409648354089
-0.237858392657 0.815149903873 -0.383126604463
-0.162579965388 0.80579400029 -0.34922162854
-0.107072113235 0.786921980269 -0.391516925774
-0.0333821806819 0.750968022423 -0.443637770451
0.0300443296713 0.747652793619 -0.418516793857
0.0974003502571 0.739481613416 -0.339536834101
0.127578681664 0.743719678111 -0.198958372466
0.10983573066 0.754862621977 -0.105802254636
0.100196947076 0.739762047435 0.00252702129321
0.093604543875 0.727443241808 0.0766668868466
0.0585544163678 0.729193686365 0.122246884434
0.0469170758704 0.735420938022 0.131193062382
0.051982854413 0.740025050424 0.12090998177
0.0621084178682 0.724011225432 0.145078057362
0.0694458449035 0.71176100033 0.17772804909
0.0185438006504 0.718025957026 0.201886463543
-0.0458252300165 0.737266426592 0.211687219025
-0.0971296050542 0.743181551645 0.202601551084
-0.155061184028 0.751474046604 0.202657848431
-0.229679036549 0.767725150638 0.176289460663
-0.324121983593 0.786987926281 0.118078178114
-0.381093074187 0.806672432496 0.0714373101345
-0.43087482032 0.803487550908 0.0283176817943
-0.472132100182 0.801726234572 0.0218398606948
-0.516057378516 0.79334257652 0.0168779252388
-0.561421946418 0.789961809105 -0.0111025683051
-0.580210082158 0.787620758433 -0.0531709873922
-0.627349776569 0.778460464186 -0.14881269623
-0.631629971358 0.774605878229 -0.216571805194
-0.630631809063 0.767134631618 -0.261972405222
-0.616311622478 0.765457841565 -0.303177000217
-0.607515187202 0.750373113315 -0.356863729041
-0.607904668247 0.739544051628 -0.405938930566
-0.597465218847 0.738529589594 -0.417957217166
-0.58903319317 0.737787986296 -0.420923029966
-0.5622262144 0.757924182001 -0.414144799213
-0.531108470306 0.765196771176 -0.449882444996
-0.504788284231 0.768098469045 -0.453174288572
-0.499885435879 0.764155298857 -0.46184358987
-0.454746296258 0.786236069372 -0.450673566742
-0.314214573075 0.819332655474 -0.427069719531
-0.21802930238 0.828952932129 -0.381106534224
-0.135194875904 0.824348080185 -0.326644213839
-0.11450660465 0.826322983683 -0.302493357189
-0.103987564396 0.837952920242 -0.259072904615
-0.0671106641525 0.833621296804 -0.217647730318
-0.0426332210036 0.820194271469 -0.311080724798
0.0319726570812 0.801847965213 -0.317671140593
0.0727670931213 0.790565188155 -0.255345786698
0.0636239690418 0.813754078913 -0.245382008219
0.100011203411 0.796355039971 -0.150325573286
0.112384713756 0.792852687495 -0.0664735993625
0.11506069091 0.784755531567 -0.0052078569006
0.117416801313 0.784785860256 0.0145512073752
0.140544522307 0.782693976439 0.00140860981401
0.135802606269 0.786777079284 0.0233755440688
0.138359320778 0.776491432696 0.0428173943297
0.0761994405127 0.806124850447 0.0771269724211
-0.059311909455 0.844771346717 0.0618302843124
-0.169074327953 0.852200376826 0.0563456863619
-0.258472337701 0.852917095186 0.0633280914184
-0.357826124605 0.842493641288 0.0734317592517
-0.364201078207 0.826194330205 0.101600467116
-0.369376142836 0.813089579433 0.11792987136
-0.387735125739 0.811121682514 0.111321806826
-0.409286573724 0.80416020391 0.0948629883071
-0.439484623803 0.797753751728 0.0636398053122
-0.447563091744 0.80303881005 0.0168044089501
-0.467076298199 0.812642494685 -0.0363134357507
-0.47192063139 0.820872576691 -0.101824337371
-0.486772387964 0.826323192151 -0.183557932806
-0.471010038631 0.81547642913 -0.265445304678
-0.465701986315 0.807716008253 -0.304571858548
-0.443786128731 0.800334361906 -0.338833956052
-0.46000357765 0.7982102168 -0.343413133587
-0.466522618073 0.788106442881 -0.374196002355
-0.46530987936 0.780821773147 -0.401866425106
-0.453887990584 0.786982376878 -0.379752857636
-0.379952416537 0.801609232345 -0.359081644302
-0.265446959427 0.811078881588 -0.341685470183
-0.155483936824 0.793333876202 -0.336518086248
-0.114267451326 0.784569318275 -0.350303928599
-0.0743849650642 0.772493589491 -0.363331828129
-0.0239845611221 0.75106601507 -0.366817785507
0.0193058419425 0.731596012584 -0.40105467647
0.0427286055117 0.729760671972 -0.389818280276
0.0483040030481 0.734807904456 -0.357992189856
0.0695435629643 0.735177370034 -0.320258421417
0.0974351509922 0.724785437883 -0.274538933836
0.130550576697 0.723304633123 -0.162103558944
0.175304218202 0.703022144443 -0.107404284693
0.185711974493 0.6977440927 -0.0430260962147
0.174421322798 0.695867181849 0.00964303207856
0.1703796533 0.69638957721 0.0255317075161
0.159320423517 0.701034713056 0.0502770694114
0.152771687861 0.69507469936 0.0809792634499
0.112579311408 0.708965765051 0.100370700627
-0.0133278212645 0.762616328487 0.116842546633
-0.146201990567 0.791047144498 0.127636525264
-0.227005044448 0.79956954215 0.130039338206
-0.367531649303 0.804269438108 0.110491176876
-0.422028489422 0.805190981474 0.0915547549498
-0.428233643901 0.810086570513 0.0245855239912
-0.445231805516 0.811453166562 0.019435788795
-0.466700789467 0.812969004219 -0.00528562551676
-0.497101441529 0.808471177381 -0.0212801822254
-0.559814855603 0.797746468658 -0.0683105367685
-0.613476463617 0.782649482824 -0.131033779408
-0.655676511064 0.763257192789 -0.18525830155
-0.670695193582 0.743345825795 -0.235555293128
-0.659527800286 0.726219546123 -0.300225489079
-0.640117010983 0.72076284065 -0.334585480254
-0.620731045856 0.723690162999 -0.386073155859
-0.61950433483 0.726908045418 -0.39569618732
-0.610681952804 0.724421071543 -0.39837672129
-0.635010685346 0.702336612853 -0.407273330532
-0.596458202566 0.703764413076 -0.449366111783
-0.480613875164 0.720785500775 -0.511340627723
-0.341321960017 0.727587220041 -0.544951063038
-0.265339290455 0.731485308838 -0.546947170475
-0.165314076941 0.729917383211 -0.550433957014
-0.0609273271768 0.719699577606 -0.528302740804
-0.00635002090117 0.718848000568 -0.502717502399
0.0330875896045 0.721045430407 -0.471673302384
0.0367240551385 0.724340285735 -0.45710472525
0.0479692886811 0.745007269185 -0.368756336639
0.045448497481 0.761578522436 -0.289321776211
0.0825131520908 0.757410153765 -0.232382696798
0.122536851994 0.743305970151 -0.122757684729
0.127046470818 0.745275252873 -0.0680109298916
0.110250035881 0.757307655842 -0.0395993686795
0.0998085886044 0.749914767944 -0.0126696698089
0.0974108085329 0.751932997257 -0.00390247484103
0.0942323157647 0.757441967725 0.00429416246534
0.100805875596 0.755017953598 -0.00928034714223
0.120994504416 0.750237589303 0.0206315543104
0.0728141027386 0.763171531933 0.0477066274386
0.0061009361048 0.784476875031 0.0707071222073
-0.0649340949867 0.803976190174 0.0544747672551
-0.128532389516 0.826038066296 0.0169758645641
-0.230963361785 0.844343718878 -0.0335517820347
-0.271881931527 0.849197737678 -0.059088280894
-0.31478110294 0.854347937322 -0.0733560337951
-0.35932416378 0.858002303015 -0.0805023062266
-0.394361441548 0.849273517528 -0.0507534277708
-0.434259898 0.842439344227 -0.0408615072612
-0.440979542529 0.842651545584 -0.0713271620142
-0.450916476315 0.846254193079 -0.128771255183
-0.471606745445 0.835871939649 -0.138010699562
-0.481116524271 0.831440390964 -0.145083025907
-0.491502329566 0.832501497217 -0.128632194988
-0.508405177409 0.831866179483 -0.157875645109
-0.514949042008 0.830146433387 -0.205786198308
-0.518085865108 0.833606845852 -0.226115820245
-0.528430000735 0.832619394103 -0.23819124857
-0.546720491917 0.828626261293 -0.271109300188
-0.54855213571 0.826967172574 -0.279501724835
-0.558236819163 0.811893139079 -0.317919075429
-0.562560681497 0.801679761191 -0.342240512878
-0.559531146607 0.798126060287 -0.330775979579
-0.566453393118 0.800246886989 -0.346013008046
-0.556850298396 0.794269171959 -0.348122984355
-0.523983374542 0.794723533591 -0.367205609698
-0.463691689412 0.803276067185 -0.377325667312
-0.398321376 0.805953483137 -0.41355992467
-0.303993695847 0.8013169167 -0.426995358864
-0.268556085171 0.801988183898 -0.408588742655
-0.183000016119 0.804052317888 -0.351209763594
-0.14392593991 0.808018440414 -0.318234570251
-0.104704903699 0.801621943444 -0.290009135241
-0.0666132668652 0.798413000204 -0.291165795967
-0.0502488579455 0.790174525814 -0.291336376766
-0.0448335174197 0.782507393376 -0.321597841997
-0.0322913305235 0.779218158824 -0.36676231732
-0.0211396601475 0.776738191528 -0.351900059174
0.022998196728 0.776901076524 -0.31429653417
0.0768027689897 0.764820742998 -0.226500225321
0.141098436879 0.743365241725 -0.131378246482
0.193524219787 0.700633163214 -0.0332648337196
0.203891181713 0.684829237208 0.0108496913078
0.197732802405 0.677123852935 0.041837164177
0.196169379135 0.675697985312 0.0556074611255
0.165216563108 0.685380028659 0.0748199153233
0.14887897624 0.693641825158 0.0772067682821
0.125497007036 0.706003040033 0.086234035539
0.042890253988 0.733871453272 0.116339206416
-0.0128589966359 0.752533574306 0.138688054214
-0.070076356757 0.767767913936 0.150713484036
-0.152356374121 0.800156460089 0.128801173591
-0.205461575146 0.821250518397 0.0837165286194
-0.27147162206 0.834828071678 0.0369374296049
-0.329485665067 0.834643250377 0.0452563227452
-0.379604123444 0.833250383586 0.00628395989339
-0.410542091855 0.840860546821 -0.00524611731194
-0.427488607243 0.833866437157 0.00894810408227
-0.467130817607 0.82517028273 0.00804394262477
-0.501019852629 0.827996763266 0.00660956087051
-0.541734945085 0.818367724456 -0.0829454869696
-0.565005877597 0.814080713171 -0.177544388735
-0.568803275445 0.810645925186 -0.205410598827
-0.565393360765 0.811659001416 -0.241531002532
-0.555143663608 0.802073934683 -0.254151781976
-0.538264764638 0.798518847975 -0.290825938981
-0.531178712633 0.792370871598 -0.325992612523
-0.507620963499 0.77807770927 -0.352464778226
-0.433736160376 0.788490838184 -0.399927444177
-0.344579549099 0.787564220838 -0.426856298669
-0.263896633167 0.789427764792 -0.422293081117
-0.187552427185 0.78314981097 -0.411308769612
-0.135508133816 0.763218070501 -0.421916207461
-0.121324930672 0.765591752232 -0.410500828287
-0.109739236403 0.767725206289 -0.438790962825
-0.07745242114 0.7613543338 -0.458761359844
-0.0259871137885 0.755579141405 -0.436378058946
-0.0426086440982 0.778254029185 -0.376621473485
-0.0483347501188 0.800310930794 -0.291206547911
-0.0279851889852 0.795670499156 -0.247997013501
0.0349636299293 0.781383057069 -0.136285972708
0.0948252740953 0.753787971803 -0.0106491849902
0.13210338255 0.728824397812 0.030141561277
0.15750674779 0.726692876355 0.0301092115129
0.150960010011 0.729140212591 0.04589999328
0.133864536746 0.724101372491 0.0797553852796
-0.015587495321 0.781565868212 0.106868277856
-0.176339280338 0.830891168528 0.0899901601976
-0.280965430696 0.849306425079 0.0330010822804
-0.361701990733 0.847396236906 0.0240053204094
-0.388238751103 0.835900612229 0.0244783989804
-0.376711571995 0.833747154467 0.0703684673605
-0.401695760957 0.842563977388 0.0579909558435
-0.445327994593 0.82602951261 0.092319426414
-0.473262374862 0.817488220566 0.0412476876535
-0.534812698574 0.816246897754 -0.0677084585028
-0.581372284393 0.813911837629 -0.162462395664
-0.585357436607 0.810313794877 -0.205842510874
-0.576640344914 0.816140882495 -0.232299545753
-0.564098158018 0.812851647943 -0.277464021076
-0.565187885603 0.805583293739 -0.320460963784
-0.556189723648 0.801164372409 -0.340586396199
-0.530501292392 0.805601541869 -0.364109968042
-0.452145666934 0.815865429176 -0.392000954878
-0.30894906573 0.826195224865 -0.388880091463
-0.201689717636 0.829098485562 -0.398404799454
-0.133401153296 0.811314212308 -0.402216787608
-0.088615818682 0.795295313336 -0.423913988436
-0.0398036621856 0.780825899115 -0.430757333297
0.00423863364673 0.749434483432 -0.451728526486
0.0298426029923 0.736986986699 -0.452078090265
0.0640803246938 0.734463693588 -0.421832170437
0.0887677204746 0.750539191991 -0.336253807286
0.132969198014 0.744436573495 -0.246347522129
0.163821829212 0.732516176332 -0.162853514165
0.168250981879 0.734415492726 -0.114755575806
0.158376793454 0.744327068993 -0.0711069861269
0.149793812023 0.738616591923 -0.0335685904494
0.128375598996 0.744346156131 0.00984387452386
0.0432121314397 0.782500215958 0.0205071951402
-0.0931504208222 0.818255339343 0.0458613487253
-0.20081895581 0.850703526842 -0.00676114335898
-0.289975567088 0.851630144188 0.0201677111335
-0.388908179837 0.856299341686 0.0029501054145
-0.459798248804 0.8570286874 -0.00312059560037
-0.509003882099 0.84385434007 -0.0155296277215
-0.522565306983 0.846257334458 -0.0545834944626
-0.548451469164 0.847969057942 -0.0944440435707
-0.572109884844 0.841260334902 -0.253029559133
-0.55342528883 0.826766582538 -0.332317486344
-0.5476860858 0.827786665348 -0.350895097932
-0.529460337855 0.817063519453 -0.404158316891
-0.507127301871 0.807959824638 -0.435918863405
-0.502505523781 0.814262663398 -0.450919767166
-0.52525686074 0.804106624485 -0.455539282065
-0.490732075145 0.816559372222 -0.463695996587
-0.310209702188 0.825099085714 -0.493044882962
-0.223978210772 0.831986540043 -0.45887184715
-0.180067780054 0.842442078206 -0.42316738029
-0.138125101268 0.84271456717 -0.392025286605
-0.0988087512844 0.834316156417 -0.38789356652
-0.0850974932199 0.817383460201 -0.417290793078
-0.0234212851997 0.799904676743 -0.442703347347
0.0438679942719 0.768609867902 -0.434993245897
0.0672770327985 0.789828189599 -0.359135807877
0.106506294962 0.802268409448 -0.185460311643
0.119794628266 0.795391926365 -0.0899564192608
0.10856161643 0.810376359597 -0.0626775711911
0.0876142259089 0.814430519557 -0.0123310109084
0.0837623086533 0.823523519617 0.00416015737479
0.0775106134494 0.826227399059 0.0443299328971
0.0321839667327 0.837539588239 0.10031443777
-0.13757197387 0.866061760089 0.148295989341
-0.261059622745 0.879920934261 0.154161226658
-0.326439912717 0.88355566602 0.142525268182
-0.370049307229 0.898578720859 0.086465558264
-0.366556928516 0.908069113349 0.042082558767
-0.350795454487 0.909796782592 0.00898510958917
-0.349597563389 0.90458399297 0.0120572182409
-0.399437824683 0.897112199563 0.0431177928188
-0.462451152389 0.881890680035 0.0503211917578
-0.475459290734 0.891095586436 0.00993882453348
-0.470174064716 0.900126543314 -0.0612268260386
-0.460593796293 0.910940206038 -0.0953758990495
-0.50226625668 0.919308288102 -0.119266683411
-0.527990611244 0.908585511978 -0.194619522256
-0.513831356973 0.906768789268 -0.249121750208
-0.517872151168 0.894716752365 -0.282022997465
-0.526491931211 0.895295100896 -0.294571089781
-0.458023591188 0.892393580052 -0.345650800924
-0.359386021014 0.887467839349 -0.35281218896
-0.23525376758 0.861593963542 -0.354276817142
-0.0927496815033 0.82720875461 -0.364964499922
-0.0434161788473 0.78172144823 -0.379408303306
-0.00950344222354 0.749529157675 -0.394724747544
-0.0014768677813 0.719048590604 -0.449901740891
8.54329153815e-05 0.69949267603 -0.497550548262
0.0387691527766 0.705204169133 -0.464860633749
0.058405617631 0.714603675022 -0.39974172139
0.0851272591872 0.730429636799 -0.320999559878
0.121718218112 0.73210375471 -0.207293240808
0.139450551699 0.725054707909 -0.0944339414691
0.153576114984 0.710567045558 -0.0576282820718
0.169818388078 0.704307162841 -0.0359214201061
0.168859897575 0.701322501518 -0.00413566705041
0.135777521999 0.713255995273 0.0460067037109
-0.00655165945076 0.758283689016 0.0880394107395
-0.165717194899 0.7922434792 0.0894300928347
-0.270672078818 0.797731252905 0.0993699085113
-0.314176182998 0.80444024625 0.0670866995029
-0.342067771025 0.814832178402 0.0213672119221
-0.343738482505 0.813313022341 0.0262724202322
-0.325501635427 0.817259510932 0.0547579275312
-0.320677255355 0.821653724348 0.0245283974837
-0.333241393247 0.82915990439 -0.0111361465907
-0.336510328731 0.84091105624 -0.0574585415971
-0.331027371788 0.843793120174 -0.0652400712182
-0.288508580164 0.834076143396 -0.00338738131364
-0.230684289399 0.825690359999 -0.0123087672995
-0.219056925461 0.825775256053 -0.0691251610812
-0.206290185587 0.816360450667 -0.048689243293
-0.198277336188 0.808933545904 -0.0392451948127
-0.188255065188 0.809641132338 -0.0537650324023
-0.190669690753 0.80532389183 0.000656106240016
-0.179032350255 0.799096640174 -0.00829007170757
-0.175186413806 0.813130487689 -0.102474280368
-0.124203903396 0.806935497321 -0.119983878341
-0.0621324679704 0.791951610885 -0.223723901017
-0.0153924784346 0.763038776694 -0.307696042656
-0.00726946764586 0.751538078037 -0.353088240504
0.0175121193346 0.744629880461 -0.325482102701
0.0465924972036 0.722762874133 -0.373350644997
0.069355561328 0.701457900806 -0.418440759652
0.0547283577318 0.700782945432 -0.434573961976
-0.0158230011151 0.708127626282 -0.45970334075
-0.115588848092 0.737222702913 -0.448045538027
-0.230159676473 0.759167421691 -0.42016462691
-0.34212014624 0.770873138101 -0.368409321213
-0.394585613763 0.775712227175 -0.330480609812
-0.430228699601 0.781116667654 -0.269957264768
-0.420977164739 0.779002847531 -0.237177444185
-0.44801244497 0.781733737258 -0.197064810389
-0.482159723955 0.778014848987 -0.172791697905
-0.434156852814 0.79216171834 -0.084842027198
-0.433732571034 0.788294604494 0.0292310745923
-0.414341500404 0.780669511533 0.104226362058
-0.451233248263 0.787073015082 0.0935437191643
-0.441197004951 0.798283153669 0.097071272866
-0.414122928232 0.797670788273 0.0921337147918
-0.439610755382 0.782917643537 0.11534007262
-0.540725696481 0.77721721496 0.0758299164506
-0.57338314942 0.787501845514 -0.0138402440009
-0.576939148797 0.784276956516 -0.0217600046571
-0.576736546815 0.782368331171 -0.0369886309434
-0.574149014501 0.788920706558 -0.0451533330656
-0.562658634004 0.793056074397 -0.0493497526792
-0.558482854244 0.792650289583 -0.0541570673189
-0.549941542481 0.800409324655 -0.0631692037528
-0.548797295488 0.795149890814 -0.0645296394201
-0.546426337469 0.793108339391 -0.0755131065475
-0.544514227519 0.794837394439 -0.0604718654216
-0.532593818883 0.786771483767 -0.0779978531767
-0.532606668622 0.79725071381 -0.0621667340449
-0.528147820723 0.795006269981 -0.0755538584922
-0.523998863015 0.794577163058 -0.0825774452915
-0.532377244588 0.795365410575 -0.0751790881716
-0.532511354849 0.795248800027 -0.0862604489694
-0.532094176448 0.79352675156 -0.0837588979791
-0.522908260127 0.789271084997 -0.088370425278
-0.527554862392 0.791352274059 -0.0904972059477
-0.52700357373 0.789746836139 -0.0769142941595
-0.527393930078 0.791492206717 -0.0771995729903
-0.521857329031 0.79442091487 -0.0805485582922
-0.524106151224 0.79448387462 -0.0914425339297
-0.51403023612 0.795238105273 -0.1015298272
-0.520374371917 0.795776816164 -0.100967671719
-0.51987672736 0.794124734025 -0.0918173042503
-0.528957353349 0.790066339094 -0.0634292760418
-0.530184064375 0.786848456675 -0.0538062445818
-0.527596532061 0.793400832061 -0.061970946704
-0.524335575259 0.796369177854 -0.0784301798031
-0.505142235554 0.794892977837 -0.0668190132884
-0.511042370898 0.793732962371 -0.0615390346576
-0.500293031307 0.790903163431 -0.0799208589049
-0.503808236319 0.798204148695 -0.0675769561102
-0.47463629316 0.791076743181 -0.0270479556702
-0.433837861366 0.796608665987 0.00545457368265
-0.387516800838 0.794566744794 0.0165607264422
-0.302482325216 0.79409255648 -0.00112826909145
-0.204556976017 0.790632321039 -0.0351702018731
-0.0555826225651 0.770544509406 -0.0981203074415
-0.0189830441006 0.759717380319 -0.175517993269
0.0235237730873 0.74790520132 -0.146624106927
0.0402368686868 0.739969914355 -0.117983149652
0.0783681773124 0.726305063181 -0.13275465735
0.106277486136 0.709674168585 -0.181479036138
0.135737368491 0.704948371656 -0.228142592743
0.147267420779 0.698627831561 -0.245953859329
0.17855694905 0.687153773418 -0.269313579015
0.208444861668 0.661819348045 -0.31439529149
0.217550311833 0.657493715153 -0.325655635268
0.212635489045 0.65934168312 -0.349945137533
0.215896445846 0.662310028913 -0.366404370632
0.183519187867 0.674923082784 -0.400953005925
0.121294317094 0.656284007368 -0.535493131528
0.0503654516387 0.654894828752 -0.576738908265
-0.00226119546861 0.626037770707 -0.634776262939
-0.121871227609 0.609845484731 -0.677064432169
-0.273619992439 0.610643233946 -0.67025345229
-0.354772608303 0.631436876437 -0.647872254728
-0.386411698557 0.655182179421 -0.604534150422
-0.44846628849 0.676501535677 -0.546448071421
-0.502089975318 0.676097506439 -0.525206315644
-0.532085176146 0.701338643374 -0.488989691807
-0.506193895637 0.737423401951 -0.445073456818
-0.485773844906 0.739165084353 -0.443085321764
-0.494435294618 0.741791990886 -0.427107154836
-0.497223431038 0.745555590776 -0.418625238699
-0.493776717746 0.740279841405 -0.40465915441
-0.508133702943 0.748245457059 -0.413541047409
-0.510587124996 0.74180969222 -0.394294984489
-0.512001590388 0.738428555034 -0.400185858146
-0.509159809864 0.734711599363 -0.404235229964
-0.514696410912 0.731782891209 -0.400886244662
-0.512001590388 0.738428555034 -0.400185858146
-0.516123726044 0.738880984067 -0.390945999187
-0.5262264632 0.738103431304 -0.383074978076
-0.535331913364 0.742429064195 -0.371814634299
-0.540437363699 0.748280859727 -0.347916706715
-0.550782374629 0.759867840243 -0.311202212346
-0.551765689308 0.765267206742 -0.296544143721
-0.54744095167 0.762906152365 -0.321012628966
-0.536072706999 0.769020111878 -0.303331605815
-0.532569476423 0.759623924392 -0.348634312172
-0.524971807548 0.76232641803 -0.356603226954
-0.530035588214 0.76612965556 -0.361231558614
-0.536959832602 0.759843132329 -0.361557174809
-0.550860842909 0.768205223846 -0.332762441096
-0.549044046732 0.771936192676 -0.293627485045
-0.55789325081 0.774399844443 -0.293163223235
-0.553920073032 0.775902684973 -0.282741911588
-0.553773988334 0.778114497742 -0.238701747228
-0.550059929823 0.785646401731 -0.153783018648
-0.491902675298 0.792210118134 -0.0543604124621
-0.452181996653 0.792568888958 -0.0318960222546
-0.441839858903 0.785148990774 -0.0049091816581
-0.413758518632 0.783327663322 0.0414127987684
-0.333375516332 0.780694396471 0.100209769802
-0.253465334414 0.771329183937 0.166984057798
-0.162471098537 0.748934807734 0.22614066833
-0.0638375241166 0.727194367166 0.248802104836
-0.00105674089537 0.7149120578 0.235643961872
0.0762051612244 0.701092891039 0.194578856871
0.138769370151 0.680216654864 0.178601948902
0.166853583601 0.674228245079 0.161222594362
0.19297004512 0.658056786095 0.139280866649
0.213659191678 0.647457257328 0.114641800605
0.246374050028 0.668826653767 -0.0261740294759
0.247781412041 0.674352856332 -0.131854706619
0.233010996927 0.667299005856 -0.255729408269
0.163769688444 0.673764453122 -0.347534336991
0.135902924591 0.675772357451 -0.376126140141
0.115148159493 0.684230039778 -0.388878421978
0.100116627236 0.674797902828 -0.423344294424
0.0385654282209 0.686131012281 -0.483510517886
-0.0359183140385 0.702498726863 -0.498797544856
-0.110052494315 0.706595196605 -0.534062956446
-0.209335791621 0.702553856746 -0.565180687969
-0.296389665402 0.701205701574 -0.571398022199
-0.359089982467 0.713557977269 -0.551591062756
-0.418694270796 0.711923966235 -0.531718144827
-0.463658505791 0.700485680532 -0.511543143706
-0.508698963918 0.739348342825 -0.445171350489
-0.560842566814 0.744467297214 -0.380647373173
-0.55945667408 0.77297397682 -0.279392926286
-0.519453802599 0.784068520892 -0.216718423192
-0.483921753454 0.795312306572 -0.173615599213
-0.449953127579 0.80513022463 -0.116742478285
-0.41128625321 0.804506247913 -0.0383986200975
-0.387822695276 0.813196781564 -0.00689856045254
-0.33351848058 0.807871715831 0.0751367035936
-0.269772103476 0.79642900241 0.141764358374
-0.186563290841 0.771168877803 0.19337597857
-0.109492016267 0.761353538607 0.200498303418
-0.0379444930018 0.738130261214 0.195138494436
0.0130628415838 0.723551243024 0.194756580893
0.0384939170035 0.757217508784 0.0257233034027
0.0693851102435 0.762208318861 -0.0607033232197
0.0566757629573 0.754928253869 -0.189197954349
0.016772201003 0.758646495878 -0.305788996911
-0.000722729866678 0.749090741801 -0.368879022271
-0.0153370837235 0.737936556384 -0.400843343726
-0.0119828110254 0.730495638462 -0.426484879478
-0.0597988031034 0.729086456141 -0.450130722374
-0.109715534801 0.73835939627 -0.455541788817
-0.17532325093 0.752286781195 -0.469076805438
-0.256825676048 0.751795454065 -0.509385656374
-0.342681658732 0.745234509271 -0.512530881953
-0.384587538906 0.738673194705 -0.493586487644
-0.383078635044 0.752626850373 -0.462999406217
-0.404549616871 0.745735338098 -0.472809408258
-0.463373192505 0.74061058591 -0.452365932667
-0.492628475 0.751835107427 -0.43584241462
-0.50464419741 0.761902931882 -0.39422271194
-0.511958550876 0.79091799369 -0.312165173849
-0.522239065839 0.78366503845 -0.271937842021
-0.536478786267 0.785411794831 -0.224084430548
-0.525476073769 0.784887097099 -0.189561001796
-0.528698234082 0.784037275636 -0.137926692975
-0.50726094324 0.77825784827 -0.0368088035854
-0.466130670259 0.77775748868 0.0701592075163
-0.377943401348 0.792732789986 0.0759358129399
-0.318930073472 0.806428146874 0.056094830195
-0.234651486371 0.801060671893 0.0549629614308
-0.140489609589 0.792043905198 0.106842641516
-0.052456416882 0.771177994007 0.128224731665
-0.0511532354521 0.75765114289 0.155073341226
-0.0454576999671 0.752312433769 0.179933401153
-0.0254856454424 0.738938142666 0.2070265376
0.0452255231448 0.710751612276 0.211575038909
0.120833559278 0.701748759274 0.129761198544
0.168996005713 0.709846461998 -0.00796571852393
0.164334321386 0.728792214081 -0.184445678099
0.0965908176314 0.734541682529 -0.327412251651
0.0380551811942 0.731818538925 -0.394161333105
0.0162355126868 0.724623839225 -0.43278287322
0.0322363873103 0.718154057522 -0.43102246069
0.0147405811374 0.72117273571 -0.445322563356
-0.0223936877666 0.706384558076 -0.509830166109
-0.023147578411 0.70989862134 -0.508184451611
-0.0802824744984 0.733610277231 -0.504421617581
-0.134362136216 0.732809772129 -0.520856488517
-0.176534239037 0.7344225864 -0.538986228076
-0.260058935494 0.736275998117 -0.53950007381
-0.329790785156 0.742248462143 -0.528883819201
-0.373702091177 0.744367356245 -0.515798363365
-0.392397786324 0.744191474123 -0.518259162411
-0.439042462086 0.771102394531 -0.458380735696
-0.435592628345 0.795215777288 -0.425447553255
-0.446193885362 0.808664738929 -0.377936976918
-0.473795301871 0.815072946687 -0.320664723507
-0.487942581706 0.818984871619 -0.233203691992
-0.528344429075 0.822136945122 -0.10505946902
-0.562229481167 0.79342922815 -0.0138893981261
-0.567163147325 0.780534376364 0.0223864555544
-0.551835697189 0.777648624254 0.0324413990608
-0.502874335545 0.794780154931 0.0886053167118
-0.417303418877 0.794772408809 0.115241764369
-0.384963834812 0.801022612804 0.148493834364
-0.353594715688 0.802192953254 0.180572853851
-0.308335438118 0.813887782163 0.184776846485
-0.277463963551 0.816710204752 0.207705498503
-0.210834136254 0.799501977658 0.241757522221
-0.17430592269 0.794867166796 0.254371158444
-0.11820598751 0.784915583118 0.245922436449
-0.0845067047309 0.773518497883 0.246754325358
-0.0221719198393 0.754527564943 0.243789771515
0.0529196283669 0.732433974327 0.213390919627
0.100761319924 0.712884696561 0.205374524258
0.110021721596 0.731825843903 0.129718773061
0.164865016072 0.737592820938 -0.0127175649759
0.191407522802 0.74075428095 -0.140593313479
0.201070007988 0.726489045474 -0.2656734154
0.158888803911 0.721839575191 -0.380463293487
0.0694559934279 0.737252469084 -0.438478788696
0.005277590307 0.752489111084 -0.476865463063
-0.0411904302225 0.764893651774 -0.483221857489
-0.0478712782632 0.767224377462 -0.47851243652
-0.0676972480902 0.782810481335 -0.461565408606
-0.0982060636646 0.790793798323 -0.437635131259
-0.1333078374 0.800904948593 -0.411399090262
-0.186753746422 0.806976321833 -0.422513645202
-0.247245160354 0.796165331251 -0.460866296267
-0.340791252507 0.784736724269 -0.495650227106
-0.39875477186 0.755209415058 -0.501865887798
-0.379816802939 0.743020763902 -0.528248562011
-0.353981411682 0.737095313866 -0.556521892188
-0.377096282937 0.728707967639 -0.559210413759
-0.43120364201 0.740458572693 -0.529071634159
-0.509245134253 0.778750262806 -0.454698576396
-0.53863740019 0.794025256108 -0.385555084181
-0.562063912243 0.812602111317 -0.284300222715
-0.529834489568 0.822926109206 -0.196211906393
-0.542271386131 0.817901282264 -0.127270930161
-0.528993029387 0.817336946892 -0.0796372536123
-0.521653604475 0.813494071723 -0.0618986741552
-0.498584398642 0.807115276087 -0.000861068798243
-0.450729610076 0.810642982739 0.0579598498192
-0.412851427087 0.82822924482 0.07295152224
-0.361225187422 0.822593985082 0.108632456096
-0.308130838259 0.82038650675 0.154636807927
-0.240920902371 0.810003513778 0.189576603322
-0.165656447415 0.790145058041 0.205434187954
-0.13986072795 0.794675515939 0.190775704749
-0.0747794763068 0.773969541111 0.207855494013
-0.0492807972937 0.769836105872 0.183729429324
-0.104585159337 0.822573965655 0.0395789003867
-0.0899799067368 0.827465866518 -0.0251169166865
-0.049841174388 0.813528156609 -0.0489408981832
0.0282530866564 0.78785754298 -0.0700914889323
0.109352933719 0.754442824005 -0.145695153508
0.0844132876047 0.757044006591 -0.250300259234
0.0570062471248 0.742706872186 -0.353706693332
0.0204512115087 0.747318360939 -0.368536601714
0.0231320597193 0.74346147261 -0.38588360649
0.00637841702484 0.774427099774 -0.352119794098
-0.00617749491402 0.800769996635 -0.242334276949
-0.0168931435198 0.816270735216 -0.315260340051
-0.0884508906147 0.812249945858 -0.440439180021
-0.182492629448 0.810880770948 -0.4992848906
-0.275217214539 0.806487297074 -0.513234600326
-0.307948030255 0.814556895921 -0.497982026457
-0.317808493637 0.80141480988 -0.518954478604
-0.395877055203 0.806126963422 -0.529466126119
-0.487538734761 0.808978521643 -0.502635165297
-0.566028223211 0.83215423825 -0.403157106141
-0.583579424095 0.860275136748 -0.324309907736
-0.559296356975 0.867593453575 -0.257064214707
-0.512771571891 0.884624689234 -0.227308177811
-0.47536820716 0.887071655698 -0.189427776157
-0.447637551446 0.876539790889 -0.157005921533
-0.429592454488 0.86350832485 -0.114211494809
-0.414291826404 0.86059925063 -0.106372823462
-0.405670048484 0.868428252031 -0.108736143417
-0.386548073681 0.873144370239 -0.00711365485242
-0.337687144136 0.854481332637 0.0690882918425
-0.253762114772 0.844570402632 0.117757632241
-0.185490395925 0.820450659557 0.159599587761
-0.0967569566778 0.796024040883 0.174903419093
-0.0489400892966 0.784858790939 0.149759339293
-0.0277661479211 0.783086410077 0.15010175985
0.0114329372938 0.780906858597 0.0974981754629
0.0561109836986 0.764794671187 0.0669358859976
0.0791065923077 0.770993526755 0.0278005153673
0.0852549950558 0.785011058739 -0.051057173336
0.0653126357634 0.79424158962 -0.13963537259
0.0578807702583 0.795919296239 -0.196981572088
0.00921844694276 0.795859008633 -0.258589320527
-0.0274022072141 0.798328650945 -0.310810576791
-0.0529396827156 0.800343561854 -0.321859587825
-0.0552033525256 0.802478401715 -0.302011032059
-0.0428249711232 0.803216316838 -0.296771805373
-0.0585427776076 0.807847439525 -0.30711202771
-0.0434447515061 0.80684699065 -0.284044730077
0.026913981918 0.795098787433 -0.195816509182
0.0549884532553 0.780629842449 -0.0559703692468
0.0408291989844 0.782446565159 -0.00146814129513
0.0290289282964 0.780126534226 0.00909181596641
0.0498909816037 0.771762140338 0.0307091864422
0.0457400260193 0.763783897329 0.0526441855129
0.0458969625796 0.747109130122 0.095764643013
0.0550392113559 0.736494671629 0.134590787229
0.0484100095431 0.730464691605 0.158644164789
0.048854009996 0.728765965246 0.163361987939
0.0113961258579 0.738846786827 0.16983896466
-0.0739879117474 0.751592219981 0.207506344814
-0.169417046651 0.780421444455 0.227654465855
-0.284080315624 0.800200994684 0.215927756931
-0.358613706235 0.833336764911 0.166385361099
-0.399585920082 0.838144139491 0.13641631792
-0.459427611129 0.853114929335 0.106519961871
-0.529346339853 0.84634970633 0.0528323886684
-0.606738603751 0.843310747946 -0.0296751247888
-0.624999399702 0.835173854912 -0.124078239213
-0.604993654191 0.834470503449 -0.188292990115
-0.605085219481 0.819730902635 -0.276690532851
-0.555341394534 0.808222827627 -0.317535902928
-0.523606743236 0.816031825322 -0.302299289041
-0.493556775731 0.811819114804 -0.300204858135
-0.49922748704 0.808773796102 -0.307937233631
-0.486740942125 0.797030567399 -0.342622841001
-0.468730645902 0.798695276893 -0.364826314541
-0.466507770457 0.786034562769 -0.404938533758
-0.465309004057 0.768247340882 -0.450656347801
-0.45270119862 0.76709995277 -0.458429475241
-0.425073835361 0.773289499387 -0.464695533799
-0.395358582223 0.779276153596 -0.473365249676
-0.342934784368 0.776485622525 -0.482767701834
-0.278793179859 0.767537806126 -0.49446751546
-0.213451686376 0.761784550036 -0.518006632706
-0.130682878441 0.755037851652 -0.500935660203
-0.0588788618183 0.763508807595 -0.434423118034
-0.049047218365 0.768220221594 -0.400755525774
-0.0293025899982 0.765138583657 -0.375561447472
-0.0249658779243 0.764872731501 -0.367071129154
0.0215021426052 0.752468190812 -0.360714734729
0.0317121679707 0.753339032013 -0.359720667201
0.0818702981388 0.74427599087 -0.334363151322
0.122825666493 0.73313314647 -0.258740164469
0.137977336699 0.732179341814 -0.231240322517
0.171027143862 0.728556690614 -0.156196295506
0.205987938403 0.705681312265 -0.099989537792
0.218942432643 0.696429761646 -0.0640397148868
0.21543720419 0.697418599199 -0.00382559625797
0.197899728349 0.702485835389 0.0104005603204
0.202098334408 0.685288672821 0.0376323423829
0.175089876229 0.688042884656 0.079961248339
0.131975253095 0.705580939689 0.0967532408559
0.0799826059533 0.717151974446 0.126704635295
0.0475865046045 0.715022208565 0.152721355948
0.0115967299634 0.728530811551 0.169521750645
-0.0122143920774 0.740518872672 0.143088663349
-0.0662800814826 0.750220919724 0.144701183705
-0.133556511215 0.77103649852 0.121159963123
-0.209171650728 0.782184416901 0.0914022526881
-0.291709036752 0.795453161983 0.0464075137867
-0.35518919121 0.798721746567 0.0168539928735
-0.384363132245 0.797441802149 -0.00876359529509
-0.400054116677 0.802096246945 -0.0168875454727
-0.404970937342 0.79553686498 -0.0262656354667
-0.400297513025 0.793478998027 -0.0219225826374
-0.403529649897 0.798941324275 -0.0181584896502
-0.396605405509 0.805227847506 -0.0178328734548
-0.406195650492 0.800726332492 -0.031554016278
-0.408593430563 0.802744561805 -0.0227868213102
-0.403744226316 0.798754747399 -0.0358886669267
-0.388051244007 0.802507652534 -0.0426761290204
-0.379362972243 0.799904068111 -0.0564380237883
-0.387687709711 0.800738959847 -0.0446071223493
-0.403636938107 0.798848035837 -0.0270235782884
-0.421256877982 0.795437955766 -0.00453482591743
-0.452659688092 0.781596675675 0.0546940419446
-0.474696806198 0.778382481431 0.0620436595193
-0.511084040567 0.795781520373 -0.033012775414
-0.525438152583 0.799580053694 -0.105596003379
-0.539375086199 0.801656538548 -0.175677680354
-0.540813500464 0.794084996919 -0.247486161137
-0.533888380773 0.787797087885 -0.295950467636
-0.509479429344 0.776395298442 -0.363073475032
-0.495754198967 0.769965154378 -0.3744233103
-0.484492367202 0.763411393188 -0.414397298481
-0.466064892578 0.763354054214 -0.434099221031
-0.385540911083 0.773485015443 -0.457745048708
-0.331122539244 0.780900855679 -0.460368855532
-0.240271267615 0.785683798836 -0.42628531121
-0.142889228396 0.769109503672 -0.411128527674
-0.0547607219163 0.746241678698 -0.41384015245
0.0172039797496 0.721296352837 -0.416698410442
0.0733287391058 0.702960741337 -0.408019448006
0.110503555105 0.694718578772 -0.405916614919
0.158935331812 0.675682387417 -0.365175022778
0.183769687594 0.681395266324 -0.284346417961
0.200901084168 0.692719713088 -0.219325399272
0.210930458547 0.691282234144 -0.122273686062
0.179567567498 0.70054126058 0.00600876794589
0.130275721686 0.695631111586 0.114353589278
0.104801866849 0.691380519003 0.155607338397
0.104719402815 0.682903202742 0.16386993419
0.0657785615638 0.691628123029 0.190766024338
-0.0374488463209 0.728070829143 0.219200274176
-0.187912137692 0.769929587057 0.224876452795
-0.26689352434 0.786423221137 0.187801474549
-0.332798280921 0.791686712925 0.164798876445
-0.409179285514 0.804253492349 0.103728076945
-0.455512320479 0.804200211321 0.059663120623
-0.505752914681 0.804785936203 0.0425682005362
-0.571795777278 0.793118117579 0.0383070661761
-0.615424015159 0.793398352665 0.042812712204
-0.608239528931 0.814637594635 0.0025194218896
-0.588437260706 0.828417300781 0.00232321996881
-0.620076598231 0.818606389303 -0.0370071088425
-0.655122101951 0.791040886998 -0.15270829161
-0.661909610168 0.747147677521 -0.288322315091
-0.610519022614 0.732968354132 -0.399990500604
-0.579886948641 0.743988227667 -0.411919710293
-0.543247451114 0.756261405107 -0.420263809975
-0.534881919281 0.765952387633 -0.411831047963
-0.529278824389 0.758448509963 -0.426578608078
-0.511402638427 0.759996608908 -0.459863442416
-0.451785500358 0.751151389898 -0.495567479477
-0.361995136385 0.757096650893 -0.517176017974
-0.277943975442 0.762021829079 -0.520206944883
-0.223434285584 0.750621055669 -0.517101642089
-0.138713695906 0.735147504397 -0.498604275432
-0.0906951018462 0.734648061374 -0.490187058823
-0.0492103958257 0.726116724543 -0.481810179578
-0.0203066731899 0.718756097934 -0.463443900734
0.0298654292912 0.720195608945 -0.420038993563
0.0401698931265 0.731638968628 -0.394348718266
0.0864344363705 0.733717485547 -0.323973774859
0.0903630712999 0.741435966413 -0.221324869003
0.100172998204 0.735571642992 -0.0633905858323
0.0929776601126 0.733218980999 -0.0221775886574
0.0509119701977 0.747499515973 0.0173476831166
0.0219397558411 0.756885378474 0.0252913913563
0.0208203330239 0.753760784493 0.0437795114546
0.0273770473625 0.745001300546 0.0758589455215
0.00896154717468 0.747153841741 0.128519671634
-0.0830825100491 0.737031272896 0.217846981731
-0.193588842632 0.741662218559 0.261878314113
-0.272122233073 0.773271826146 0.199698334475
-0.310866453148 0.803214968663 0.13367275796
-0.346260396278 0.808902493395 0.0718284702363
-0.395596144081 0.812426235381 0.0185152527746
-0.417457482257 0.807280093683 0.0084199719035
-0.451426983436 0.81003660789 0.000336773670538
-0.474746454549 0.795150537076 0.0277882906574
-0.504271955445 0.797734487565 0.0370604993804
-0.52083122211 0.807954772566 -0.0898543757373
-0.515730001975 0.80008096008 -0.289025189087
-0.474696399787 0.795393414986 -0.396937683792
-0.435740710919 0.784596614587 -0.454576305344
-0.411699289541 0.758148817967 -0.489945494869
-0.374712227908 0.749743400635 -0.5033565669
-0.372329295453 0.749797051433 -0.481381230465
-0.416874354169 0.745044067194 -0.473616090625
-0.420819587321 0.76454633097 -0.447942619689
-0.373391953715 0.7761082338 -0.439493467895
-0.234211322531 0.766001964764 -0.452146167306
-0.0881760612526 0.743225672653 -0.472041773861
0.0021467480133 0.732822675975 -0.419502044624
0.0619487672687 0.728307794065 -0.375990841602
0.101546187515 0.709663374364 -0.365527519053
0.138193663724 0.707217054161 -0.311089990629
0.195430101661 0.691932851375 -0.178585066088
0.251401032082 0.671312241839 -0.0716321858095
0.258023364962 0.664694604332 -0.00216140386071
0.220802008238 0.670745057299 0.102874769534
0.183554704765 0.664197755893 0.156904748075
0.13521536865 0.685399115797 0.155770775974
0.0962208832942 0.694077391865 0.178234321803
-0.0226975090226 0.735174542775 0.198544621463
-0.0527742985802 0.739363931185 0.194233918398
-0.0890859378489 0.752592668856 0.184439047181
-0.0993892791107 0.76213109137 0.192627282307
-0.0854762943672 0.755864202074 0.196791352156
-0.0846687596181 0.752396783028 0.199578181977
-0.0934663174679 0.746499729082 0.219386400378
-0.110410834979 0.747912969349 0.218669209501
-0.134399734826 0.753425627992 0.224592432922
-0.163115703096 0.760949509369 0.221740059195
-0.213951253505 0.75678188024 0.234499898835
-0.269902230808 0.764778194355 0.223287450224
-0.307789267783 0.774485862182 0.194304072392
-0.342078635712 0.785369861006 0.144714195973
-0.369447755007 0.785725683196 0.125272760292
-0.412536678663 0.782305278142 0.110402514546
-0.488238277963 0.768161180397 0.118730224446
-0.536915448894 0.770172772901 0.087865007411
-0.586127062995 0.780125273146 -0.00223706508691
-0.590793618379 0.79483075763 -0.100104277425
-0.580780448636 0.78927605951 -0.211284253543
-0.570285604525 0.763159377166 -0.316449841212
-0.547723144506 0.752170379116 -0.361222741853
-0.525390108522 0.743066684301 -0.392983288367
-0.542468736294 0.744363314021 -0.404781840042
-0.516794277351 0.738297931327 -0.446352803176
-0.478593354431 0.743589626458 -0.453555787535
-0.42049684739 0.75225176402 -0.470137276468
-0.350170041521 0.751032654004 -0.510608290804
-0.241324443858 0.73857040457 -0.501864199042
-0.155051282774 0.743409300896 -0.496217422473
-0.0934564162137 0.738434983374 -0.479488870526
-0.0426377112975 0.736267142682 -0.446594766491
-0.0457357379087 0.741846079478 -0.431749312706
-0.0271076591792 0.731472765227 -0.451768449271
0.021663702952 0.706477476743 -0.478875457584
0.111919771104 0.672950851429 -0.497605586652
0.159141682278 0.657032247475 -0.492894906724
0.167802256686 0.666979773207 -0.460083150957
0.178764422089 0.689485415673 -0.363154952539
0.189349080884 0.703257198673 -0.282343152083
0.169883772173 0.721241692191 -0.203625782533
0.138891284354 0.741379643472 -0.170798481363
0.113714469968 0.745792944026 -0.120077150759
0.117726444235 0.749414308888 -0.0744807633906
0.0989722339263 0.744951514948 -0.00276135951811
0.1064457691 0.741225250326 0.0260585807368
0.0667490393274 0.745056883945 0.0695117976547
-0.0314950540482 0.7776263862 0.0959255626735
-0.112203669459 0.796721302333 0.123024583385
-0.212278531325 0.815057283605 0.0922560010623
-0.314916101329 0.818456861668 0.0867798052924
-0.380539787648 0.813474344508 0.0701088096513
-0.423133064623 0.799994507382 0.0793003436449
-0.445197004781 0.796756991029 0.08443368906
-0.495022418459 0.787213317511 0.0847517322347
-0.537409097698 0.788639554905 0.0488918153994
-0.569853972095 0.790703412403 -0.00813675550432
-0.587993507523 0.793162359961 -0.0756273899991
-0.580717703275 0.795584988283 -0.110191570695
-0.603869373142 0.793486467658 -0.16296658026
-0.638083393241 0.76664395075 -0.20996332608
-0.63715172479 0.769605289964 -0.243965351296
-0.680178150355 0.73893759922 -0.240411347313
-0.669373168782 0.744561794432 -0.269272039512
-0.640867781178 0.753666036043 -0.313972667604
-0.585234672749 0.762204556478 -0.359178309451
-0.52698920783 0.768911424476 -0.395420968989
-0.484558861046 0.773843979012 -0.402998723669
-0.398297674397 0.776587673118 -0.430310750662
-0.287038326473 0.781017096456 -0.427197874848
-0.194974316131 0.778515369879 -0.420784753276
-0.129633697951 0.785336546054 -0.395533947828
-0.111866798075 0.77838400663 -0.422772458533
-0.0803358713328 0.767119847473 -0.426185728783
-0.0529935740904 0.766740703173 -0.408960565261
0.0099869379331 0.756716850795 -0.373645999546
0.0673523806285 0.752101673867 -0.356542677278
0.128203333104 0.744329271898 -0.290298194999
0.169750784485 0.74210686384 -0.180828632907
0.198998322744 0.730809157056 -0.0550380687515
0.196930385983 0.718387754041 0.0431060202365
0.173182884606 0.72411031167 0.0689756930936
0.159162611653 0.730283912528 0.0559465346059
0.139146889584 0.737299411702 0.0722910696734
0.120206922786 0.741080712926 0.113585156158
0.0751633442083 0.750554243091 0.160989851223
0.0228856310511 0.755556586931 0.214432467741
-0.135797107456 0.789936175088 0.255716048708
-0.244128215068 0.807081812204 0.21046838074
-0.290730345859 0.819369742346 0.193030625517
-0.323107603839 0.831982796217 0.158481990224
-0.335432341136 0.831291525313 0.157675307857
-0.352011326474 0.839343422826 0.14011571138
-0.348979793707 0.844197071854 0.136668832407
-0.346282975307 0.859250085611 0.122457806652
-0.33550281791 0.873258308645 0.0764694300214
-0.363890052618 0.893709672867 0.00668816270022
-0.38717383487 0.899901891626 -0.0720796199333
-0.422718733754 0.89913733599 -0.0993513247805
-0.454719607698 0.89950246713 -0.151662072534
-0.482382894265 0.88702731385 -0.244272424665
-0.521767983239 0.863894746034 -0.304762590784
-0.530847733925 0.847261918838 -0.32516448527
-0.529242640987 0.846639228459 -0.367461041462
-0.526858833228 0.834118446993 -0.394275627722
-0.508944973351 0.816803288072 -0.426263896761
-0.514993191269 0.805024109905 -0.450112670219
-0.439452524283 0.819028274992 -0.471738013077
-0.324016521296 0.810477481252 -0.522222374597
-0.271242038885 0.816397487537 -0.517724700951
-0.236504674749 0.820629462219 -0.493239825925
-0.188351970427 0.820246629744 -0.473741248518
-0.164565672562 0.816642596445 -0.464435845653
-0.154179867266 0.815581490192 -0.480886676572
-0.125827433293 0.809826301503 -0.476103309515
-0.0671151416223 0.798043065389 -0.475589049201
0.0117321347633 0.78143282076 -0.449595431754
0.108250997252 0.75987195049 -0.426746610087
0.176011346499 0.760457951862 -0.32943398021
0.207590170985 0.75757460159 -0.201012036209
0.21363151997 0.756706162226 -0.0836391032419
0.208953224596 0.754523761579 -0.00936940883386
0.16665611277 0.762282249856 0.0580796293381
0.154099953561 0.755068932255 0.0851967133691
0.0921655015771 0.766002346906 0.136316761877
0.0565929053367 0.777788901425 0.155618707564
-0.00850918755247 0.775344706568 0.214015686518
-0.118016235267 0.793486187817 0.246524929295
-0.262824785519 0.819480362347 0.256797504389
-0.348730416554 0.829687473197 0.219396909949
-0.375965425587 0.830159905936 0.211036835066
-0.39588783176 0.826766141394 0.21819906748
-0.423984019647 0.830659348959 0.202619618457
-0.461400234117 0.838691612537 0.180570335934
-0.482922862172 0.840160805975 0.151416377303
-0.50018325068 0.866516230724 0.0793696836975
-0.504959967454 0.885295509102 0.0363387176873
-0.505921565583 0.901270613022 -0.0732699045997
-0.526482829955 0.90155738545 -0.197910951252
-0.554362690817 0.880488305361 -0.293340068388
-0.549552283058 0.874379966624 -0.341616989727
-0.524121220463 0.859697335012 -0.388222990026
-0.502731827365 0.845537098762 -0.418940314887
-0.467346985491 0.833587289476 -0.453756165692
-0.461811507017 0.815534215433 -0.490983661417
-0.463927341523 0.794732003534 -0.52467478668
-0.402167546895 0.806712318533 -0.524471426319
-0.273759956905 0.828801658455 -0.50199147549
-0.215061390277 0.840072084649 -0.43685617335
-0.140954032053 0.835952292798 -0.403807033919
-0.101059571355 0.825971766235 -0.383876129886
-0.0605850020657 0.822816473794 -0.363057454176
-0.0360716356083 0.815675055121 -0.357614037969
-0.00816432466107 0.790636810593 -0.391427004486
0.0275940280687 0.77060616091 -0.380303632785
0.0719047916942 0.773004180784 -0.296443671261
0.129263365456 0.755741386325 -0.185816189485
0.17048295858 0.728017063156 -0.0582076564937
0.178978604921 0.721009956366 -0.00887070914131
0.170490937263 0.713297565513 0.00457397161169
0.168471539103 0.711475222027 -0.0193323581525
0.168659293469 0.711638476794 -0.00381845303553
0.189253126254 0.70304086181 -0.00436380415535
0.14697285992 0.717134819907 0.0174312903421
0.124315961432 0.717551299476 0.0375079832127
0.0941975022056 0.723789245887 0.0617235393912
0.104015173346 0.717998107733 0.0773437403591
0.115274131931 0.715611428875 0.101071087144
0.140824457172 0.703117287923 0.0962889790454
0.151168592799 0.704104739672 0.108364407371
0.169085573126 0.71617871288 0.0953432364834
0.168657542863 0.736787341324 0.0937613923536
0.163163734057 0.752791857365 0.102462628835
0.157899349285 0.766911070172 0.09815151119
0.170911483384 0.774520863635 0.108711053872
0.16962027639 0.790142916973 0.114821247873
0.168286277154 0.786831746115 0.115579190695
0.155234471264 0.789677860585 0.118634494985
0.147556336232 0.786905400619 0.119954593288
0.14474137776 0.7906456784 0.126220237266
0.137616529266 0.794675130446 0.126211835085
0.140929132296 0.789282770527 0.129096558577
0.135555461438 0.794901344963 0.130831764565
0.141482418835 0.796084682539 0.127768058093
0.129564008075 0.812557943143 0.130382633577
0.130817541153 0.815799147672 0.122975874277
0.136961072845 0.825576412057 0.122730932811
0.13230162084 0.838136831162 0.136435271273
0.136667152843 0.846301651048 0.132230449479
0.139578547662 0.861541241681 0.135749601
0.145668435248 0.871271861847 0.131072115215
0.138017122268 0.868522723991 0.134608485677
0.13318076776 0.862033308354 0.131879212162
0.134661726997 0.854981859716 0.126371511006
0.138190904321 0.858183426605 0.132074999502
0.141168792984 0.862990431414 0.124195576211
0.138273368355 0.866660742865 0.12381240371
0.137383369572 0.86165084565 0.129288169681
0.136439726685 0.856594304215 0.130331391334
