0.925429409846 -0.136180886025 0.131089906665
0.927287875691 -0.134498475197 0.141698603472
0.927921628387 -0.127626596856 0.147018919468
0.926413847098 -0.120598470327 0.150310348464
0.929362915832 -0.12422213756 0.155126065284
0.930630421223 -0.110478380878 0.165766697275
0.931076419553 -0.103769757304 0.155573108153
0.924667787789 -0.0843911106558 0.152622426176
0.925718718885 -0.0792412807826 0.160444293161
0.92491517989 -0.0589591618733 0.127834638798
0.928004352515 -0.0372441687619 0.0989974796019
0.925811172302 -0.0287272148614 0.0776246360121
0.933261881177 -0.0156621017285 0.0744054795648
0.939300122536 0.00242922415015 0.0503840371891
0.936569625974 0.0230541681237 0.0334756731027
0.927213923353 0.0544638319365 0.0107978620333
0.907437614701 0.101630777536 -0.0604270183826
0.911984920264 0.133085699764 -0.126810975437
0.911247875113 0.142935232848 -0.170819204613
0.9083672981 0.144533664189 -0.201944908517
0.9049602566 0.139353505627 -0.229525839779
0.893973514292 0.158788105444 -0.26091328951
0.874447458097 0.178871020122 -0.298200015079
0.861319181803 0.198461868128 -0.33161635181
0.846638334102 0.197740268535 -0.352182098453
0.86827910223 0.17747778356 -0.315082758044
0.869570309223 0.161855730222 -0.321192952045
0.870001212667 0.137080019446 -0.383312442882
0.854725161488 0.0980488513816 -0.456691862915
0.854858149176 0.0771836797327 -0.479489012541
0.852820782951 0.0480440842298 -0.491619909054
0.851443991473 0.0257996891775 -0.496214217411
0.847374377349 0.00531698023256 -0.516420324557
0.846980900551 -0.0223267813189 -0.535672701539
0.833655755811 -0.0575103700057 -0.558835804725
0.826445322833 -0.0913473663491 -0.569548709265
0.82589776983 -0.154832340398 -0.573195601522
0.833017499997 -0.196658274505 -0.577242885222
0.834897669568 -0.232749023628 -0.568473602137
0.830866851932 -0.251113208243 -0.553504633559
0.836644851451 -0.247974601103 -0.536907169425
0.868174902889 -0.246664327995 -0.491530516981
0.900059374544 -0.301733929499 -0.422317719203
0.947540639431 -0.33847427982 -0.2870087459
0.963003062307 -0.402166751018 -0.1922350871
0.931459901035 -0.474902905915 -0.182021776339
0.946795329854 -0.492508155668 -0.109185204727
0.943490705507 -0.501835293391 -0.0492883001134
0.939163969992 -0.507881588946 -0.00990840259698
0.9384369014 -0.504344203572 -0.00604641593931
0.950953388818 -0.486674978037 -0.019548652998
0.947964648292 -0.472595402871 -0.0107495228461
0.948936235805 -0.446533757129 0.0243020380842
0.940101251311 -0.400011338749 0.125482124304
0.925977057869 -0.330985679739 0.205223408448
0.91334555083 -0.300472481608 0.22974736188
0.908041494267 -0.275897360867 0.239051091208
0.902237795269 -0.25807750792 0.254115865337
0.905539546436 -0.244583287864 0.257920295689
0.884624971598 -0.215283755998 0.265748891317
0.88022176568 -0.204585318018 0.268657147812
0.870741929357 -0.179604412464 0.282768191779
0.874262252696 -0.149108915667 0.274479974865
0.875225861526 -0.108327772283 0.24674990769
0.882048811335 -0.0769124876945 0.193476198433
0.883083772242 -0.0906725599065 0.198162086399
0.892629227106 -0.11351161902 0.221442390314
0.884719670162 -0.122806125683 0.250686255014
0.876111864555 -0.120132574931 0.271096966261
0.871936084795 -0.119726790117 0.275904280901
0.864583810144 -0.105404684904 0.273996820575
0.862348960263 -0.0948391730019 0.281150236229
0.855415861889 -0.0738317663244 0.266832914623
0.858773255037 -0.0518835521171 0.260158477023
0.85233780122 -0.0325282275786 0.254991522885
0.857983688354 -0.0210988810547 0.24559621395
0.855199547688 -0.000520581300314 0.224255305545
0.863164746613 0.0172279195141 0.184532572892
0.871133941291 0.0517911201926 0.114987015696
0.85658234562 0.0952947609195 0.0616880998978
0.847333931208 0.126797713171 0.0478753774667
0.818625079141 0.18052542654 0.0341672773485
0.812989181391 0.211132829676 -0.0309944750732
0.802612242906 0.233248903393 -0.122979215935
0.794350016353 0.255185406812 -0.215151341956
0.77155102892 0.270204773476 -0.268937637989
0.763498507729 0.288087586172 -0.264766839497
0.763188617537 0.289902923079 -0.258403301849
0.752253521456 0.300976817183 -0.27044679499
0.752199630081 0.267373958503 -0.357547772427
0.769976259247 0.220553056906 -0.419584500416
0.785220122776 0.188208206338 -0.43514547154
0.796545575205 0.175388941656 -0.422816699568
0.798094150859 0.17888668939 -0.405844465113
0.796706507519 0.175528874314 -0.409519066611
0.803734919666 0.152519553853 -0.419295459929
0.804729086207 0.128233607379 -0.434873235414
0.827715580736 0.0798212810207 -0.448241467382
0.842123089587 0.0425131774569 -0.453894128216
0.858710928911 0.00716735003612 -0.422342826328
0.871921669238 -0.00394618170849 -0.39718908539
0.886169368349 -0.0204124357331 -0.382260868757
0.881295339926 -0.00803859350401 -0.386286707572
0.875626626493 -0.00267656227343 -0.408930495339
0.875856050528 -0.00456186550829 -0.421942849465
0.875086189694 -0.0199577043293 -0.423433113987
0.875420904061 -0.0301570690578 -0.412668967204
0.880280960171 -0.0530334634401 -0.426690519681
0.889638660669 -0.0760357773209 -0.418924120883
0.894389430693 -0.107412810074 -0.426899349727
0.895843567877 -0.114487580821 -0.434623323043
0.891005215492 -0.12938434639 -0.422441184287
0.893993956018 -0.143463921557 -0.431240314439
0.890772671008 -0.156888175284 -0.428395928312
0.886151768221 -0.175765446309 -0.462184947245
0.880035058582 -0.185519388585 -0.45972373362
0.887059474976 -0.225343408909 -0.439677302395
0.889936931539 -0.256330972378 -0.427518696643
0.895466416383 -0.299606096218 -0.420011955554
0.901937546238 -0.346232028554 -0.398637023846
0.909796319433 -0.389500145814 -0.373587490641
0.906341614635 -0.417853796171 -0.327907925845
0.906160716378 -0.453718330778 -0.31451871328
0.897268720058 -0.470187903207 -0.319406702649
0.887774911422 -0.455709549806 -0.323343049973
0.886938556744 -0.460672802802 -0.313434739682
0.895005050249 -0.468053063346 -0.299558146883
0.906115050956 -0.46848447264 -0.256169629493
0.926264007984 -0.462808929001 -0.212642881068
0.927826555951 -0.448808629114 -0.177623255322
0.935774909383 -0.43739559812 -0.171692044301
0.952088794648 -0.4162915846 -0.157328071267
0.951266412283 -0.410752285443 -0.129372369685
0.950541341568 -0.398807550137 -0.140421795299
0.958688301229 -0.406117844352 -0.119896386021
0.95151978519 -0.408447184236 -0.0764671166861
0.949133979555 -0.404333752702 -0.0347411181555
0.947809956879 -0.41395707127 0.0138870405003
0.947148506827 -0.408277839456 0.0551403750398
0.954567275323 -0.433032530494 0.0456492605524
0.952303605513 -0.430897690633 0.065497816318
0.954536457517 -0.449870552468 0.0732558129355
0.95116621463 -0.461339536631 0.0957613696676
0.942841477162 -0.460504644895 0.107592271107
0.958048789349 -0.453004455399 0.124613245107
0.95915336455 -0.447807981307 0.136867656412
0.957442981279 -0.438871229434 0.155387711694
0.962089583544 -0.440952418496 0.157514492364
0.964689965598 -0.444879273153 0.13351867111
0.97360566352 -0.457775510744 0.121655834486
0.984260564642 -0.471177828165 0.078577802469
0.990246284469 -0.432151364309 0.0840023261975
0.985466694516 -0.409205003598 0.104672695153
0.997845075918 -0.408467088475 0.109911921839
0.998853214773 -0.422250482797 0.112381537645
1.00475335012 -0.42109046733 0.107101559015
1.0044682841 -0.427659158247 0.130592781094
1.01878559751 -0.425168865967 0.153089521065
1.01589017288 -0.421498554515 0.152706348564
1.01566074884 -0.41961325128 0.165718702691
1.01000400985 -0.412156017828 0.176033718486
1.01644458199 -0.393714860306 0.185256358504
1.01475016891 -0.365868206348 0.206912392807
1.02372462926 -0.340921317658 0.203537786383
1.02412210181 -0.296462856242 0.192967338823
1.0224456568 -0.241298950267 0.202847939874
1.02817201009 -0.229799637414 0.200101447418
1.03061458028 -0.2044772926 0.181775091358
1.04081263121 -0.20570165362 0.149810355323
1.03803048842 -0.176716003934 0.113558034646
1.03123349818 -0.147184636776 0.095410661566
1.03428100114 -0.123421085663 0.0950997616137
1.01735445169 -0.0946905933776 0.0826071374853
1.02570800909 -0.0870948130727 0.0580810959345
1.01905997673 -0.0595187154788 0.0202725522493
0.994377946549 -0.00424151735943 0.0214183080967
0.938887187159 0.0545221869436 0.100728094774
0.901700643994 0.094225361749 0.148334891243
0.913611076071 0.0924715987879 0.0829386876536
0.930868356953 0.0850759392813 0.0135910059169
0.94263182903 0.0936847958159 -0.0470554393383
0.939472179631 0.113936586036 -0.0994241579778
0.929182810682 0.133977560703 -0.0731885315606
0.931392836387 0.131796076623 -0.0974696316454
0.928433791094 0.141731891567 -0.1501555643
0.932436664104 0.139090971875 -0.20121931546
0.932328253322 0.11801590124 -0.243962914521
0.93602123614 0.117190318453 -0.288663128033
0.941071044493 0.10288452877 -0.302082187664
0.939739043134 0.107980707845 -0.316235657114
0.948574274899 0.0950145039257 -0.334747310216
0.951174656953 0.0910876492683 -0.35874313147
0.927444001069 0.103145676718 -0.378527402287
0.90107928497 0.154808516555 -0.405435241692
0.888756545548 0.162524595584 -0.421153336331
0.898127095786 0.129043051659 -0.429218056665
0.892616194217 0.105155883418 -0.457531309626
0.893503072549 0.0807766485052 -0.48197417375
0.893727378257 0.0410948632094 -0.499042213757
0.89319779332 0.00492714117795 -0.514464539266
0.90842880711 -0.0169384793458 -0.514194391258
0.919818755506 -0.0485976797846 -0.498352781828
0.930537277292 -0.0682655006982 -0.489128053692
0.938132948291 -0.0739703569931 -0.482185556202
0.92651045541 -0.0698149854483 -0.503981909658
0.906257330623 -0.0461946853966 -0.537406648569
0.901675224325 -0.062953432091 -0.53602059178
0.909792241483 -0.0996761805441 -0.536678552814
0.93056671243 -0.154314372754 -0.510854272426
0.933497813097 -0.185255292004 -0.494263122354
0.934826694006 -0.219740603208 -0.499076751056
0.939348039996 -0.249232332725 -0.494039625774
0.942898921046 -0.283803925788 -0.490175550998
0.947881975461 -0.369582241479 -0.452437191744
0.98476485651 -0.397040712492 -0.33331897707
0.992858172067 -0.404397650926 -0.317226112111
0.974958037233 -0.410136154314 -0.349858884898
0.999429734022 -0.415229014984 -0.315889209447
0.997930806719 -0.435494818363 -0.29860607504
0.999686842588 -0.478014325746 -0.253047936918
1.01141063005 -0.507298458648 -0.17765225801
1.01101340477 -0.518200705602 -0.0844133773324
1.01549620154 -0.516254744989 -0.0318828946541
1.02007830784 -0.499495998295 -0.0332689514431
1.01384745388 -0.473641949169 -0.068575944138
0.99962657682 -0.457152373035 -0.0812878886108
0.98909268895 -0.466710429483 -0.0939658097816
0.995990111286 -0.460447228362 -0.0958564657457
0.991221373195 -0.456387447627 -0.0761058036505
0.985792060357 -0.459222867342 -0.0638917297103
0.98091403618 -0.463663724977 -0.038094743982
0.973233027968 -0.46226910261 0.0269266892866
0.961808266012 -0.46426262401 0.068514456782
0.964164376415 -0.46423229532 0.0882735210578
0.95864174768 -0.456658451321 0.109669897651
0.954612052617 -0.454040853738 0.158517376651
0.956443696411 -0.45238176502 0.166909801299
0.942083838034 -0.440249067033 0.221729243265
0.941127345408 -0.434826378424 0.23860358405
0.948712164544 -0.421644654743 0.2464657884
0.941993642588 -0.400450671189 0.24987864407
0.956125199503 -0.389716283744 0.241950066654
0.952520674349 -0.355191334901 0.233653447559
0.956875354489 -0.32813993504 0.230368332625
0.966389129068 -0.306893686491 0.207617834427
0.972755228684 -0.263300445502 0.165457421152
0.978155721594 -0.268895697828 0.165938487324
0.977102792621 -0.282452877633 0.173028032609
0.971002053171 -0.273296917823 0.178625225255
0.967526519951 -0.276451840493 0.177354281077
0.967890054247 -0.27822053318 0.175423287749
0.957869781125 -0.270520769682 0.175031713067
0.967972518281 -0.269743216919 0.167160691956
0.953251998788 -0.260008908578 0.160209792285
0.950599970507 -0.247721348208 0.164861656949
0.94409602497 -0.226340787777 0.186004689896
0.939168352442 -0.214013589767 0.177546306762
0.946766021317 -0.21131109613 0.169577391981
0.944477527332 -0.200792228447 0.172298263316
0.944834205519 -0.166859641294 0.141464152305
0.948392202772 -0.155227402363 0.134472500689
0.944352531151 -0.14629765707 0.135449763856
0.939290748361 -0.134087069608 0.115910019924
0.920868392064 -0.0962332485728 0.139667628355
0.907090640156 -0.0688679665321 0.180463429726
0.892156666818 -0.0383384528709 0.189660863203
0.883542005102 3.63777212855e-05 0.181168456767
0.86159047148 0.0346886318671 0.199222576701
0.880491641789 0.0287888063119 0.122753414494
0.889547443603 0.0412312290655 0.0772377018549
0.884485660813 0.0534418165275 0.0576979579236
0.846882814551 0.0822926075359 0.0540132807076
0.812933279316 0.120773723692 0.019243236952
0.786711527464 0.14525924417 0.0174084637556
0.76897744327 0.1774571555 0.00212900980611
0.753480206834 0.20749690486 -0.0352152720686
0.753753298414 0.211970393555 -0.0916652977102
0.764354555431 0.198521431914 -0.139175874047
0.776409949633 0.177997699525 -0.194410423699
0.777341618084 0.180959038739 -0.228412448914
0.746758329982 0.214094439195 -0.255865224859
0.750691588698 0.192496973199 -0.314497499358
0.751404684978 0.178457035672 -0.336406877307
0.748428794192 0.182057380795 -0.343438866287
0.760927313543 0.172409354312 -0.345165670094
0.754300109607 0.17478672422 -0.336023704806
0.759590193857 0.139709051326 -0.363374825424
0.76464000221 0.125403261643 -0.376793885056
0.770740741659 0.116247301833 -0.382391077701
0.771184742112 0.114548575475 -0.377673254551
0.767668414527 0.100867778542 -0.39920786218
0.768759017415 0.0955617004814 -0.405000842166
0.775896715648 0.0810530183915 -0.420823559118
0.767477539711 0.0713153916462 -0.433688865449
0.763988034178 0.0576579168231 -0.453007200918
0.758573568955 0.0527506169964 -0.471535658381
0.752122144949 0.0531960394496 -0.479838591538
0.758153270104 0.0250835333353 -0.493004307523
0.771037027477 -0.0241063457853 -0.49850151838
0.761821168653 -0.0492631334611 -0.515073361393
0.77007429395 -0.0774619214342 -0.519561373899
0.784442131009 -0.104314117064 -0.511599187761
0.787161775708 -0.106052481062 -0.493771116814
0.787512460265 -0.0973419437053 -0.479870991011
0.794218132481 -0.108056697216 -0.467452727549
0.810174216986 -0.141867053046 -0.456133153928
0.836108904945 -0.181328614371 -0.415895746381
0.84449214475 -0.226225491661 -0.379479573547
0.85849245176 -0.268123694468 -0.339763569537
0.857504018754 -0.30052081003 -0.329161186793
0.864586075006 -0.323483486271 -0.334505035792
0.869794817796 -0.346056693228 -0.319715050195
0.865482929898 -0.354174868895 -0.311077684081
0.868737893069 -0.376428572898 -0.282802680366
0.872383212589 -0.400427647478 -0.25424239782
0.876082176214 -0.424380077839 -0.221249570956
0.875078895592 -0.454705313289 -0.179904656808
0.881427014318 -0.486778221688 -0.087862359641
0.873286035463 -0.502594775049 -0.0306947285423
0.881651567296 -0.492903792522 -0.0222619665304
0.88328460486 -0.472521378595 -0.0284637401397
0.891786244832 -0.454306435589 -0.0238610296013
0.899868708525 -0.442776794047 -0.00684845778182
0.897070842816 -0.399144831985 0.036431675639
0.894943281144 -0.388486031644 0.0524501799311
0.892156267298 -0.363740649557 0.0948106064914
0.881986160995 -0.341511184231 0.16287012511
0.869891970305 -0.323105976172 0.182929599039
0.863372054578 -0.320635317827 0.200936652966
0.867064162093 -0.308886468348 0.205026362149
0.862161313741 -0.304943298161 0.213695663446
0.859281859302 -0.282363084624 0.216448469965
0.849304378421 -0.255730096931 0.221409146463
0.850892625867 -0.26268825713 0.224766533945
0.84428139212 -0.241400985138 0.237044478254
0.83898818742 -0.235712444373 0.24542850072
0.825557999617 -0.229025757105 0.281157329743
0.795931711507 -0.0858517189632 0.279739802059
0.762409591326 0.0265003128473 0.255582681054
0.739078405871 0.0914241516447 0.210316550405
0.72615585201 0.138495506435 0.18063868554
0.722700284733 0.171065185714 0.15268089584
0.721236170989 0.184452104173 0.112534653321
0.716781318843 0.203511247866 0.096098953226
0.711046111567 0.219305864921 0.0848537402715
0.717999175884 0.234023060193 0.0724842163552
0.701527478755 0.242168246144 0.0637897085161
0.688787560933 0.25160637364 0.0455700628875
0.700507365464 0.253856438245 0.0283612891472
0.703243855656 0.258453544068 0.000535416419643
0.702843522748 0.266511062356 -0.0476200782452
0.71349842387 0.253108744934 -0.0906981102626
0.726078284681 0.230956252516 -0.134566020286
0.75480398224 0.183564008967 -0.166511863842
0.776822009706 0.138479168997 -0.195964558589
0.774156009112 0.140264177214 -0.209360085217
0.779745131691 0.12225774739 -0.242155036623
0.771381597735 0.120974114796 -0.265499210906
0.773509159406 0.110315314455 -0.281517715198
0.767611021939 0.11756264892 -0.291149148839
0.766789514877 0.110527515812 -0.311983369951
0.772403461632 0.0841370581658 -0.327650636926
0.770851765528 0.0512501783027 -0.363589969533
0.769382533457 0.0268406147005 -0.407791897932
0.756046536855 0.0105436059894 -0.430035294257
0.772176403413 -0.0336060472263 -0.42124920681
0.796075723023 -0.093799854123 -0.408054108048
0.804690384739 -0.132174684715 -0.399561701612
0.834906142791 -0.180356092348 -0.340355107796
0.848287544721 -0.231198053608 -0.336701951184
0.853815031689 -0.282880527379 -0.314283797824
0.850856848875 -0.333868042072 -0.293332375982
0.867549978531 -0.377527930986 -0.238004573184
0.867325412729 -0.419751257523 -0.181177689104
0.871992843417 -0.447031174272 -0.13210039946
0.87390295549 -0.453709469157 -0.102147746063
0.873281177231 -0.458486145277 -0.0745092584959
0.883097973068 -0.451702851166 -0.0100991348334
0.873949977932 -0.432754228008 0.0784773908824
0.892497837774 -0.409641294125 0.134477870957
0.880765183504 -0.401412128686 0.167517763829
0.894771484144 -0.418088281697 0.162499531025
0.889061101043 -0.410677692465 0.168382002501
0.886126004622 -0.396551473079 0.181613676973
0.878866170564 -0.380064199316 0.219313836689
0.869509592639 -0.336080103238 0.245425948314
0.86411222018 -0.301095718783 0.263911980294
0.864170982611 -0.263252592503 0.272400210494
0.867111197359 -0.239582329828 0.263224221903
0.881513847977 -0.23278180362 0.213757031116
0.909023946467 -0.22037339773 0.150755668087
0.910936056417 -0.218644342683 0.165796909212
0.924202438725 -0.221303880277 0.180471782198
0.924205559175 -0.191914748148 0.19943888035
0.913246761492 -0.151475044024 0.204146213202
0.909934158463 -0.146082684104 0.20126148971
0.909787198462 -0.135720064608 0.206011248044
0.899613109229 -0.0819564017746 0.181466314014
0.895285511235 -0.0270793676935 0.147208857034
0.886481097276 0.00272485819952 0.138113957753
0.875669259594 0.032801942828 0.13807153227
0.892643472337 0.0272449423371 0.0773036603412
0.895330314178 0.0486101038047 0.0152224187518
0.878234853737 0.0919201610755 -0.0733494664394
0.855897834823 0.132558053398 -0.134193372574
0.836184024262 0.152477713309 -0.186994003259
0.828307283001 0.168428578551 -0.200268103213
0.835135091042 0.155735233368 -0.209727282517
0.817319418119 0.166881396172 -0.265534063368
0.77301689327 0.231668990488 -0.32637124086
0.732938673959 0.258300962148 -0.391638874552
0.741326784821 0.217644352458 -0.433835448956
0.752167442432 0.195997939871 -0.446488163585
0.753835033461 0.168127963803 -0.470360470047
0.764753036779 0.117162385416 -0.495331466349
0.779927286014 0.0658609885442 -0.518460960813
0.799328961236 0.00579310114602 -0.527053813325
0.841748196064 -0.0522928761748 -0.493953017071
0.858576311285 -0.108410586806 -0.47633377617
0.876430533427 -0.150994439742 -0.468020352714
0.894597766211 -0.166004497455 -0.447103368755
0.905479218187 -0.177125035779 -0.439492419933
0.906243960695 -0.199525679019 -0.442057841291
0.918969906203 -0.219466358668 -0.441885586954
0.917173938449 -0.248396055184 -0.434070034031
0.920375257516 -0.270696403407 -0.410227574635
0.926217753002 -0.286397732023 -0.390117273042
0.930676600901 -0.288642175852 -0.403504397489
0.928492274674 -0.30741915186 -0.410885535668
0.911812857236 -0.335161822625 -0.408407103102
0.929136619138 -0.401338965327 -0.36672608246
0.927751836154 -0.457212760108 -0.311674741733
0.957969839353 -0.463430603347 -0.18471112707
0.96794644493 -0.477489158776 -0.140881880873
0.952922891355 -0.501640793368 -0.112566125213
0.957984674145 -0.51385138083 -0.0930263812821
0.949106650138 -0.519818401106 -0.0798669793599
0.943128046514 -0.512641032969 -0.0961472294791
0.94140369093 -0.514206833249 -0.0956745654881
0.951749824434 -0.504812031568 -0.0985105494343
0.952988509896 -0.499498946928 -0.0751747773316
0.945619389752 -0.491512311535 -0.0314282939823
0.943186180912 -0.428667259963 0.0437993565329
0.927626693656 -0.337824010453 0.070699258046
0.919105347836 -0.309858443575 0.0530245489572
0.91118493903 -0.300266370263 0.0831881205184
0.909255983587 -0.308330895131 0.113800823067
0.902401353493 -0.295660872057 0.121043730211
0.8908176571 -0.289386976181 0.134422452477
0.891965024543 -0.265257277894 0.152029114962
0.888831321894 -0.232407733299 0.150666591177
0.897378627287 -0.199426648431 0.0969202179287
0.898526870033 -0.187871382409 0.0657369577186
0.905178898144 -0.198632780138 0.0737226768611
0.901248512609 -0.181202396474 0.0686536163942
0.898039202035 -0.192531447981 0.104456806084
0.892652681438 -0.176433643501 0.122023131204
0.88555265712 -0.180788219277 0.139142413454
0.893284436257 -0.177969115092 0.14225485947
0.8854613391 -0.16197160563 0.133413303836
0.886227204181 -0.163390466673 0.1647263929
0.873682156929 -0.107585252417 0.151164925998
0.877739796617 -0.0891977456936 0.13841222958
0.874724234039 -0.0751414926364 0.144995087573
0.85277070254 -0.0488965884227 0.177960619778
0.86792324805 -0.0624248253431 0.156670539036
0.880597547331 -0.0740047992794 0.137498836782
0.893253878545 -0.112902025233 0.13010256778
0.898219224988 -0.144092481109 0.139857516213
0.911937339162 -0.196726457165 0.139363407336
0.921564135486 -0.232069982215 0.120502605035
0.928552875842 -0.244623394741 0.12434105869
0.935135289659 -0.274341338775 0.124758254493
0.937049397486 -0.264204933796 0.124888083347
0.951322796075 -0.301629647908 0.108154061716
0.955071173605 -0.327557451004 -0.0296934528657
0.961387364776 -0.349101266202 -0.0663503909294
0.963129428332 -0.402123325737 -0.0388396440987
0.967398523988 -0.412938374265 -0.0528292613916
0.970721978881 -0.437217314161 -0.0508642447606
0.968769074566 -0.449472243471 -0.0861691493375
0.965227922805 -0.454769012581 -0.124831441397
0.961888497723 -0.449399974771 -0.129932437048
0.968448085241 -0.462326541051 -0.161554337947
0.967925616508 -0.452290431089 -0.187832389847
0.958391013507 -0.448337951951 -0.212032400622
0.958674081646 -0.450176610967 -0.22061221043
0.963429969997 -0.443757161658 -0.224531753393
0.963313827802 -0.416556520189 -0.247388547442
0.97251771219 -0.393494934734 -0.263775507992
0.98304474395 -0.348235598446 -0.280000704504
0.977864821089 -0.317231719447 -0.307485830213
0.964353304651 -0.249691668871 -0.352043172165
0.95404310728 -0.204451966518 -0.372758054722
0.95613099716 -0.204654858925 -0.375161712041
0.955459570549 -0.192663479399 -0.381778593336
0.954399785466 -0.170519379365 -0.403592165733
0.957116309715 -0.201646875492 -0.404731192938
0.961578278065 -0.174502187192 -0.399151219233
0.943400193418 -0.140605549503 -0.419148496332
0.940567526974 -0.0822774119073 -0.440866263176
0.924988949078 -0.0397331966114 -0.436069438835
0.914824836405 0.00771831851127 -0.412744157031
0.893428587198 0.0575798346014 -0.410929949852
0.888273488513 0.0801996857782 -0.42128739113
0.891626885908 0.0853332001213 -0.398139004188
0.890874117837 0.109829045582 -0.362614779266
0.876424064014 0.161760139413 -0.279645936495
0.872903987945 0.164820857078 -0.188689286463
0.89957971681 0.132324462531 -0.134266474282
0.922993366299 0.0758779399945 -0.097262939426
0.925601727035 0.0572315876941 -0.0584771325747
0.928656086101 0.0452938589677 -0.0298849148448
0.922511679106 0.0480910268474 0.0191499493158
0.922928857507 0.0463689783797 0.0216515003061
0.921162832255 0.0468517361014 0.0506504235408
0.919762339175 0.0539731510684 0.0628069411752
0.913521495834 0.0377904505341 0.102057009837
0.920363276188 0.0355996575035 0.110645221825
0.913720102063 0.0190671253255 0.116651208094
0.916115884258 0.00864154608058 0.122795425397
0.934810456831 -0.0121643539943 0.0913777140195
0.948838461196 -0.0666136669565 0.0845200674949
0.954116818281 -0.0702303276098 0.106878576431
0.953051039568 -0.0733082773714 0.129799240849
0.949762138141 -0.097281727471 0.110163691365
0.955615485489 -0.131869636063 0.129354286097
0.944767711675 -0.15642705547 0.152862727117
0.954326016278 -0.189745344627 0.1603119119
0.951892300074 -0.242361619349 0.192629973371
0.957943131078 -0.316654635346 0.192536255936
0.964647680721 -0.348351171054 0.171076008975
0.961234645591 -0.378753379412 0.188229314527
0.953998513135 -0.391631915668 0.209178648251
0.950712732158 -0.386216233639 0.208510196919
0.95907514354 -0.405914383242 0.197975860779
0.953132215954 -0.426007622903 0.19790358823
0.939645263598 -0.448756711983 0.210232774782
0.894844821273 -0.512571044733 0.302431351085
0.939867076888 -0.563958276134 0.0427392808107
0.957016194258 -0.558872791814 0.0133164331302
0.964010928243 -0.546204154544 -0.0275793500297
0.953538675985 -0.522086167045 -0.0954703759667
0.964483761449 -0.491123311489 -0.157983944182
0.961395724222 -0.443507625033 -0.217695551754
0.952339059929 -0.39502671815 -0.245817193611
0.952357027996 -0.367709466133 -0.257592626862
0.954489707994 -0.340571784413 -0.269555445274
0.937850222442 -0.296865251279 -0.320450703752
0.921766021306 -0.237949456201 -0.387585874986
0.907742012694 -0.166685443375 -0.410551053004
0.900651102456 -0.116428837226 -0.419198909416
0.897386409995 -0.0543067710505 -0.412675695847
0.892044679517 -0.010868392444 -0.404668531819
0.877463388613 0.036779008506 -0.396482384811
0.862989385918 0.0845196978943 -0.379431149165
0.850076808617 0.125278904973 -0.361238798196
0.842334177617 0.141346380764 -0.363431537352
0.833971766234 0.161044530366 -0.352897201212
0.849388783783 0.164491029139 -0.239533302698
0.850506208724 0.159208273188 -0.243110010525
0.852374651129 0.154578536305 -0.184631097884
0.861834768779 0.127429243263 -0.0893868632107
0.878808968698 0.0735233454011 -0.0277274579491
0.886252561369 0.040384626541 -0.0200908880056
0.891669886947 -0.00722405333623 0.0571635116823
0.888555890147 -0.0205550186252 0.0688729864473
0.904913182863 -0.0749973250078 0.0795581320389
0.922807076796 -0.128037085877 0.0742567085225
0.883660513113 -0.146792672375 0.0974143268053
0.873755259612 -0.187275332543 0.0860010357495
0.862024603218 -0.170638817172 0.10412951635
0.859905895532 -0.187273946739 0.134139726053
0.86690548775 -0.218713939241 0.137058472847
0.837459577709 -0.203485590158 0.201769420743
0.836485117016 -0.225380153567 0.230419194779
0.837950106063 -0.25134150429 0.221775514603
0.848328795154 -0.298606442536 0.216180410075
0.848366469069 -0.317469700402 0.217476975374
0.845374608094 -0.332779257364 0.207309007374
0.858251509357 -0.346267856645 0.172908678835
0.874688405751 -0.339716867063 0.116605286409
0.890830259569 -0.333422420686 0.0359229002278
0.89873183783 -0.30940841638 -0.0561025925783
0.902253036472 -0.291487351848 -0.113180732187
0.899909775809 -0.301996910581 -0.148770915595
0.894604596672 -0.298403572037 -0.173345696691
0.899940593615 -0.285158888607 -0.176377467978
0.894839139034 -0.262492393211 -0.182302364937
0.890507545287 -0.224430058994 -0.186736997374
0.894018754545 -0.248545744122 -0.169258075626
0.894274125329 -0.237833292983 -0.131264234899
0.879914279776 -0.177351697625 -0.198872070123
0.864567999095 -0.140859867896 -0.270788934874
0.879466296394 -0.144118773759 -0.296194345921
0.864525466947 -0.0778879802582 -0.315900030127
0.849758419554 -0.0219964841433 -0.338139200507
0.829859099773 0.0397234853939 -0.338696715464
0.804824387156 0.0778827962245 -0.336539673148
0.800370657584 0.117923722115 -0.31909686282
0.794689094412 0.133764983389 -0.325909531456
0.802730763741 0.134768750668 -0.329160623087
0.808911969347 0.125682757187 -0.328108999254
0.811563997629 0.113395196817 -0.332760863918
0.816710242328 0.118069275547 -0.33639512805
0.813705531613 0.113238948629 -0.330731976918
0.829126297646 0.0999439328044 -0.329859336065
0.844317639643 0.0885342202147 -0.315974341085
0.856696021046 0.0892721353377 -0.310735114399
0.858946841116 0.0976165255205 -0.314752551033
0.858275414506 0.109607905046 -0.321369432327
0.853738098326 0.120189732478 -0.32954253663
0.860553056628 0.117975617338 -0.323170596802
0.847261850144 0.129019182754 -0.354973154218
0.834443464042 0.146794693853 -0.394753028597
0.808789846346 0.176010246231 -0.42865883368
0.782046748334 0.231513658867 -0.422893148353
0.818326694494 0.214021331487 -0.336701802058
0.83713965441 0.207978354336 -0.27750569854
0.848167191084 0.199069628781 -0.225854585358
0.854209415372 0.185626757153 -0.157271575085
0.860557534098 0.153553848754 -0.0652292779179
0.873758285042 0.100403567349 0.0344815243769
0.885745174698 0.0335561734811 0.127984239
0.899221015098 -0.00671326929649 0.156333603382
0.910113318937 -0.0367203875963 0.163024845343
0.931672498334 -0.0780346210968 0.15959685885
0.930483461222 -0.100115761382 0.170516455609
0.951061323817 -0.127623278451 0.166835125469
0.955801241979 -0.140113731228 0.159779603486
0.971650038274 -0.174017375496 0.162234088469
0.974074380304 -0.257917394532 0.195442009733
0.983868965051 -0.328822266764 0.218781958072
0.990814913165 -0.360308903485 0.217268160547
1.00164359634 -0.384050518293 0.171656642355
0.993222422525 -0.402195494971 0.173702748295
0.998499657036 -0.426793937821 0.162182746808
0.997810262359 -0.442119810313 0.167341298765
1.00195922007 -0.442548917236 0.160317711966
0.988686844128 -0.465111429439 0.190377075794
1.00266520014 -0.502792686756 0.149264060408
1.00834078251 -0.495507100455 0.0783836886662
1.02083132318 -0.490435629295 0.0138752567534
1.01283132352 -0.493487954576 -0.0113999108587
1.01965315075 -0.483054452184 -0.0985521305388
1.00332043494 -0.470552388085 -0.174778024817
1.00271064394 -0.424884964613 -0.236608010878
0.995326689006 -0.366477551737 -0.284546273316
0.992168162181 -0.325243979321 -0.303036481533
0.989815172228 -0.295885175881 -0.303828447657
0.991145435804 -0.227483593055 -0.314522410009
0.986222881604 -0.177359912984 -0.318925107262
0.993526630477 -0.153932180355 -0.317394505375
0.984414324204 -0.113905267624 -0.33503727928
0.951252617869 -0.0327110606293 -0.380092491765
0.928889899476 0.0288852917805 -0.409274159635
0.894173623857 0.0813597012448 -0.426567369761
0.897366088938 0.0863532829304 -0.416716615776
0.887306144023 0.104508954363 -0.403493343485
0.883658826627 0.120100679011 -0.41714221376
0.888022360753 0.119858148964 -0.406435623282
0.881437073755 0.153743175331 -0.34315148412
0.864319896765 0.186477495182 -0.307456678399
0.859821377074 0.199177846945 -0.28045470698
0.8494098723 0.221197413285 -0.232341637798
0.838726151249 0.226169058666 -0.176568465668
0.828920454545 0.23405539904 -0.159229863074
0.816837115718 0.233574027123 -0.140090096004
0.772824762388 0.294377897044 -0.0979355325036
0.784482931307 0.262951917701 -0.0599312014776
0.83354620274 0.160475142922 0.0408009630041
0.868439120768 0.045145456368 0.11428662918
0.905432778416 -0.0808663526367 0.169537518905
0.931237091773 -0.185534936479 0.208629585184
0.939427458885 -0.268391550597 0.22547616702
0.936170237742 -0.336450308358 0.251871419649
0.940421365332 -0.374582608904 0.249657235608
0.942532956814 -0.40415131133 0.230502752296
0.957080569557 -0.41612075455 0.191197215446
0.95558364013 -0.427979207997 0.193568937582
0.948159753308 -0.44102099902 0.199004366189
0.947298574454 -0.437600224194 0.191784992049
0.963638159198 -0.437454670762 0.174486726818
0.963958901253 -0.458156587643 0.16720348231
0.977023556882 -0.471481932157 0.148317058887
0.99134174559 -0.481566072142 0.122023876165
0.999066421348 -0.476601902578 0.013564771381
0.996941732856 -0.47011018457 -0.0341180592928
0.999064436295 -0.436660355139 -0.0939510935385
0.993362044701 -0.395620366178 -0.147714271147
0.988056865564 -0.392027027635 -0.172289052244
0.981351193348 -0.381312274124 -0.184707315705
0.968636099702 -0.380258174451 -0.185799276903
0.969796316884 -0.366607706207 -0.18402373355
0.970215493161 -0.359922404743 -0.196433594831
0.971975524784 -0.385627212261 -0.180698281252
0.966372429892 -0.37812333459 -0.165950721137
0.967846533019 -0.349473503388 -0.200361539975
0.959101756795 -0.29440058348 -0.249758131751
0.950915385436 -0.194729269498 -0.29642753813
0.942615732238 -0.120373293751 -0.307227796333
0.930532653506 -0.0389495538361 -0.327846873337
0.906916402034 0.0194055940449 -0.349621781907
0.902448700149 0.0489439677818 -0.350226362871
0.88781376514 0.0965447245126 -0.346472760182
0.865391409013 0.132872382907 -0.335352735558
0.856923707298 0.160884594004 -0.348594900327
0.837797984011 0.172909990393 -0.337726131231
0.87303897351 0.152363035361 -0.226397848359
0.88913029085 0.139651072276 -0.170118403517
0.894149281397 0.108507260619 -0.155930910765
0.901335752678 0.0898049551489 -0.0887083361602
0.894371836499 0.0939743398527 -0.0754191053833
0.887160528218 0.072711775774 -0.0373420872285
0.891935247115 0.0455251474636 0.020600291053
0.897670454391 0.0297305304085 0.0318455040075
0.901179665773 -0.00279250465176 0.0642358380268
0.914467751807 -0.0432252021965 0.0770712972917
0.929489047411 -0.109386029369 0.103425797976
0.933513611322 -0.198149006384 0.172949910286
0.941596690225 -0.281098908939 0.180931403484
0.939705408697 -0.308026691673 0.212840671332
0.936222759273 -0.357385446336 0.222425453545
0.941388709821 -0.398891877489 0.231863187963
0.929866388946 -0.440847049498 0.229787649536
0.922562640072 -0.464274782127 0.22825704765
0.906394839504 -0.483166982878 0.257933238977
0.947950910425 -0.497890637934 0.176298796171
0.956330167301 -0.511253317716 0.120110516357
0.965950107516 -0.510895562926 0.0723465963736
0.96157347638 -0.533730017297 -0.00519730808962
0.962916342426 -0.509363878976 -0.114390822691
0.962093972885 -0.455475682448 -0.2088623983
0.956271443342 -0.404049751882 -0.255659545415
0.951578313176 -0.355811375046 -0.273074596795
0.943409649789 -0.31072792088 -0.291760592352
0.939495234443 -0.274387635131 -0.293693673799
0.94530205389 -0.262818355949 -0.289791349777
0.938474245849 -0.250125010766 -0.280332170473
0.936594076278 -0.214034261642 -0.289101453559
0.939630727372 -0.171384130553 -0.288492646651
0.93274042124 -0.131443499681 -0.297457717078
0.922149153606 -0.0759577883796 -0.324504202098
0.901752189268 -0.0125857367034 -0.334212084523
0.866036628781 0.0263781371748 -0.339983205044
0.829781754067 0.069042651194 -0.326378433791
0.815238137078 0.0978267942779 -0.316895721484
0.797435561163 0.132049941501 -0.305865188349
0.794678242549 0.152651563365 -0.324989824595
0.784550681217 0.160258038424 -0.334246487915
0.802136930107 0.150997178854 -0.265427352937
0.807656685662 0.147590417187 -0.223122394564
0.807869264203 0.139369644132 -0.190480805017
0.804107789664 0.14222046281 -0.119470604421
0.786274395944 0.159605588059 -0.0808335189029
0.793892893242 0.13710935401 -0.0418519247107
0.801740814574 0.112727816726 -0.0158826846451
0.824601177524 0.049479382177 0.0224493506943
0.843399905033 -0.0489712589598 0.103356906994
0.866484573691 -0.151901478804 0.124620902326
0.894198136642 -0.202325027896 0.120028267506
0.894930063466 -0.249971043041 0.159980810802
0.893429138287 -0.278644196353 0.192175357481
0.878282326313 -0.321799021469 0.208490045482
0.882341703784 -0.376909276646 0.220584780866
0.882809405839 -0.407973813023 0.208551778024
0.891227459203 -0.419217968475 0.187538573932
0.874912698634 -0.42774754973 0.221964523593
0.913159039706 -0.441245927199 0.0737440223295
0.926941909941 -0.430814727178 0.0370039068385
0.925137088201 -0.432450493787 0.0308277543508
0.925754870707 -0.444488517532 0.0330120913263
0.916286761549 -0.450968624218 -0.00258649426189
0.915351985472 -0.434970198189 -0.109978844389
0.90801855419 -0.405905273224 -0.17245166066
0.905642737939 -0.359755092029 -0.205282723487
0.895236104221 -0.33349525809 -0.235782401542
0.890551828041 -0.312550811161 -0.23920574751
0.893891253123 -0.317919848971 -0.234104751859
0.89528089434 -0.306154683963 -0.245341562633
0.890598616036 -0.276802887102 -0.263676320874
0.880321234347 -0.206317812843 -0.326909168084
0.86636371958 -0.145486385841 -0.361272920915
0.853296203594 -0.0796450616234 -0.401112439718
0.822504579975 0.0120820262135 -0.408361196635
0.811976933006 0.0613022340231 -0.383104921502
0.811252984864 0.0942287515259 -0.360275836693
0.807117999469 0.105160410602 -0.335204858602
0.79831358551 0.134964636495 -0.344299757883
0.77012807748 0.166081807638 -0.380519728796
0.774329803989 0.178273777199 -0.334320848582
0.780563778397 0.181808860202 -0.280046757735
0.791951976187 0.175298524292 -0.166625302916
0.799487134148 0.156899406247 -0.0705911902362
0.801672322854 0.114753052618 0.0104273024389
0.798149126335 0.0884246381539 0.0824168543191
0.805889759458 0.0639498124313 0.0995210057464
0.809366155157 0.00618140546525 0.17442930442
0.818795207732 -0.0713621240118 0.214611658359
0.842437158682 -0.15067573198 0.204724328665
0.863161981277 -0.188545868545 0.196293240191
0.878077986549 -0.246392634224 0.198871239967
0.867267886649 -0.289813311496 0.223676246286
0.874804795216 -0.333361294071 0.222130513576
0.876251816197 -0.386639896812 0.225262266651
0.884143405074 -0.404662642166 0.207793835202
0.885810996104 -0.432532618234 0.18392152874
0.873453443123 -0.458469261043 0.225632811027
0.903173567318 -0.448242339234 0.138350347913
0.915537976408 -0.458006976264 0.125542183308
0.917368497628 -0.477329669742 0.100056097532
0.911347977065 -0.501659958065 0.0296336735381
0.913026432781 -0.500067616737 -0.117585616975
0.904941108731 -0.459081278575 -0.19332413102
0.90360424914 -0.409876469729 -0.251292130423
0.897159941337 -0.363227215283 -0.270450789971
0.896006840358 -0.330673851533 -0.283082059714
0.901530591667 -0.317265913336 -0.270599925884
0.902971879112 -0.31386145404 -0.262492780068
0.916363517695 -0.289110451178 -0.250728251695
0.908469068462 -0.21857172612 -0.291985762471
0.894271277797 -0.136968415907 -0.312417454314
0.87517063878 -0.0514219355077 -0.324179844861
0.842020906881 0.0318674737082 -0.336276253783
0.807429887537 0.111752423628 -0.356479808521
0.802797257585 0.124336164843 -0.3405591979
0.788159202126 0.142547789445 -0.355772693363
0.770169994419 0.197589464098 -0.326377554922
0.749537612416 0.237624769213 -0.278338846407
0.771205202596 0.217385606347 -0.239023233839
0.796132627004 0.179133007078 -0.250045364793
0.800547807358 0.170529771319 -0.219994817725
0.800518112125 0.174673531542 -0.158509754919
0.808646228417 0.152620417575 -0.0774189896946
0.813879795383 0.121663182795 -0.0455013196664
0.82324747244 0.0923487212028 0.0101352949657
0.838098981744 0.0533418912808 0.00920045728219
0.834336384631 0.0352109277624 0.0463321474549
0.864187485813 -0.0321835693806 0.0735912241771
0.875745222633 -0.0994041170016 0.131633584247
0.887817449503 -0.161941276941 0.153172368111
0.888264310312 -0.216155983003 0.216616133486
0.889147192891 -0.257349917781 0.221996093905
0.891548708622 -0.324458559062 0.223164918468
0.889856908626 -0.382684099269 0.220878461877
0.890498392734 -0.424087933033 0.206311972861
0.884635931305 -0.444111206366 0.21288851679
0.874665306534 -0.453179498512 0.246752310971
0.889428370998 -0.47753679712 0.176387028703
0.902260482143 -0.518365970528 0.151545861255
0.904806097518 -0.543321251601 0.0892389852588
0.913299511536 -0.543943025413 -0.051608365426
0.912116480879 -0.492453218531 -0.207850282672
0.898843242462 -0.454092401098 -0.25142827334
0.903914139331 -0.411691806635 -0.257655668071
0.916107886818 -0.38172801415 -0.24896324835
0.912757609873 -0.357472396364 -0.25314453714
0.915301474642 -0.357278812908 -0.217871567747
0.918642897601 -0.354240500786 -0.227681984368
0.911305470565 -0.341990275685 -0.260331976096
0.896711082652 -0.317419859153 -0.318983143074
0.894027374085 -0.26104699112 -0.360362080524
0.902253062121 -0.194789557105 -0.358035286569
0.91278694999 -0.185231500657 -0.345357365398
0.909463495098 -0.160952560762 -0.347322382029
0.896393981236 -0.103518586476 -0.37225048856
0.881897152242 -0.0389865193335 -0.387238349616
0.88015309081 0.0056281902697 -0.399837684175
0.865584649645 0.0427963611761 -0.407482656299
0.835985798796 0.0915141773296 -0.415714990446
0.823815137703 0.126664118923 -0.432127157538
0.859681025912 0.14028297214 -0.329470264081
0.862709685499 0.1493037035 -0.269215808088
0.873831413373 0.117411281966 -0.275536920253
0.87867774444 0.117588549892 -0.224937430904
0.878741365104 0.1113230464 -0.17263467075
0.877065782568 0.10556362274 -0.089116715203
0.876480802921 0.0944981210183 -0.0113917396421
0.860597193066 0.0947490434485 0.0435831523007
0.864265338885 0.0539585911136 0.104182531549
0.892762474888 -0.0524716788363 0.158886396615
0.906030594979 -0.12862897833 0.198408701403
0.919055318722 -0.213403526743 0.232895969026
0.930698392756 -0.276313840436 0.218974398337
0.952288389958 -0.300790051963 0.187939859461
0.960931871603 -0.330734210513 0.183737125784
0.946875662518 -0.37919511369 0.194258833799
0.954589473589 -0.403693261522 0.209146713067
0.960135803926 -0.440632915541 0.170999510481
0.956820080446 -0.46462968775 0.149147688838
0.951806823435 -0.49016893813 0.129984803345
0.972150403762 -0.471682522193 0.0955012973785
0.971597117223 -0.478484434205 0.0968297978618
0.96740736515 -0.488581201545 0.0835897212101
0.976108486654 -0.501664016012 0.0539967073104
0.965876510292 -0.498317911723 -0.0278263796137
0.963661379084 -0.485584012333 -0.1300282426
0.963549232643 -0.441568670999 -0.182707861192
0.951389423412 -0.425305309381 -0.200039735144
0.947996354225 -0.41998291579 -0.209573275115
0.947308957425 -0.42690143835 -0.219326135429
0.950868952555 -0.406861849488 -0.241229199316
0.946442920339 -0.379372033753 -0.270360039523
0.937252145785 -0.331007737418 -0.309563042178
0.941383395521 -0.276848984526 -0.344570039799
0.929511772756 -0.224627799863 -0.366426037678
0.941317161771 -0.184511286869 -0.372930309059
0.917375049919 -0.143250704167 -0.391477659001
0.885650388005 -0.109022952202 -0.481271334244
0.877642656932 -0.0637995653782 -0.486659696844
0.874159392299 -0.0186787759436 -0.468043836009
0.880033828164 0.00343969961024 -0.441661576376
0.877034235776 0.0364058547526 -0.431942739364
0.863677658022 0.0788637881897 -0.418468211545
0.857859986711 0.0861810889839 -0.421450828707
0.849039602563 0.0970754127917 -0.433681707008
0.840747052744 0.16928632316 -0.332910414411
0.840196886656 0.191873543277 -0.312614815776
0.832156339901 0.211851558195 -0.275485213721
0.843022944261 0.202802899982 -0.237131733496
0.861630181744 0.169279416047 -0.181674101844
0.879871887055 0.129117274867 -0.109374064591
0.885090606404 0.100231920198 -0.04671386316
0.898068802247 0.0616145595595 -0.0275148662471
0.912700864075 0.0181808851613 0.0324328660301
0.915061832711 -0.0258974159215 0.0960064602594
0.921691897003 -0.0807907655327 0.145590437196
0.940380475946 -0.126818715404 0.158906962632
0.939175468645 -0.167809757774 0.166690580371
0.947868598642 -0.21452197197 0.196743215557
0.957672297469 -0.230815662277 0.194316025234
0.958635646205 -0.271939630725 0.206344802132
0.960772061863 -0.309892360974 0.20431800325
0.969254611194 -0.339976452182 0.186817636617
0.979998832459 -0.380602733183 0.164380126489
0.970105553394 -0.41899019113 0.185925638996
0.969987413322 -0.400196899592 0.177980257218
0.945310241371 -0.389028331245 0.222940543019
0.94543349977 -0.370025140721 0.234941610677
0.981578225919 -0.360266963475 0.15374580856
0.996813235462 -0.365317884134 0.124193132025
1.00201312427 -0.360597161184 0.124991412212
1.00931263012 -0.387540342881 0.0736764055235
1.02443922888 -0.413666334176 0.00138012992701
1.02142941266 -0.407944245784 -0.119439682012
1.01321683446 -0.40277579801 -0.177356439172
1.0146352956 -0.382579960959 -0.201288390058
1.01471975751 -0.365695294766 -0.224462398122
1.01503962426 -0.373822779383 -0.182955719936
1.002797351 -0.366036734026 -0.192024998096
0.995998362887 -0.344912716801 -0.195260958904
0.987029896164 -0.344637555694 -0.236620589295
0.973511263522 -0.323301337112 -0.270322204856
0.957265254769 -0.251951042426 -0.301965086352
0.943210428351 -0.197525051574 -0.297323711987
0.932885383364 -0.150213469109 -0.28729606314
0.923219790551 -0.11698846839 -0.303610336562
0.906225624689 -0.0988071724769 -0.338582896301
0.882552608664 -0.0698878009439 -0.383757447342
0.864403343946 -0.0275604912137 -0.416449864553
0.857872576356 -0.00620325289249 -0.397523103766
0.842550244547 0.0344789812782 -0.403522361391
0.825734103762 0.0926918941306 -0.38818279873
0.808295062144 0.125146348666 -0.379083258924
0.817750321562 0.142105685396 -0.327653554204
0.828459114058 0.162306226655 -0.283630608784
0.830517308706 0.166247094471 -0.224549203298
0.83746038364 0.138927540083 -0.162361665858
0.841506036068 0.106870947214 -0.0856458886471
0.844862293818 0.0594884818535 -0.00377155947977
0.845219834484 0.0324977393704 0.0390316840054
0.850201151117 0.0202171855797 0.0519226114581
0.851314580304 -0.00188027023569 0.0781687281738
0.857165929776 -0.0448755287601 0.112270735177
0.876110754806 -0.0927654597565 0.114791178647
0.896924897544 -0.1578595599 0.127000612063
0.903986987853 -0.216546838091 0.148343608586
0.912925512074 -0.246234453436 0.168519868665
0.920696963002 -0.253871257185 0.158017467709
0.921713955843 -0.294948581414 0.174478788926
0.924378833864 -0.317715371828 0.153995805131
0.926087219258 -0.335059473633 0.15038716212
0.921288538665 -0.360412147136 0.148954453904
0.914040431773 -0.375385885614 0.136944984065
0.908354872847 -0.376359324204 0.159955139972
0.897684001536 -0.381866908867 0.199897192969
0.894306902539 -0.357634613191 0.193499632019
0.906190512564 -0.359411698261 0.125887156271
0.926865686808 -0.380513779181 0.0832006989349
0.935216123755 -0.402307131005 0.0397075592322
0.949954364043 -0.418280401791 -0.0477854074663
0.946126161214 -0.390204314378 -0.170472342366
0.934551331631 -0.362875451039 -0.26552919188
0.925561161183 -0.324827129981 -0.305049408549
0.919652171853 -0.29869321554 -0.313761135329
0.920176638463 -0.300321975569 -0.302394495701
0.928013707932 -0.305816932878 -0.275505548775
0.929399353396 -0.310866467733 -0.256919535006
0.925665576212 -0.32056675921 -0.232482984945
0.933718097403 -0.338449571907 -0.236653783437
0.922124424451 -0.32586352832 -0.271145277004
0.920275072686 -0.272934757223 -0.307521112473
0.913898381301 -0.215736306405 -0.304199836411
0.91862059149 -0.173638899366 -0.339238769216
0.920296421297 -0.134323261244 -0.340088291646
0.918713292178 -0.0895686189835 -0.339389993248
0.921562188906 -0.0470817426616 -0.354295091456
0.909971636404 -0.00510656694629 -0.369819486872
0.902998866238 0.0263567476652 -0.370521961506
0.896697522683 0.0458286827516 -0.364607554845
0.899484783799 0.0546395151261 -0.324299548288
0.913624319398 0.0506544049279 -0.269446497599
0.907348922592 0.0827240943886 -0.212525896085
0.893366570824 0.103590651842 -0.141590056155
0.884946519583 0.106427457361 -0.105665439792
0.876631758675 0.100950201387 -0.0459643225188
0.869089731781 0.106701701901 -0.0484742756896
0.860184885722 0.100711359516 -0.0375311459269
0.876851193326 0.0570281484916 0.0155803847113
0.89917224205 -0.00251964591624 0.0732883118254
0.91143022541 -0.0733009010208 0.125252413078
0.926953161324 -0.124299110468 0.130934456689
0.94445669891 -0.17559350076 0.125347754342
0.959465144774 -0.231275097889 0.167533374159
0.972019046012 -0.314374242053 0.195086546472
0.971594751408 -0.358856025578 0.203440721872
0.99536707696 -0.37296261103 0.194698733446
0.995163352404 -0.392035767882 0.176048849309
1.00987189746 -0.403865278444 0.150040945417
1.00269452744 -0.37890068842 0.179478509341
1.0084625504 -0.369449933569 0.148205757641
1.01514627162 -0.37594774159 0.0797950017054
1.02119823802 -0.38091007802 -0.00884748249661
1.01865437325 -0.381103661476 -0.0441204518893
0.993038429467 -0.370751366964 -0.0767296916731
0.953627641013 -0.372925474693 -0.105557619529
0.931970902696 -0.371572891804 -0.145792938957
0.916362382298 -0.358441130746 -0.162179484928
0.912378352657 -0.341057391301 -0.171681089714
0.912607776692 -0.342942694536 -0.18469344384
0.915630455473 -0.3107951156 -0.202132028223
0.908563246838 -0.289904319471 -0.227530710628
0.895278033984 -0.253638704259 -0.304067504858
0.869075125502 -0.214410364029 -0.366467634001
0.865042570083 -0.159276786742 -0.376346097225
0.875378974298 -0.110013622889 -0.344383863888
0.869606093106 -0.0753557479676 -0.356925642141
0.849531868699 -0.0242782632411 -0.388828181347
0.837672220371 0.0300381236431 -0.377725375663
0.823992902685 0.0847906240299 -0.342056191064
0.801761174104 0.117114454859 -0.379123596289
0.7980593373 0.145233967553 -0.348415088188
0.793964270967 0.179265933156 -0.254290523951
0.813733723509 0.167800267397 -0.211968761218
0.810067562743 0.168649172292 -0.165052275546
0.838156634426 0.118552132735 -0.138617100132
0.837720612656 0.105531361451 -0.0805532951766
0.825729714422 0.107215158083 -0.0218059080661
0.822549223777 0.104316778618 0.00130214151161
0.829422684416 0.0580406779255 0.0559211556128
0.847904665624 -0.00289334646533 0.114289131878
0.856149799414 -0.0647215341668 0.169446768457
0.869667309482 -0.107039534946 0.169269873595
0.884552496948 -0.181724322599 0.199454425753
0.901853432551 -0.231110087546 0.209096349692
0.911587517085 -0.266360324158 0.19910063603
0.905238262961 -0.303618095327 0.19560710563
0.912549743247 -0.328466074803 0.177250902504
0.916209910383 -0.354537029495 0.175068653647
0.920061827639 -0.363630029556 0.158577485364
0.920452183987 -0.365375400133 0.158862764194
0.908599391768 -0.346760293088 0.19886868756
0.921723685132 -0.334816943587 0.139680571643
0.918948398452 -0.34153257374 0.132331368648
0.942600338785 -0.378809432048 0.0478869775975
0.945495516144 -0.416035957961 -0.0343982830191
0.94055274873 -0.435193094301 -0.0947825678672
0.916357263971 -0.396237612807 -0.166235170808
0.908353528652 -0.334199526119 -0.201446357951
0.897666947245 -0.276711901035 -0.204399128046
0.892726424978 -0.253905472982 -0.197026392048
0.886130038848 -0.234690081101 -0.215490979143
0.880049265341 -0.189809519341 -0.23658063202
0.877925699423 -0.162336019136 -0.25038495227
0.845300186864 -0.114231584412 -0.333783154682
0.842236098508 -0.0624254935127 -0.327577155128
0.846628452563 -0.0542373515175 -0.329565704762
0.851735025471 -0.0391073648525 -0.319585121923
0.84645779096 -0.0145089220025 -0.308065120436
0.845383158262 0.00970705814355 -0.299136161429
0.836039430077 0.0432119241775 -0.288855168936
0.817028111202 0.101534440998 -0.279977037593
0.803049507918 0.105659483854 -0.321532455324
0.791066601191 0.140972680215 -0.322430717299
0.798554108677 0.147748967746 -0.275563385753
0.801016631986 0.160447017138 -0.198149310144
0.804984938707 0.15770959007 -0.10911525126
0.804278698537 0.136048247757 -0.0583027556291
0.809528235693 0.124000915062 -0.0232491065809
0.744255741295 0.243190261553 0.0168896126258
0.704966460634 0.285168208877 0.0976425978177
0.728856926258 0.252268331888 0.0968459911693
0.773932185121 0.198709494061 0.095472098217
0.815726521238 0.106457708492 0.137244283886
0.83556820116 0.0278763948712 0.163192079066
0.859915516977 -0.0172014385195 0.151282176436
0.871462154664 -0.0990916206264 0.127575810249
0.889968712777 -0.201965887301 0.120403037827
0.898723478385 -0.215002057549 0.0952425682464
0.903016275643 -0.255182916097 0.0645021249613
0.907459153353 -0.276337262011 0.0479790214939
0.909599564764 -0.297475292396 0.01612939807
0.902995187127 -0.311889300243 0.0573104600607
0.899921984691 -0.314694391269 0.0892835982766
0.897711958986 -0.312512907189 0.113564698361
0.913585592281 -0.306451681909 0.0107195905846
0.910361446915 -0.267359955932 -0.0451619655135
0.921880647341 -0.254793916051 -0.0620535252389
0.924973555625 -0.298169334908 -0.0809546649045
0.929518603217 -0.357026874445 -0.092668365614
0.934054796823 -0.388590484074 -0.118373771734
0.94110205234 -0.396856984782 -0.188715520999
0.941944400648 -0.366671681989 -0.243358068103
0.940001732986 -0.303333647178 -0.270551600919
0.936914818332 -0.234736178524 -0.296384698068
0.931225523747 -0.170619205145 -0.283310561691
0.921398998621 -0.137534137084 -0.312922468069
0.898828559919 -0.111825641391 -0.330931195534
0.886414502479 -0.0852929487155 -0.352378399791
0.847026800418 -0.0223533223665 -0.388926075017
0.819635977398 0.015775659775 -0.406528096977
0.824069125819 0.034489676033 -0.388252983161
0.764166934558 0.085115101498 -0.451485001212
0.747430137356 0.122416198482 -0.463375132494
0.777101094916 0.168174707488 -0.297148821044
0.799804768576 0.155157254608 -0.219268810087
0.832985565551 0.122262081827 -0.15211052043
0.832165181063 0.136208730916 -0.13906623112
0.817933452142 0.171584887026 -0.150858468732
0.799093917444 0.211160756528 -0.129602411292
0.794056083527 0.227561748432 -0.0832245480976
0.792477812641 0.228207760921 -0.038711719746
0.797684557554 0.197227204032 -0.00901032187738
0.805865195377 0.154238952087 0.0426344772425
0.83177505916 0.123161418583 0.0657442003582
0.850079275385 0.104100889086 0.03404121015
0.866541858434 0.0413445212092 0.0685028566512
0.883384821271 -0.0168450695336 0.055379566149
0.902842138475 -0.0684589627805 0.0363078456842
0.895878222296 -0.0642895780768 0.0495970764611
0.892092798884 -0.0656291638406 0.0546896699315
0.889195376378 -0.0703662023208 0.0692179097017
0.887275274921 -0.105724657096 0.113822317661
0.876820977905 -0.102638314951 0.156583135664
0.879055827786 -0.113203826853 0.14942972001
0.884986520841 -0.177110901246 0.156302033069
0.89885271759 -0.219125714601 0.184936676282
0.910565405917 -0.263079481989 0.178583628932
0.914468969401 -0.280533187763 0.181436417239
0.915082756153 -0.309385911371 0.213443578758
0.91080854217 -0.336367344904 0.22337751017
0.913380104295 -0.348724871603 0.212076829028
0.928185085698 -0.341574513751 0.195853720634
0.939804718223 -0.293213905592 0.158924131865
0.957867535978 -0.312484334076 0.10727469222
0.965329972018 -0.330880233183 0.054345906218
0.976755609277 -0.341461144049 -0.036031783972
0.966215740601 -0.327892352922 -0.12640274552
0.95740334796 -0.283368629386 -0.198279272906
0.95662463314 -0.271470538299 -0.213761242839
0.949472962594 -0.267464408362 -0.215985917179
0.948480793929 -0.234771111955 -0.215319553965
0.936942762958 -0.213731074218 -0.260289915485
0.932864294848 -0.206919853255 -0.294487728041
0.924271336857 -0.206318182614 -0.304819548197
0.921975726668 -0.242003146924 -0.291242950472
0.932006851653 -0.268589490398 -0.291771082651
0.92974205927 -0.287436432734 -0.305801037308
0.934576415901 -0.289354367029 -0.288160351522
0.939348274442 -0.264025015635 -0.288943915465
0.933296320864 -0.210713781834 -0.322728708454
0.939212426398 -0.190643864282 -0.324872708064
0.945880424699 -0.182495359927 -0.313751009902
0.947457820282 -0.170566940151 -0.309473915559
0.946179463028 -0.165424116857 -0.319194840689
0.951238385461 -0.125118724615 -0.358381038983
0.941155614248 -0.0901716754285 -0.377196863395
0.925468625569 -0.0687025307677 -0.415143638115
0.899605549781 -0.00187707320538 -0.462723934594
0.877441437617 0.0409959539958 -0.477311404208
0.862308858051 0.0902487928656 -0.482708168988
0.855282443781 0.121665463258 -0.487843187941
0.838748248561 0.157057934898 -0.51496194551
0.815733809407 0.184465156949 -0.537688496125
0.810374110862 0.200586283539 -0.517905898846
0.826938248584 0.194606266137 -0.469603770965
0.85332118002 0.203816892779 -0.371802931693
0.858330441278 0.212541443294 -0.322817221658
0.845467512328 0.236532594728 -0.270369501827
0.828451629916 0.244138153221 -0.181075370654
0.821499688172 0.250402740146 -0.134827336315
0.795141828182 0.266364300143 -0.132832058038
0.814009307506 0.247793534947 -0.117993332895
0.81512473457 0.234103429064 -0.106658628451
0.82780901041 0.216211307417 -0.0779601148699
0.880052772487 0.116632912102 -0.000335999965819
0.922010038795 0.0329284091223 0.0398224063895
0.945756404775 -0.0421248280749 0.1025015003
0.975252825647 -0.135044562439 0.145683275762
0.992331193325 -0.218246303992 0.19724067151
0.998848851081 -0.311029424102 0.233903873927
1.01427647322 -0.360025719766 0.263679632463
1.02076557114 -0.379334400086 0.273279130919
1.02277299487 -0.379607258821 0.264226657121
1.03117620061 -0.388779534161 0.273955984432
1.03994294066 -0.399720502188 0.281754318414
1.0397163898 -0.402002281286 0.231065337575
1.03851937401 -0.409363923928 0.179203306228
1.04751641339 -0.434764627455 0.125199363389
1.04974016414 -0.459999773843 0.0362972214782
1.0443285721 -0.469074156002 -0.0459325709507
1.03600670781 -0.472406346598 -0.0978030044775
1.03389399375 -0.463819426369 -0.112527031589
1.03958952924 -0.46915813549 -0.0876669716618
1.03351161609 -0.476793553435 -0.0500306823139
1.02069921079 -0.48214488991 -0.0121175163158
1.01768850645 -0.512197266625 0.0382798716302
0.997115502085 -0.528798379328 0.0857757317236
0.993060982847 -0.517796753923 0.117495526293
0.996818708903 -0.503906058004 0.158976583357
0.998415195126 -0.443678604014 0.185356754872
0.985289163979 -0.382124191615 0.219697438988
0.974138616177 -0.358662442122 0.238713691265
0.964250455439 -0.359253418008 0.264314889653
0.944258942336 -0.266142402559 0.306818187773
0.942266626323 -0.186036312102 0.245369286095
0.932339929191 -0.106840700486 0.196036564687
0.880150933792 0.0137661212443 0.156723504525
0.824512104652 0.110259560217 0.0844772619226
0.798703548271 0.164557229734 -0.00746041293172
0.794615103602 0.177680598408 -0.0895284413219
0.743238501184 0.250711371321 -0.082240141709
0.700591840199 0.319090001809 -0.117239996108
0.689740083455 0.32606677991 -0.186336007736
0.677097477283 0.341910343555 -0.24356078056
0.67254618879 0.341989618835 -0.269781276154
0.67576722653 0.321857658101 -0.355294095399
0.677812952201 0.256590894773 -0.494508359711
0.696957258764 0.177403206303 -0.52618364068
0.715631865394 0.120872704279 -0.530914506534
0.752690279104 0.0579260713503 -0.511909623424
0.795890226628 -0.00365064712527 -0.478238269509
0.815289903974 -0.0721258844555 -0.47191970975
0.807646322406 -0.123150734416 -0.4882701443
0.802133422961 -0.155445252589 -0.501671984991
0.782535754595 -0.162726234148 -0.531615821628
0.766782272072 -0.130824503663 -0.558164021535
0.767980163169 -0.136037293285 -0.555091912883
0.811129587039 -0.168271523851 -0.506886005135
0.861143617562 -0.219487925202 -0.418052788697
0.891464665946 -0.275983394329 -0.335069693971
0.919278648173 -0.338961272513 -0.237273080644
0.933204469832 -0.404056289224 -0.126512852735
0.940960197842 -0.397046780597 -0.0574827995932
0.938162332132 -0.353414818534 -0.0142026661724
0.931573049382 -0.336344492031 0.0789042975329
0.907833526688 -0.345341432045 0.167555598495
0.88141802684 -0.346241216131 0.194941156996
0.84990792852 -0.360175784661 0.24530493622
0.835382019503 -0.385979501392 0.282771059348
0.834812762774 -0.41169131549 0.280963580812
0.854812514654 -0.437616716749 0.261483066724
0.887091351235 -0.429268091595 0.178731041599
0.908222760462 -0.368068584819 0.133962366903
0.916840802723 -0.29514917145 0.121663027417
0.911474248069 -0.243326765021 0.112542507015
0.899351497545 -0.151447117172 0.105538276983
0.859119709394 -0.0451950317148 0.0987857170598
0.833108798302 0.044567477608 0.104745101609
0.823378709522 0.0966324140834 0.0849179907295
0.80220190779 0.15092077465 0.025849627948
0.801683434811 0.177771584475 -0.0302512484946
0.796221319114 0.198039690226 -0.0979464870907
0.766334529069 0.244355897795 -0.0189862641925
0.737382280655 0.289466362246 -0.0377294014754
0.725970381263 0.325342508175 -0.134400030303
0.758242976943 0.274912869071 -0.255086251731
0.785272016274 0.213403715087 -0.333133081832
0.797606482861 0.174226623818 -0.367124616748
0.774684484299 0.20379901442 -0.350243547322
0.746673880896 0.245558670374 -0.355118493986
0.755291415792 0.203016757449 -0.410327422516
0.752943912105 0.14213628439 -0.498763214499
0.749664739967 0.0782944721184 -0.553196981266
0.773116938674 -0.00958974054901 -0.563686803805
0.786910400678 -0.0999502323373 -0.561587782084
0.812636245754 -0.196281432576 -0.544055944555
0.85090314233 -0.365232546936 -0.48313981558
0.861443626215 -0.47328088216 -0.401799932654
0.893449358391 -0.517754643073 -0.305674654947
0.916741994628 -0.55124079174 -0.212915166903
0.931244189219 -0.54442016236 -0.111203186848
0.940764191874 -0.512744546925 0.0264077884482
0.934730193539 -0.480464958478 0.103274839399
0.924915642849 -0.445284688195 0.106621736583
0.92366523022 -0.419136760595 0.132995594035
0.922064133035 -0.401699370352 0.145469325685
0.918695888024 -0.404761004584 0.153063470145
0.921537668549 -0.408477960255 0.149014098327
0.921337064443 -0.398161984978 0.149331312342
0.923315668237 -0.406865515755 0.152973978655
0.922078105348 -0.391196818199 0.163516716976
0.923573036897 -0.387745714684 0.176056407112
0.918630516754 -0.373346636562 0.198340555381
0.909971064919 -0.362312380097 0.199407310037
0.906333724081 -0.35303280316 0.233628655597
0.919356710042 -0.364309589671 0.243268491418
0.914873037968 -0.35368111802 0.239527931435
0.913093040402 -0.363700912451 0.250479463378
0.914009861237 -0.358667693126 0.247219969566
0.914427039638 -0.360389741594 0.249721520556
0.915814682978 -0.357031926517 0.253396122053
0.91542432663 -0.35528655594 0.253110843223
0.91166572527 -0.356602819594 0.260419708853
0.914197615603 -0.358504438359 0.262733874683
0.909495371357 -0.364877243448 0.271085961965
0.911799835532 -0.356486209046 0.271501069651
0.905321589473 -0.356064108702 0.260981864334
0.912043231879 -0.347868960128 0.276536106815
0.91647325985 -0.358544075998 0.27584412248
0.920838791852 -0.350379256113 0.271639300686
0.929297639582 -0.351097537302 0.270889760044
0.933527063446 -0.351456677896 0.270514989724
0.930158818435 -0.354518312128 0.278109134185
0.929014571442 -0.349258878286 0.279469569852
0.920582545766 -0.348517274988 0.282435382653
0.913040518871 -0.342765774474 0.279925429482
0.907477095771 -0.345717804737 0.281058142624
0.904191314794 -0.340302122707 0.280389691292
0.903020245749 -0.335066010975 0.2795338548
0.899598356633 -0.338174289426 0.282695454942
0.901875998756 -0.329806577134 0.280894290468
0.906187886654 -0.321688401467 0.272256924354
0.903800958445 -0.33855675213 0.280104412462
0.909027669302 -0.33381270707 0.283118964808
0.907100711736 -0.333469882006 0.298820255085
0.907073889683 -0.333493204116 0.296603982925
0.910024956294 -0.328709521416 0.286508287474
