0.274912144272 0.221690874969 0.930265756981
0.306961737725 0.229280132171 0.921264326862
0.341201998807 0.270668314396 0.898917411843
0.374698606216 0.311779933822 0.868706410065
0.408939542303 0.351260845253 0.854344009477
0.429018395909 0.354757590824 0.858370516912
0.43495298085 0.356211320164 0.862538536328
0.464782882706 0.373266016 0.848766948425
0.490531699093 0.384410825978 0.841076506756
0.485377011189 0.361708047582 0.833803232683
0.503376686546 0.346700589702 0.832664322261
0.516608379957 0.33029313776 0.832463791583
0.544048318627 0.342453908445 0.805758085092
0.600322502752 0.384067732675 0.776322866772
0.631410658155 0.388251548116 0.743440628018
0.62842025466 0.347482334903 0.754185220326
0.609253242032 0.27684268798 0.759774153397
0.577803354612 0.219535349316 0.754653294429
0.560770927421 0.176000902028 0.752159936762
0.557308036804 0.152406813543 0.733855912298
0.500419442929 0.0722516573943 0.736209681296
0.457215925034 0.0158879568553 0.752148967328
0.433354826469 -0.0155168091122 0.735165689936
0.395019100396 -0.0187917404763 0.804222783153
0.366093204389 -0.0353201783499 0.831169344992
0.339706354321 -0.0570001229453 0.857538810107
0.306368074074 -0.092140234826 0.869107155768
0.304356922445 -0.0955628566487 0.885485160667
0.292433020381 -0.108978582307 0.898381344863
0.262696119085 -0.142772435404 0.903904911619
0.229939115322 -0.172163867262 0.894072913564
0.158962334974 -0.247668314253 0.891305000378
0.0603271565744 -0.336555140094 0.891241557375
-0.0636338888904 -0.436809603437 0.896110868442
-0.157424489319 -0.491290643376 0.903536513213
-0.19942307657 -0.487347392558 0.920025464044
-0.206002855316 -0.433574367997 0.946080515937
-0.173206848901 -0.345836990854 0.959340294063
-0.129877872185 -0.271512524886 0.975650265488
-0.124667777093 -0.240208750307 0.969675830965
-0.122062054543 -0.226464133811 0.974673128136
-0.130537035432 -0.218951814841 0.95511317658
-0.138803476353 -0.224327556326 0.956701387707
-0.140336271473 -0.219372009488 0.957073996413
-0.153578559303 -0.215166955374 0.946436939033
-0.0562491472368 -0.102178764315 0.957758271814
-0.0211517180878 -0.0509411101005 0.948718084088
-0.0140419607469 -0.0315094352706 0.944876547426
-0.0127724377773 -0.0340851886315 0.944587999064
-0.0227887831914 -0.039541533034 0.938516611451
-0.00704639280383 -0.0197433988355 0.927607855796
-0.0111274782728 -0.0256532846921 0.933689002031
-0.0204576022148 -0.0337122500945 0.924775866476
-0.0209366337288 -0.0401831479614 0.932796748238
0.0101740605204 -0.0154090784536 0.937558714463
0.0532192512528 0.034983114541 0.940262084549
0.112636296648 0.0977843661395 0.926493630769
0.159592976264 0.137819810412 0.922936408249
0.218473557944 0.191270980344 0.906483001532
0.246404472555 0.218290505134 0.8985630302
0.268062959064 0.207508489839 0.902085175572
0.294188561995 0.225846415529 0.899753314095
0.316927870334 0.253596044574 0.887544895674
0.365209480108 0.299656731669 0.870451416196
0.39058285996 0.299793884347 0.873371423199
0.418711045115 0.303630221648 0.867777512062
0.450855664142 0.288758509206 0.874481604091
0.482151684507 0.281961534985 0.854763013589
0.510428952414 0.275752440413 0.83565788714
0.541209022898 0.285917450976 0.826945005383
0.58429767639 0.336522783915 0.789594049952
0.613044731402 0.320767647793 0.767599482547
0.609205729245 0.288073172803 0.751921392323
0.610315575043 0.283340453486 0.754306471215
0.567694683642 0.228910891381 0.764814442395
0.558347420889 0.185003505555 0.782133217316
0.473925887784 0.109426735984 0.819440713954
0.41609906971 0.044549121347 0.843542393727
0.386418925611 0.015541722845 0.85178728075
0.355619016299 -0.022842624963 0.854794015256
0.335370566107 -0.0426060051127 0.850588061448
0.296944274568 -0.0815527721725 0.860457526929
0.257558569992 -0.129626793377 0.87039972707
0.203332455863 -0.191250878436 0.880472113507
0.136070568859 -0.255836157453 0.877102061952
0.0661000393302 -0.331536564326 0.874129660749
0.0443649567964 -0.353760340871 0.862180047857
0.00340953873232 -0.373445932586 0.875479683687
-0.0375913671052 -0.387622851863 0.904880101738
-0.0777371298894 -0.386228486766 0.923633703788
-0.127166853838 -0.400309030306 0.925357902494
-0.148437959383 -0.370131501471 0.938031925371
-0.150957841498 -0.33485338671 0.936330654914
-0.125507865621 -0.301710442192 0.947678129437
-0.104196407413 -0.277356567331 0.954400915494
-0.110657536654 -0.274050709715 0.950401016766
-0.114089994024 -0.257223063127 0.948640727611
-0.136594379176 -0.245995392788 0.950633957435
-0.137629653962 -0.202535069248 0.932722802766
-0.0516989496682 -0.103907649214 0.940803170192
-0.0313376600876 -0.0726640890812 0.942467250103
-0.0210494731177 -0.051663327945 0.935338622134
-0.0286672859397 -0.0343015369853 0.929085397872
0.000973914778165 0.0238605565506 0.899871794537
0.0291780209542 0.0626099564858 0.894720836487
0.045448980656 0.0719266913454 0.907597503439
0.0857287716669 0.106417301889 0.907977203608
0.133850704269 0.150321023029 0.893557351384
0.179584698697 0.183609006635 0.890156923867
0.19368212958 0.194975236894 0.890147165245
0.207515613309 0.210628531425 0.882236952535
0.219224431014 0.213286294945 0.885262104188
0.253560392674 0.230306236731 0.886605225748
0.318311582702 0.258685929608 0.90068350228
0.367062304575 0.297107845947 0.872716067415
0.424288007336 0.328017443317 0.864308584105
0.466456866178 0.338433556282 0.855983594077
0.494265021986 0.339863232467 0.847752423016
0.518151769496 0.33753998875 0.842928770935
0.547285530466 0.343087636962 0.829145857348
0.60503507751 0.376866730554 0.788632195623
0.63103522162 0.377243890815 0.75405107669
0.638012975747 0.355068777622 0.755029781104
0.636676776167 0.338748407766 0.749743935572
0.631636952665 0.32180399697 0.763882330899
0.609962677355 0.292923050253 0.802561124865
0.590288959256 0.255262327531 0.814024325876
0.533035523265 0.176301911911 0.837826131603
0.493556818128 0.144967047967 0.856016352892
0.467891757891 0.10106614131 0.860590214219
0.455900504211 0.0706615632292 0.85992749009
0.409449855063 -0.000445534450047 0.849625930239
0.326688335989 -0.113520807594 0.843389912313
0.290376791058 -0.153581712265 0.839470939805
0.257037835807 -0.186814553351 0.843054771034
0.240392789579 -0.2109534871 0.856757581617
0.205464957016 -0.245924506736 0.865977215715
0.151250112311 -0.297253464761 0.89487170464
0.121843159776 -0.314530988118 0.905885604946
0.10536703513 -0.320496016495 0.911783347469
0.0344682008161 -0.366809213234 0.933411930666
-0.00361754754287 -0.377037252726 0.959609317754
-0.038994653377 -0.376150164362 0.985409054491
-0.0919115668781 -0.383911328291 1.00660518707
-0.14875191369 -0.389703599738 1.00725529533
-0.189001946458 -0.381865204414 1.01543481604
-0.18643381728 -0.342780434473 1.01543242576
-0.18302768386 -0.323972800583 1.03101512996
-0.175766818753 -0.320308370009 1.03761592128
-0.179199276123 -0.30348072342 1.03585563213
-0.179876928189 -0.282953892209 1.02558142483
-0.144561714663 -0.228587359033 1.03255795898
-0.0846919617032 -0.123679929089 1.02459103848
-0.046837702238 -0.0744649026343 1.03099047591
-0.0311513940427 -0.0613604938249 1.02534491442
0.00166236691658 -0.0271826073719 1.03789823274
0.0449219670036 0.0358748185562 1.01669575255
0.0873277740463 0.0795464185226 1.02210911722
0.132854578517 0.121907920995 1.01352955588
0.170641486366 0.154134095027 1.00637008498
0.194275556145 0.166393042616 1.0124680813
0.252987891249 0.199763036381 1.01180425708
0.349663950184 0.303364590555 0.975075424224
0.41126106879 0.387762369349 0.937123897486
0.448511512924 0.410638461714 0.927279473651
0.487606887125 0.411134187351 0.940800170704
0.556390915559 0.371060881382 0.950500961736
0.584377853091 0.317273491243 0.954858732481
0.555317928857 0.26486007773 0.962671992101
0.515180001202 0.198585283513 0.977866060721
0.504626517068 0.185686128238 0.961125205739
0.550199484317 0.220631687477 0.944429376612
0.628592081912 0.315308426559 0.895232852844
0.63953673211 0.291377560827 0.876703256056
0.616240446223 0.227965783665 0.872536059856
0.55966196228 0.13610762001 0.874674015152
0.482422673243 0.0369113015569 0.886201292297
0.433068811045 -0.0297568196672 0.905909380331
0.38923515387 -0.0768241738173 0.91942722014
0.374818368644 -0.0925043359876 0.92478423327
0.33946623675 -0.123437986513 0.920792526102
0.320224712382 -0.14530459734 0.924366598709
0.303051771845 -0.160869402545 0.922268501116
0.321766751912 -0.134243204762 0.918862549197
0.334811094194 -0.113357800592 0.919189031951
0.362902360981 -0.0860885806403 0.916579947797
0.386281728014 -0.0535256293619 0.909646049223
0.39695932096 -0.0188511670695 0.942667132799
0.350184182358 -0.034232120525 0.973210418612
0.282190586108 -0.0907061061031 0.988782897221
0.206353498259 -0.152778660689 1.00318589936
0.127601252931 -0.218800095059 1.02079193246
0.0773064665148 -0.262561591593 1.03030987354
0.0396878052419 -0.274706589458 1.02167976195
0.00586846846792 -0.310595786822 1.01731544607
-0.0267387775377 -0.351939921348 1.00195674714
-0.063082105725 -0.428608019503 0.96552501046
-0.135077756325 -0.510397092055 0.928170453939
-0.153828979756 -0.515497677981 0.942545747273
-0.187251691157 -0.515974422389 0.949246158843
-0.158901612326 -0.432952190575 0.990035119933
-0.16407986489 -0.340148131351 1.01098138239
-0.165254978019 -0.270625436522 1.00145000222
-0.160432938894 -0.256809904688 0.971294885021
-0.179197456762 -0.266483805265 0.942894532571
-0.182067126467 -0.275941357488 0.929996781312
-0.157154289309 -0.250241223842 0.930674788465
-0.181006143465 -0.265629050393 0.908560070267
-0.128574071594 -0.202391437401 0.922897896175
-0.0531394192324 -0.113783988843 0.924943243318
-0.0482031907102 -0.0923028186136 0.908215281082
-0.0592719497213 -0.0901472598994 0.910464649276
0.0126714630602 0.0162231930363 0.884074843701
0.086891324635 0.117914661934 0.865176516178
0.120868313567 0.161682637637 0.842913661502
0.146260857243 0.191946398355 0.843555301325
0.17509375269 0.22521399349 0.824856760633
0.20991731527 0.266629043354 0.805063045194
0.251576768622 0.317653163698 0.770674265378
0.294132333421 0.349372060998 0.770560929168
0.353154778458 0.371039047256 0.769681291241
0.4153939215 0.367027695582 0.778498763887
0.467889910692 0.36928987465 0.784013862202
0.483398052897 0.34820343867 0.791304809576
0.461532992163 0.278651061718 0.808128981056
0.429078878937 0.215817870554 0.827166153401
0.427367242821 0.188489843397 0.832490756541
0.449240813689 0.188465790241 0.820091566063
0.490607911651 0.197633427401 0.785212140146
0.516665487962 0.200889771462 0.761336855913
0.520528789054 0.203670778358 0.739238987801
0.526989918296 0.200364920743 0.743238886528
0.545534626773 0.212631754741 0.731668973806
0.554486614162 0.217312146021 0.719254500305
0.562912732255 0.224844853462 0.714992661923
0.535885148488 0.200258857428 0.728103092759
0.510288789876 0.169532261605 0.762204891275
0.426486801632 0.0724567478164 0.791096246077
0.305987237504 -0.0878897257708 0.815841488985
0.193932280288 -0.208669613083 0.8260620119
0.157677492554 -0.243944063159 0.82486435966
0.142309863697 -0.250827269263 0.817178152212
0.160123537933 -0.232356412619 0.832535284084
0.21348256458 -0.194691468173 0.806303096728
0.333268174006 -0.0797931918366 0.79979392418
0.435569382954 0.0350578283898 0.775433438877
0.48300306907 0.0872859829129 0.739901791299
0.53034577964 0.150531482314 0.736571708164
0.533055097169 0.159739339376 0.744158572245
0.556444383617 0.206411959277 0.740077747297
0.550578500301 0.218132540771 0.76543766507
0.544174803261 0.224317582186 0.772143601042
0.546996285175 0.246912890026 0.769204076795
0.510040896447 0.258264197668 0.811477204459
0.4596729483 0.25946119564 0.834949313939
0.413028462902 0.289501571797 0.844703329813
0.379550344312 0.280423831205 0.864651449979
0.34776402301 0.270454780526 0.873568819753
0.30830178168 0.2768756078 0.857542616134
0.277464954 0.261924142642 0.863534177623
0.244941523416 0.275324551757 0.827517962107
0.220837666533 0.272611645718 0.824309406742
0.201540734978 0.242144038708 0.841131187944
0.0914930850173 0.0935116674455 0.90398126222
0.0534408800039 0.0693870992749 0.887271250166
-0.00359612161915 -0.00262989579551 0.911120748907
-0.089686503084 -0.103414281785 0.905714008736
-0.130925707132 -0.147032146473 0.905407043226
-0.151079806754 -0.187349225473 0.908922097135
-0.149019792329 -0.198971630062 0.916365882173
-0.143301641756 -0.204461321272 0.920486208575
-0.160050957968 -0.222156224793 0.923614937816
-0.168545102681 -0.244770513862 0.906333353441
-0.193485673068 -0.318521465758 0.921049668706
-0.216143250271 -0.373305379098 0.90618796349
-0.230740226501 -0.417454573675 0.900527942191
-0.190102812771 -0.40589745546 0.908544589732
-0.19642410367 -0.428653969134 0.896164916499
-0.197497706104 -0.445446861673 0.882810496192
-0.195175094533 -0.457541788945 0.882185706454
-0.173940907356 -0.46428643513 0.872496510561
-0.102339447035 -0.470320808491 0.831350690755
0.0230070708866 -0.415480182278 0.764199822979
0.174487351064 -0.277688239589 0.772990330667
0.273107474938 -0.142871006235 0.805698291201
0.32873984028 -0.0555667820757 0.846408716349
0.374436916341 0.00115408418074 0.845993115815
0.429498334693 0.0501301163667 0.819567766125
0.505389479721 0.124618208725 0.775948026528
0.558710912996 0.187623306616 0.744716151724
0.576889429348 0.204899422732 0.738625246867
0.596669442445 0.230394302843 0.761689670494
0.582903985337 0.22982258994 0.791143305961
0.595591379903 0.271734215644 0.791817355774
0.597014094923 0.335170045962 0.808383742451
0.606016354389 0.408491509561 0.81821915151
0.564920422978 0.416775559929 0.831914047414
0.563670063832 0.44947792133 0.829924228595
0.520006678248 0.416769930963 0.851606029208
0.508195615572 0.414834385288 0.861960339508
0.492103496866 0.437801224424 0.844131678122
0.451947139663 0.426993191692 0.852047692114
0.414536343353 0.403867404166 0.856581228772
0.358771564717 0.321645572557 0.912080236879
0.231219734721 0.232247248259 0.933831914908
0.0902091825263 0.140110557524 0.944898842544
-0.0459978193634 0.02975551979 0.936073534588
-0.16271783855 -0.0950538502233 0.941837489725
-0.184676574848 -0.145959799118 0.958925167921
-0.221364231319 -0.195121090295 0.957632129653
-0.244434163424 -0.237479778284 0.956365700093
-0.273861629792 -0.281069368092 0.953688938715
-0.290723785392 -0.310244451597 0.959359541852
-0.272497756253 -0.304198820304 0.961121398069
-0.235507209247 -0.288479288433 0.991283606737
-0.176070384294 -0.284959339908 1.00076223645
-0.192877866982 -0.391126796754 1.0027415528
-0.187804559407 -0.475579554955 0.963236694572
-0.17374815619 -0.516837457597 0.935845612584
-0.164486733873 -0.521952803029 0.915230810949
-0.147461526079 -0.500157107541 0.946809152717
-0.174283944901 -0.528094810059 0.941145174077
-0.158369932914 -0.497751853665 0.954369408089
-0.116602834557 -0.462708117521 0.970477281774
-0.111252901123 -0.457466714231 0.956123072746
-0.0308266723231 -0.426277739578 0.945733685298
0.121959784268 -0.359276342681 0.85187711103
0.229958629955 -0.276227080115 0.817946290446
0.295904156207 -0.199742833709 0.82173664372
0.381833510492 -0.0973008720868 0.813847982282
0.456614399642 0.0286091201616 0.85923235597
0.496011373641 0.0869782684 0.868112258319
0.511923360614 0.123043037177 0.857382949035
0.531550915936 0.168119703132 0.854036015814
0.527432912099 0.185642699926 0.863101989033
0.526024900796 0.210466282988 0.887739340763
0.53630451836 0.213542833913 0.893726668032
0.533229008706 0.209344258967 0.891618811817
0.549291428441 0.231549054283 0.883347316086
0.591318423926 0.273749350921 0.859448557268
0.644133151728 0.369733373013 0.834090950403
0.637917540094 0.424218927841 0.830713451135
0.615094475604 0.429225395475 0.846038449898
0.611672612653 0.458255439891 0.8551157488
0.597125233495 0.484654588427 0.863721095629
0.558398751437 0.471520497496 0.876659448438
0.526566942361 0.467060119255 0.901677600434
0.49368001967 0.477840727309 0.90307845051
0.448426406765 0.447209099981 0.914427025129
0.299998687315 0.339714658745 0.961489360856
0.142804306591 0.195968782499 0.996485613357
0.046351226416 0.12295667147 0.99619264069
-0.0341054356312 0.0513459617436 0.990038292829
-0.100360396812 -0.0153425479511 0.994448267689
-0.162589679711 -0.0847221679727 1.00602480491
-0.202614767977 -0.139516782205 1.01867699963
-0.215403057504 -0.184520731654 1.04735144064
-0.194860961186 -0.214216050227 1.08555800565
-0.173625424 -0.224775238 1.09183783862
-0.117883653562 -0.203955120203 1.10762475395
-0.119915994029 -0.231782537682 1.10232758274
-0.185505247571 -0.327385734828 1.09020514797
-0.185901872944 -0.362798187784 1.07914042053
-0.21459830507 -0.412591800237 1.04953661456
-0.260890627056 -0.477727390371 1.02059239859
-0.276390934131 -0.524310113704 1.00974191779
-0.2878463991 -0.543457339324 1.00377963216
-0.272020252563 -0.556415301804 0.989754296166
-0.219525613379 -0.550338581147 0.979300365617
-0.14613187089 -0.507482760279 0.989164496782
-0.0587812108656 -0.425291067068 0.999414129398
-0.00827855948697 -0.392510360194 1.00305983657
0.105975575492 -0.307507977966 0.983918809755
0.241242328169 -0.176153586337 0.99053848519
0.349204930493 -0.071578711915 0.967577006021
0.43067573776 0.0196675189337 0.952426396194
0.50498792489 0.106527101364 0.917295533091
0.584867154827 0.20366423684 0.875842668407
0.614866653269 0.236985567253 0.862250526876
0.626904069727 0.259974202101 0.854796983215
0.636083085903 0.283800411759 0.853267790785
0.645685726406 0.305496523101 0.85696542519
0.637955749199 0.309470863283 0.861238589255
0.667043347391 0.322434454729 0.855571943458
0.674309347609 0.266058809168 0.826675143624
0.636450303841 0.142694037956 0.781925041414
0.576555576941 0.0696073469013 0.819683405818
0.543869974821 0.045761142699 0.871317402679
0.512622142247 0.0394203613029 0.906873268687
0.474356877888 -0.0011839813901 0.930038135777
0.446162691126 -0.0258237127027 0.938042167453
0.389934669779 -0.0748534801668 0.959361117983
0.342679149654 -0.0928907899003 0.981956256695
0.3139597686 -0.116585475846 1.00609743792
0.246116605112 -0.186919434886 1.02412773008
0.120773872293 -0.297985595645 1.03981197784
0.0406478340117 -0.354987246426 1.04713247796
-0.0154680229514 -0.390629563112 1.05792504016
-0.0930919336614 -0.429349837964 1.06765327054
-0.156609844083 -0.438779672346 1.06425578707
-0.21702727091 -0.475831670672 1.0331747159
-0.23377793713 -0.489712032604 1.02033441628
-0.274359943673 -0.492668154636 0.999070060138
-0.294200499069 -0.466723954796 1.02475093626
-0.279537521232 -0.401771366207 1.02800083702
-0.310093262946 -0.385161475214 1.01566094213
-0.291518796226 -0.330565635347 1.01265025028
-0.230116248146 -0.230613752242 1.00431072108
-0.0453821188765 -0.0230183301996 0.996664949013
0.141644863721 0.130153158703 0.979835166336
0.238144781679 0.193842055705 0.979996385645
0.325153548514 0.251129562937 0.95794906779
0.372635422422 0.290219961843 0.938254695718
0.419268697668 0.337385098972 0.892137641115
0.435742122296 0.350979210526 0.854301840864
0.46075652942 0.377864397121 0.833615871632
0.530629949091 0.394246945704 0.814470143633
0.586367669501 0.426510688267 0.782349972376
0.630763439335 0.4492001144 0.749710156031
0.62815839179 0.43354822711 0.752697373293
0.612190322624 0.390789732945 0.76868987674
0.599541196435 0.321630683001 0.781000028807
0.619127049086 0.31599048685 0.742287257788
0.61597561841 0.276878849271 0.739736448485
0.55411455265 0.196768134749 0.769787521135
0.488069481445 0.11337702301 0.811314687542
0.42189760141 0.0158396874307 0.804623567628
0.334641291955 -0.0869057046309 0.802094942728
0.244914638185 -0.171325279137 0.82967135174
0.153242159388 -0.236456810659 0.863231130681
0.111796440386 -0.272908427276 0.865729545784
0.0863577339318 -0.29575624476 0.87320417375
0.0817350496362 -0.250976136148 0.912097958203
0.0537316482978 -0.234944437226 0.941956612366
0.0207325612226 -0.237551279951 0.95388385077
-0.0709313481694 -0.284758601262 0.974327674473
-0.171813892123 -0.324730166403 0.967347459863
-0.1751902673 -0.301208794425 0.960323976544
-0.201880007905 -0.289446979715 0.95782427126
-0.205313140279 -0.270712062332 0.948079467673
-0.211812537897 -0.240158780477 0.931095367065
-0.199755957615 -0.18704353759 0.921363456224
-0.140534832754 -0.104873640091 0.921237971115
-0.0651028804113 -0.00863710835448 0.89134526053
-0.00202769886863 0.0602968566228 0.874253348114
0.0990343610853 0.130644724965 0.884266082722
0.185621528608 0.18434051813 0.880945481329
0.241268273471 0.227621605572 0.881026874515
0.303478392546 0.266874617554 0.871728704475
0.342853502704 0.302746240931 0.850948916276
0.406500716321 0.361411946513 0.817588100951
0.50208603401 0.412372187725 0.793736758267
0.558980438001 0.430579996944 0.763869912544
0.616665333448 0.439741154936 0.741735400222
0.647322645128 0.424316316892 0.732711318735
0.642169307233 0.397798996907 0.741407073525
0.619158832342 0.352597680334 0.77480002196
0.608953051514 0.302655364109 0.762843040724
0.63458565349 0.311856348076 0.717771900793
0.609391055361 0.256502129074 0.727440835596
0.579303691471 0.179879879787 0.713783407119
0.514939823134 0.0833950601313 0.733442235077
0.386080817524 -0.0655879976797 0.76802371026
0.261471143959 -0.188579993467 0.780734456717
0.184112530413 -0.23540187418 0.81433217005
0.118999198288 -0.270215909707 0.853639987974
0.11551133373 -0.261989259302 0.865127407415
0.0968062730775 -0.274505788462 0.871386432959
0.0540910311065 -0.308381651717 0.874173396423
-0.0490745060327 -0.367320255415 0.896771202293
-0.108050788291 -0.396403184907 0.889534572431
-0.0779344004332 -0.363045299277 0.921307643594
-0.158567819191 -0.385160755063 0.926517897223
-0.212172979178 -0.384597485608 0.926602234447
-0.237696116787 -0.37278193562 0.929208928323
-0.269840735813 -0.357910223177 0.922504836294
-0.258602380217 -0.343799147313 0.920434914471
-0.22609872919 -0.297918253354 0.933204046496
-0.160237634093 -0.186770639475 0.93212646568
-0.0431962355499 -0.0633691499337 0.94496879933
0.0166054907902 0.0264566983821 0.915458456073
0.0964306635485 0.111178296086 0.903222328847
0.115623325121 0.148089933324 0.875826466303
0.142387636737 0.175055722837 0.862800095811
0.150606564872 0.191661949145 0.85335912361
0.191366062401 0.230716186761 0.853702456449
0.335450099236 0.332773264824 0.820789841733
0.470148604942 0.418170381302 0.792211800058
0.514066018267 0.432481638773 0.775577379907
0.55114754082 0.437183825765 0.773538024132
0.582603913361 0.430636546705 0.759130320807
0.639178288005 0.446437694808 0.72662621516
0.613447901166 0.379826123345 0.741594711457
0.561754288585 0.28940450897 0.788159499704
0.52766378526 0.236063624077 0.804979713844
0.535290842492 0.234718772535 0.8061014973
0.578896795875 0.264547579101 0.773713861988
0.61717711476 0.259221514281 0.717904477367
0.545403298564 0.169117695924 0.744473729314
0.40407400776 -0.0167408378354 0.78641336213
0.264362002502 -0.154717645588 0.81530738409
0.182007703219 -0.220178067947 0.830973681665
0.130511420454 -0.246282229493 0.862323593865
0.116950453286 -0.248298378085 0.865018305425
0.0718677869746 -0.266477912423 0.892515355279
0.0088797958762 -0.290203687733 0.928872323272
-0.0873732544658 -0.306527429111 0.945302532286
-0.143780732542 -0.298432859457 0.946048026577
-0.173771661578 -0.313829979659 0.946524212871
-0.201468328006 -0.299964934271 0.936244481173
-0.246226445592 -0.286369972514 0.905355749123
-0.241495382014 -0.261537095801 0.907402196362
-0.220870820283 -0.232673329146 0.908982215929
-0.22154847235 -0.212146497934 0.898708008633
-0.167950472488 -0.14694787887 0.91016771927
-0.100840368254 -0.064688084803 0.895110928409
-0.0525956768494 0.00480548494313 0.881002275914
0.052885311736 0.117411049887 0.869323728168
0.177644068053 0.230357613802 0.843101766399
0.212252546274 0.261014701527 0.839229386809
0.242723181829 0.280975448801 0.838716833186
0.306537967018 0.361629601345 0.781581920937
0.4319169432 0.451170150249 0.754928331765
0.552508098608 0.511091367845 0.723506975087
0.612461548447 0.495742060792 0.729964410486
0.641143951861 0.455368989069 0.726348992483
0.627385654878 0.389035387648 0.744258580089
0.607748855146 0.327941782275 0.752736954116
0.569839863498 0.268218488843 0.767569739715
0.579789532301 0.254778710028 0.768066733434
0.612682324379 0.269551395364 0.721611870393
0.552777678064 0.182355035687 0.756517161172
0.421644248674 0.0323291495311 0.807560701598
0.274352023967 -0.113626020706 0.835201186744
0.182075729839 -0.205096486319 0.852517104422
0.102090879909 -0.291975049978 0.867426858901
0.0751754605272 -0.303173595235 0.870010901409
0.0571572963509 -0.320200016189 0.881412693444
0.13465674744 -0.169065227462 0.929252490407
0.118145054435 -0.155411914776 0.954104088777
0.0700310162337 -0.17948415491 0.947423471332
0.0399173283939 -0.220471123718 0.947588457896
-0.0395317328252 -0.296092334916 0.957198650881
-0.216545010755 -0.34867775592 0.930620827203
-0.242078067779 -0.350971874553 0.930374447454
-0.25664596077 -0.350884792468 0.9252891326
-0.241833225177 -0.297884906547 0.923012332482
-0.227867063231 -0.242532094787 0.918266393127
-0.113986955506 -0.0848512711286 0.908163907609
-0.0163402141108 0.0381726642246 0.890184442586
0.072343270472 0.146221081264 0.865797348575
0.151319169565 0.240924687985 0.819154024386
0.155505200022 0.238483272819 0.831631473925
0.150992595826 0.214872004273 0.853586262996
0.161063673423 0.230836615653 0.838425427581
0.301085113609 0.359017686694 0.801331077487
0.397743358729 0.42867809124 0.782849640679
0.498369174924 0.494675472454 0.7528444171
0.570950562115 0.524080419688 0.725316524318
0.624290424938 0.531618756095 0.701362704142
0.662631551046 0.519635521104 0.696181726379
0.684336875337 0.49953029178 0.699572118394
0.683198621305 0.45811946364 0.704596847488
0.676821923218 0.426761953782 0.70546488285
0.648232461093 0.362895227924 0.718373215946
0.597486992125 0.271305740661 0.746043167044
0.471169057468 0.111449363744 0.804001088799
0.317192049755 -0.0598821212284 0.856678966305
0.173020147471 -0.205240118165 0.862342011013
0.0930438669466 -0.274194471613 0.864135810254
0.0615115733847 -0.302560255188 0.878100560491
0.028650974643 -0.327414927613 0.865678995526
0.0202241815456 -0.333040364259 0.861956319476
0.0125410421215 -0.338389238106 0.866097730184
-0.00165998374062 -0.345218708931 0.863517921896
-0.000280731480113 -0.281996018557 0.92013863409
-0.0383685048526 -0.286502245666 0.922382477882
-0.0687817082063 -0.30358380914 0.933600866205
-0.10773656906 -0.332049176861 0.919684909079
-0.237651979022 -0.37447606647 0.897139117239
-0.205101490214 -0.337918386539 0.909776495905
-0.200153317263 -0.308049360071 0.91985515059
-0.194472085059 -0.29010616863 0.926960303975
-0.183911381529 -0.255468261554 0.914616174856
-0.205729545208 -0.246843212215 0.913767656738
-0.190559186895 -0.216776818622 0.919127803992
-0.124876932793 -0.137912778738 0.92300221761
-0.0129149761378 -0.000393734164223 0.921029715842
0.0747615826213 0.109757913553 0.888862595418
0.138955854372 0.189976098631 0.869024321088
0.175104347109 0.237416391318 0.835694348691
0.182580296575 0.251838784031 0.826373804163
0.214216860121 0.273760537378 0.822983135268
0.226828333666 0.280759100448 0.823214231994
0.286507976207 0.343087829363 0.801377203439
0.382008187738 0.430618708842 0.764673412233
0.438819510583 0.479675343945 0.745907661283
0.489782029651 0.488800340646 0.743810853872
0.534970990959 0.494814032374 0.750841428655
0.534641717202 0.47639043184 0.753335609537
0.542043770661 0.450177949535 0.767525655217
0.550725266503 0.435499382493 0.784280226161
0.525700939965 0.394504527275 0.802113121768
0.517998636716 0.359029045389 0.808532899656
0.53912065951 0.338896948427 0.80937009209
0.537776565528 0.302745097565 0.825184716228
0.448145612336 0.193957282619 0.876451161819
0.459889998401 0.176996705077 0.860522457625
0.4266347993 0.111007767312 0.860989708513
0.369416931668 0.01242901063 0.865837658393
0.286458817054 -0.0793703458193 0.865260094704
0.223966262004 -0.146370172363 0.876920692268
0.201169521464 -0.176998985208 0.87842327599
0.184419530248 -0.192786617934 0.8735674908
0.133210818569 -0.251184041053 0.86705738432
0.13262886708 -0.255025450281 0.880473213603
0.125940034047 -0.26895814025 0.857603519372
0.0745203473072 -0.262056509956 0.897380899092
0.00382735294254 -0.313628683973 0.908219587245
-0.0611950036364 -0.359460064379 0.915325840727
-0.0664532865192 -0.377626083341 0.905462999744
-0.0508798177129 -0.376001854515 0.902359312149
-0.073760314404 -0.373874570682 0.906978476212
-0.110567295384 -0.370661424118 0.927755874132
-0.127880074264 -0.360163858033 0.934037551045
-0.154624547051 -0.3589103103 0.952770068789
-0.166737150254 -0.331218638258 0.950224237553
-0.0724733284277 -0.208319353522 0.962290787744
0.00137244662114 -0.121450083514 0.969971937756
0.0608475992222 -0.0576769189093 0.974893833109
0.0522136161666 -0.054228836689 0.965992023238
0.0214229512646 -0.0765962450801 0.963867316938
-0.000621566197499 -0.0890242849133 0.96011803218
-0.00607576961518 -0.0878216579756 0.963898159866
-0.00390291580099 -0.0879638825806 0.968800071009
-0.00883124992237 -0.089613571804 0.964427563575
-0.00442946010177 -0.0832042956251 0.968968191696
-0.00861481555434 -0.0826701512538 0.964475256589
0.00236094289657 -0.0680865527065 0.970473909542
0.020445783684 -0.0321640085348 0.964646511401
0.0355758486069 0.0308716216812 0.93306891348
0.0733323824804 0.110176700958 0.891824771033
0.110178366113 0.165309499679 0.874475153184
0.133980682468 0.197649623435 0.864783567012
0.16577759819 0.219821071943 0.866703785295
0.191479576795 0.24028909595 0.859145096985
0.295407931431 0.329630870487 0.842133010692
0.395778369877 0.417839526184 0.791111377788
0.509015659618 0.490835470468 0.761337250935
0.587371279574 0.521444451881 0.73266649039
0.63133688069 0.522617953735 0.731869345745
0.657067208258 0.50172888488 0.734441785689
0.653821427013 0.483170946151 0.72416996867
0.639292477403 0.454103333202 0.740053370128
0.643985888337 0.416775723042 0.754641066159
0.645979226151 0.386257195236 0.756510457304
0.651083641978 0.340318901314 0.741533848817
0.615507181315 0.282610349232 0.758594918305
0.604418583475 0.256546570701 0.755138139248
0.558815857984 0.179272005594 0.763274747497
0.480045123836 0.0812166923902 0.791143662211
0.379022682268 -0.02019314178 0.810084158346
0.307944331954 -0.0968826417205 0.828680221546
0.264853653448 -0.141766162276 0.842077633681
0.250812304758 -0.146438667146 0.836824198139
0.271489163578 -0.0546556405554 0.884607643563
0.228136562931 -0.100973909222 0.914058144906
0.0844286376352 -0.193930600779 0.944344825382
0.015267763386 -0.248551050841 0.946826390399
-0.0525476668726 -0.27083419163 0.949462360141
-0.114203508417 -0.266795972316 0.943198087076
-0.0822930783025 -0.235051614619 0.950560945894
-0.0952621745676 -0.219116685361 0.942692901796
-0.0698597114766 -0.17474325602 0.946187615245
-0.0887066354855 -0.155475601508 0.936872872
-0.0519061396264 -0.0948341303477 0.935624036372
-0.000849210717344 -0.0187621921785 0.923707300436
0.0466993398013 0.0392243299449 0.909587322258
0.0880975460159 0.0869064313834 0.899236146081
0.149214958103 0.166740583105 0.861320986673
0.181227633188 0.197762722957 0.855304383538
0.21880735108 0.239062415856 0.842965778821
0.266242387205 0.28747602879 0.823403160107
0.282999597817 0.325002413317 0.799173961196
0.352731829136 0.371261874779 0.772438978839
0.437616604953 0.413646580205 0.769311539779
0.475385698987 0.411931604608 0.780399464926
0.508545813243 0.412880871699 0.781767628131
0.534868011713 0.409942880694 0.773777312417
0.5772994677 0.419886470976 0.757383747614
0.570245792552 0.407148521535 0.755962090112
0.586063369684 0.376266348844 0.755052709353
0.61005168716 0.375128158077 0.728865080887
0.638441794457 0.380399243489 0.707218080542
0.642343363926 0.355932826145 0.698104414309
0.588212950376 0.269940500647 0.731866837326
0.541728757882 0.212729931646 0.764472676618
0.482574984637 0.14754888657 0.778157070053
0.402159290985 0.0410616694268 0.8169249818
0.351421041414 -0.0287890660366 0.815509948796
0.278592111603 -0.1036518981 0.818461898824
0.226434581306 -0.158974177535 0.822862115061
0.1900201164 -0.196405593567 0.824338090075
0.192270916249 -0.167356567921 0.8536364976
0.140578712948 -0.174092083566 0.89862937847
0.0438387366916 -0.216718203817 0.944180938915
-0.00752040774931 -0.261255653475 0.935213018883
-0.0716500279025 -0.316855902952 0.936672143811
-0.174167611947 -0.35114970341 0.943443999859
-0.18113544666 -0.314864921594 0.945318369071
-0.161253863598 -0.288184988533 0.947018816312
-0.149112177156 -0.271640383913 0.950139353993
-0.163040686458 -0.2648327088 0.942344044555
-0.189900023648 -0.269337528667 0.9396648929
-0.16894618816 -0.222050161478 0.938750731585
-0.122401863447 -0.169589491855 0.94878878472
-0.0685518608585 -0.117065793302 0.941342332523
0.00211480955697 -0.0298583388058 0.94432605941
0.0448478653432 0.0379586740779 0.923291699903
0.101885541971 0.108068398354 0.907426715593
0.15520765025 0.169166225451 0.88417935522
0.201692517748 0.224469523657 0.85955803036
0.280811630205 0.283574405116 0.844457503825
0.348749144263 0.333354665305 0.83414821938
0.391088274695 0.358130142054 0.833987190156
0.438138629875 0.379519158271 0.83016646092
0.477664847798 0.399623537392 0.819829000705
0.511726267885 0.408728145622 0.802434080119
0.542985369882 0.425364054052 0.785700316601
0.530252487542 0.388961100787 0.801127049009
0.579520509306 0.406606490754 0.778122934262
0.624819609985 0.431729445643 0.750673577422
0.636255236126 0.422657334018 0.750929715793
0.640636512113 0.402754543746 0.741779682231
0.639620341879 0.388840835006 0.739131096623
0.634362734001 0.368767545249 0.737252770072
0.657504477829 0.369982280321 0.708596002369
0.647984918473 0.317437343095 0.693797273192
0.578581901639 0.202100841849 0.735579010908
0.520482567005 0.123586081273 0.764896191831
0.443961282697 0.0583943353036 0.806094485206
0.388477590027 0.00773385984525 0.843262036925
0.350050623483 -0.0293056364201 0.845146987975
0.321273135224 -0.0539722353718 0.85059782007
0.313635483573 -0.0648297816572 0.838638448557
0.466622969198 0.189235264196 0.851322340771
0.49933043516 0.23557899326 0.829348034457
0.456926653131 0.18618558091 0.847888213083
0.405080582775 0.11534575238 0.868041644482
0.284027475392 -0.00269858297889 0.898792908687
0.23556499961 -0.0753210316863 0.896884839304
0.179965092529 -0.127925333156 0.896671692761
0.110805568289 -0.186360324807 0.915122286641
0.0629568272518 -0.218534170802 0.932311152147
-0.00342940286593 -0.241236098996 0.931984946274
0.0270114744459 -0.263604357589 0.922913171773
0.0433272469166 -0.257889024374 0.911704542072
0.070779130014 -0.237340397451 0.911805452502
0.120537452715 -0.202928982583 0.899602558482
0.126047738325 -0.197437884131 0.890559236632
0.13165034949 -0.206778672147 0.865283379203
0.148183231334 -0.196027189176 0.862106956947
0.162120310041 -0.184910654078 0.856786311148
0.179772957097 -0.164782221802 0.85884804141
0.173462260617 -0.175336337648 0.857305956235
0.196078810153 -0.173176557209 0.844786338084
0.299629703241 -0.089120627589 0.814431157168
0.378674978963 0.0168500191707 0.8053002846
0.428886684233 0.0914603415897 0.806883438291
0.464887444227 0.14513152456 0.803033710069
0.505918108307 0.201637449705 0.782192512895
0.545302462874 0.253526012498 0.756281283891
0.56179842635 0.287710378119 0.756089688619
0.511592180387 0.285342529664 0.800841714141
0.442678848758 0.276179964431 0.827899221912
0.373192135046 0.281100200182 0.855256603729
0.3282110387 0.264105718793 0.861389677198
0.328474310851 0.261725925315 0.861305616854
0.297054856678 0.244840321724 0.872728493195
0.28295675079 0.23538136226 0.864753737385
0.269546216384 0.219505240206 0.869906262497
0.262972922758 0.209423647043 0.876432752097
0.236791237634 0.184391995965 0.884027807738
0.178032064749 0.160345216228 0.884823385321
0.114956883206 0.0914112512508 0.901915297737
0.0983032675728 0.0493481072906 0.928734063558
-0.00756240195727 -0.0902820543705 0.956154500782
-0.106264256968 -0.198065003429 0.950516663885
-0.144164004206 -0.241771357445 0.960218008678
-0.179366378343 -0.284657710637 0.950699600631
-0.227283821005 -0.330005867466 0.938360528948
-0.202869854189 -0.338995968933 0.941353270611
-0.0563859940244 -0.305435937415 0.941768784349
-0.0173282131963 -0.279600058333 0.950289793954
0.0816888868583 -0.243560192915 0.920214225993
0.0657017131401 -0.228944654801 0.92094416038
0.0811155047752 -0.229477391931 0.920514100038
0.0921268315851 -0.234512134446 0.907558897144
0.111884305835 -0.229607508402 0.892979115792
0.150404272939 -0.209307169398 0.882846143596
0.194113821301 -0.184015122265 0.853048075193
0.260632054632 -0.119706406049 0.84855403999
0.336902686222 -0.0456542811569 0.842230938311
0.408573582444 0.0470790258396 0.821056633885
0.440126389839 0.101756875865 0.820782545332
0.469016042482 0.139810925595 0.804805324908
0.515559017186 0.196086136807 0.798874349179
0.550645851917 0.235121393193 0.778996573396
0.58107754409 0.284236835502 0.757515303461
0.594688783334 0.354894056412 0.777070474461
0.526838459721 0.350321985891 0.806644814482
0.450496691413 0.315506543123 0.850875627855
0.323611978336 0.280879630103 0.854522988883
0.328190584138 0.325294292661 0.830158079274
0.313886638302 0.321094310474 0.832973218508
0.282834051258 0.297292153972 0.846901601415
0.265293568587 0.290551172473 0.834313482824
0.261426892472 0.29730651955 0.816488778778
0.247387568795 0.286912202297 0.835188886531
0.209384901582 0.245835336921 0.850285178846
0.195317844675 0.187390201416 0.884379609018
0.14018185531 0.099686565007 0.926331034483
0.0943257770829 0.0389014620006 0.937404776702
0.0495788696493 -0.024709089528 0.942879083382
-0.034223793599 -0.119877332522 0.963785923752
-0.110128233064 -0.19893873953 0.964630017565
-0.179751734292 -0.30977503656 0.958456975677
-0.107196730322 -0.332235449166 0.962292434176
-0.0850130495222 -0.343962509828 0.949677429997
-0.0509410350166 -0.32265550377 0.943120097469
0.0547529536429 -0.281070804622 0.909107606818
0.0353504020946 -0.301279839816 0.899386277815
0.0739732891732 -0.283608989451 0.883858358096
0.0949547986193 -0.275771444329 0.885090810604
0.11874719556 -0.257540989196 0.872546150807
0.14975564484 -0.232044701843 0.890687578985
0.141384933934 -0.230976413101 0.881701708771
0.150063054754 -0.236118626171 0.858533707557
0.113602427071 -0.266134098969 0.86812595036
0.0822298106804 -0.292342916588 0.879417073343
0.0648965179672 -0.308157416954 0.872008088572
0.0470835187356 -0.328535544392 0.864635471132
0.0471857637058 -0.329257762236 0.851256009178
0.0401895207582 -0.339116527877 0.860540186376
0.030437122499 -0.348859936552 0.862369252851
0.030437122499 -0.348859936552 0.862369252851
0.0522638555841 -0.33956077568 0.850101815732
0.0658815799488 -0.332758172493 0.85012842444
0.0606332164803 -0.336814522833 0.843118657082
0.0603131871332 -0.33922118395 0.840481397158
0.0605764592836 -0.341600977428 0.840397336814
0.0619027394499 -0.339390276194 0.842830108721
0.052892644855 -0.34504258048 0.83655423309
0.0532133492066 -0.344543190158 0.847176007446
0.0437796302855 -0.348065396127 0.835673304982
0.0398588969923 -0.353725586822 0.847065338394
0.0375263660068 -0.355740328173 0.844837054506
0.0312262639457 -0.354092046191 0.854132557388
0.0293166822819 -0.356329615063 0.849146585901
0.0271438284677 -0.356187390458 0.844244674759
0.0192449296801 -0.370386955649 0.856322906884
0.0188206303494 -0.366349586538 0.843111565619
0.017392105213 -0.367838069928 0.854058255666
0.0108748937794 -0.371225937701 0.855321551102
0.0119379017953 -0.36663544299 0.857838383352
0.0165462065696 -0.367392414883 0.859573630861
