-154 17 384
-132 23 383
-131 44 377
-129 65 368
-128 85 365
-115 88 368
-112 89 370
-98 99 367
-84 106 366
-70 96 363
-44 91 364
-21 85 365
-3 93 357
17 116 350
45 121 340
71 103 344
107 71 345
125 44 341
144 24 339
162 14 332
175 -25 329
179 -53 332
186 -68 324
145 -74 347
129 -84 355
119 -96 363
116 -114 365
114 -116 371
112 -123 375
112 -140 375
109 -155 369
108 -193 363
94 -239 356
67 -292 349
30 -323 345
-10 -325 348
-60 -303 357
-101 -263 364
-124 -228 373
-142 -214 371
-151 -208 373
-160 -205 365
-163 -208 365
-168 -206 365
-180 -205 360
-187 -149 371
-195 -124 370
-203 -115 369
-200 -116 369
-203 -119 366
-203 -109 363
-203 -112 365
-203 -116 361
-200 -119 364
-194 -106 368
-197 -81 372
-193 -49 371
-184 -28 373
-173 0 371
-169 14 370
-144 11 373
-136 21 374
-136 35 371
-128 59 368
-108 61 371
-87 65 371
-51 61 376
-17 61 371
14 61 366
33 68 365
37 94 354
76 90 348
100 76 342
104 74 343
108 47 344
130 27 350
111 -13 358
108 -46 363
104 -61 364
107 -80 363
106 -90 360
102 -110 361
104 -134 362
104 -165 362
98 -198 356
98 -236 350
99 -247 344
78 -259 346
50 -269 354
13 -272 358
-17 -282 355
-59 -271 358
-87 -256 357
-93 -240 363
-95 -228 367
-102 -227 365
-117 -220 364
-144 -217 363
-174 -198 356
-179 -149 365
-186 -134 367
-192 -124 365
-210 -117 362
-224 -89 353
-229 -70 353
-225 -65 359
-218 -47 362
-209 -24 360
-196 -6 362
-193 0 363
-192 8 361
-185 10 363
-170 20 366
-141 37 376
-125 58 369
-100 76 370
-72 84 370
-49 87 369
-27 88 369
-5 93 366
24 113 355
51 116 344
73 107 345
85 100 343
91 92 348
88 77 361
98 59 364
106 20 369
94 3 373
105 -18 373
118 -32 372
135 -66 365
153 -121 357
154 -141 353
151 -158 352
153 -170 356
149 -188 357
138 -215 364
125 -225 366
115 -229 367
88 -255 370
60 -263 377
26 -266 384
-15 -274 388
-57 -281 384
-97 -281 384
-124 -264 384
-138 -256 390
-136 -254 393
-151 -247 392
-165 -238 388
-178 -212 393
-206 -162 394
-213 -138 399
-209 -131 398
-210 -114 405
-218 -83 400
-217 -61 405
-210 -39 405
-202 -22 405
-193 -15 409
-170 4 413
-162 57 406
-168 99 396
-153 112 395
-124 115 403
-40 103 412
22 82 416
36 57 417
50 25 420
54 19 413
68 38 410
70 86 397
100 77 391
129 48 388
151 4 385
160 -45 384
166 -78 388
163 -102 390
162 -110 391
157 -126 387
157 -137 387
155 -145 385
151 -132 385
146 -122 386
149 -108 387
145 -92 386
122 -77 399
90 -88 407
74 -118 408
56 -151 408
38 -186 409
28 -209 409
8 -217 403
8 -235 399
15 -255 391
49 -290 375
58 -330 356
44 -334 360
16 -337 360
-30 -300 377
-107 -261 384
-158 -231 380
-159 -224 369
-162 -229 357
-155 -233 352
-154 -220 354
-158 -228 344
-165 -197 353
-170 -153 359
-179 -143 353
-190 -143 353
-206 -91 348
-218 -41 346
-219 -19 340
-221 -4 342
-219 13 337
-218 34 332
-216 60 322
-205 77 325
-173 91 329
-121 94 337
-81 99 343
-54 91 347
-23 59 352
-6 29 357
12 17 359
32 19 356
65 27 346
88 31 339
93 33 331
100 32 333
108 39 330
114 42 326
116 46 325
110 33 328
106 17 339
105 -32 344
122 -111 345
119 -172 341
116 -190 338
110 -194 334
108 -185 341
128 -164 335
141 -105 341
143 -47 339
149 -20 329
141 11 331
135 15 334
120 37 334
102 41 343
91 43 345
77 53 344
31 54 357
-15 50 362
-77 59 362
-101 52 367
-121 45 368
-155 45 359
-170 36 359
-200 40 343
-217 37 340
-213 22 345
-203 -52 361
-213 -65 352
-210 -101 357
-204 -151 349
-205 -173 346
-192 -192 346
-183 -197 349
-175 -199 351
-176 -208 351
-163 -218 344
-131 -252 348
-106 -277 341
-84 -297 338
-61 -289 344
-47 -299 339
-33 -306 334
-22 -311 334
2 -312 332
72 -308 322
145 -273 306
164 -202 320
138 -137 339
111 -96 358
106 -68 361
119 -42 355
133 -3 344
135 29 336
138 38 335
131 50 345
115 48 355
94 67 356
45 94 362
-4 126 366
-46 126 368
-71 140 367
-86 122 372
-96 120 375
-123 129 367
-149 121 367
-163 108 366
-157 67 383
-198 18 382
-246 -33 376
-273 -91 363
-276 -154 357
-259 -178 362
-252 -202 359
-239 -222 357
-230 -243 354
-223 -257 355
-213 -253 357
-200 -244 371
-156 -238 379
-91 -285 379
-17 -320 365
30 -336 356
45 -337 349
37 -327 362
37 -341 358
25 -327 364
30 -309 373
33 -306 368
77 -286 370
168 -243 346
200 -198 341
196 -160 347
191 -109 350
150 -50 372
137 -22 378
125 -5 375
108 16 375
90 23 378
66 33 387
71 35 390
72 33 389
70 44 387
77 66 381
53 112 375
8 135 373
-17 135 377
-43 147 380
-76 157 382
-100 148 384
-127 143 391
-162 145 389
-178 128 390
-227 69 397
-254 -6 399
-278 -45 392
-289 -82 384
-294 -116 381
-295 -151 381
-289 -178 383
-271 -199 393
-239 -211 409
-215 -214 413
-188 -201 423
-168 -213 421
-148 -259 412
-120 -274 408
-101 -297 395
-85 -328 381
-61 -349 376
-55 -358 373
-30 -362 369
10 -355 369
36 -331 378
44 -289 388
60 -271 393
93 -225 394
104 -158 406
118 -104 405
119 -58 405
121 -14 397
121 35 387
123 52 384
117 63 382
107 74 382
98 84 384
88 85 385
103 93 385
156 70 375
225 15 356
224 -22 366
206 -36 383
179 -42 394
174 -63 400
168 -76 401
155 -102 405
126 -114 410
116 -127 417
110 -163 419
88 -221 416
64 -252 413
43 -272 413
7 -295 411
-37 -304 405
-53 -324 389
-54 -331 383
-81 -335 372
-121 -326 380
-158 -297 382
-193 -292 375
-218 -267 375
-241 -219 376
-244 -115 386
-203 -34 393
-172 1 400
-140 33 398
-127 54 394
-116 79 380
-106 87 367
-102 101 361
-54 114 359
-27 133 351
-2 147 342
7 140 343
23 120 348
62 89 352
89 89 339
116 72 338
120 32 345
121 -10 356
141 -57 349
147 -108 342
132 -152 346
100 -188 352
93 -207 350
88 -219 351
44 -201 365
4 -197 374
-23 -201 376
-66 -229 377
-117 -254 367
-136 -244 364
-166 -241 361
-181 -233 357
-206 -220 350
-234 -196 347
-247 -156 351
-252 -108 345
-249 -73 343
-221 -35 354
-190 -5 359
-177 18 363
-154 40 364
-145 59 359
-131 90 351
-87 120 349
-49 133 342
-5 142 338
33 138 337
47 126 340
56 104 351
87 82 346
109 89 331
128 63 333
163 28 326
179 -19 329
179 -94 333
167 -157 329
133 -184 336
99 -205 346
88 -202 350
81 -209 351
71 -227 349
27 -261 350
2 -278 343
-4 -262 357
-54 -278 353
-98 -282 349
-128 -279 348
-164 -275 343
-165 -268 343
-175 -246 350
-204 -193 354
-203 -131 367
-216 -87 360
-212 -44 361
-219 -26 352
-215 -12 349
-219 -4 346
-215 16 349
-168 72 347
-117 120 346
-89 130 343
-62 135 345
-29 135 342
11 147 334
37 116 338
54 72 352
63 46 356
70 46 357
89 63 348
134 65 330
138 20 335
154 -72 341
138 -143 342
117 -178 342
89 -194 350
79 -196 350
51 -208 357
11 -224 366
-58 -239 365
-110 -240 361
-123 -249 359
-154 -245 353
-195 -242 338
-210 -231 339
-215 -217 341
-229 -208 337
-236 -176 345
-240 -135 344
-250 -101 342
-246 -44 345
-224 15 344
-218 31 345
-208 42 347
-206 83 330
-166 132 329
-107 168 326
-48 166 333
6 151 334
41 121 340
69 93 342
80 64 345
98 59 346
122 69 331
132 26 340
128 -50 350
112 -125 350
102 -172 350
99 -216 350
85 -223 349
81 -232 352
23 -162 375
-5 -158 383
-25 -172 377
-19 -192 375
-29 -231 373
-129 -267 350
-148 -270 348
-159 -271 345
-186 -247 345
-215 -222 344
-238 -145 348
-247 -84 348
-251 -30 345
-249 18 333
-246 17 338
-236 6 346
-237 14 341
-212 81 337
-182 119 337
-144 156 333
-102 175 328
-60 183 323
-19 181 324
13 174 327
42 156 329
60 142 329
82 112 332
104 68 339
110 -12 352
103 -99 361
93 -173 353
79 -209 348
72 -224 351
66 -237 344
64 -240 342
61 -243 343
55 -247 341
-1 -221 362
-29 -226 360
-43 -236 362
-51 -251 354
-121 -279 336
-124 -261 343
-144 -248 347
-154 -240 350
-169 -224 346
-193 -222 344
-204 -208 347
-210 -169 353
-221 -101 360
-226 -46 354
-230 -6 351
-230 18 341
-233 25 338
-223 37 339
-218 41 340
-212 73 336
-193 119 329
-180 145 326
-145 153 329
-114 159 335
-101 151 336
-78 140 342
-63 134 349
-56 114 354
-37 98 356
-5 91 358
18 75 364
17 20 377
42 14 372
64 -17 370
90 -64 368
91 -110 362
88 -144 362
92 -159 361
91 -167 358
94 -196 352
94 -198 357
103 -204 348
49 -206 359
28 -234 358
8 -259 356
19 -267 352
31 -265 352
10 -266 352
-26 -268 357
-49 -265 358
-75 -267 363
-105 -256 361
-122 -196 372
-128 -153 380
-128 -121 386
-136 -120 382
-144 -132 379
-152 -139 376
-158 -139 377
-157 -139 379
-159 -140 377
-161 -137 379
-164 -137 377
-167 -130 380
-178 -113 379
-207 -84 368
-228 -46 355
-236 -19 351
-239 -3 349
-230 9 352
-223 20 351
-202 67 352
-177 114 340
-134 155 337
-88 175 332
-53 179 335
-17 172 338
-4 164 334
3 150 339
32 134 345
56 121 346
97 102 341
108 74 345
119 62 343
138 25 343
142 -24 348
132 -76 348
128 -115 350
124 -138 352
117 -141 349
57 -101 368
51 -125 376
-2 -177 377
-18 -206 373
-57 -221 369
-109 -224 362
-108 -208 367
-129 -202 363
-142 -181 366
-170 -174 361
-185 -145 363
-198 -108 362
-200 -79 360
-200 -55 359
-203 -15 349
-199 1 349
-197 22 347
-191 47 343
-201 65 335
-174 91 330
-136 116 335
-106 118 342
-80 121 345
-55 122 344
-25 130 341
-21 124 340
15 112 341
40 114 333
63 119 327
86 109 324
100 67 333
99 38 342
97 5 343
104 -48 352
115 -82 348
111 -120 344
109 -148 342
107 -167 340
82 -155 351
37 -163 364
-18 -190 374
-25 -213 367
-36 -242 363
-95 -265 358
-128 -250 358
-132 -237 360
-135 -229 362
-150 -227 358
-168 -231 355
-186 -209 356
-189 -183 363
-183 -156 364
-191 -113 370
-203 -80 365
-206 -45 363
-204 -14 358
-203 14 352
-180 46 352
-160 73 353
-144 87 356
-121 100 358
-102 112 357
-78 119 353
-62 129 349
-48 112 354
-17 124 349
6 139 342
22 136 343
42 128 340
52 122 339
63 113 338
86 116 329
120 93 323
142 37 334
148 -2 341
127 -37 351
113 -64 361
109 -83 359
103 -96 359
107 -101 354
40 20 369
36 43 363
35 18 367
42 -17 371
26 -78 374
41 -113 370
35 -140 366
19 -171 368
1 -189 371
-36 -204 366
7 -211 365
18 -207 362
25 -196 364
42 -177 363
44 -174 360
60 -177 351
66 -171 351
70 -165 350
69 -155 352
72 -160 351
91 -157 348
118 -112 344
105 -60 346
90 -24 350
80 2 351
75 30 346
73 56 339
61 72 340
14 66 353
-40 56 358
-105 52 363
-130 41 362
-128 40 362
-143 30 364
-146 25 360
-146 17 361
-145 12 363
-149 -1 364
-179 -16 360
-182 -51 362
-169 -71 371
-156 -140 374
-155 -194 365
-155 -216 366
-150 -237 360
-153 -260 352
-127 -262 355
-33 -236 366
-22 -222 372
37 -198 368
13 -193 367
26 -192 368
41 -193 364
56 -189 360
74 -177 359
96 -162 351
103 -129 354
111 -91 357
104 -45 354
89 -19 356
87 0 352
84 28 353
87 48 348
79 72 342
34 103 350
-23 95 356
-67 73 367
-145 48 359
-170 68 350
-179 65 350
-189 52 353
-196 48 347
-201 51 340
-208 45 346
-211 24 349
-185 -3 361
-172 -46 373
-166 -76 374
-156 -107 373
-157 -155 375
-160 -195 370
-133 -248 363
-58 -252 370
-29 -255 367
-16 -243 367
45 -216 362
46 -226 357
67 -215 354
78 -210 356
86 -200 353
89 -187 362
83 -187 358
98 -188 350
89 -204 351
81 -218 353
80 -226 349
82 -236 345
85 -236 340
85 -241 343
84 -246 343
84 -246 343
97 -240 340
103 -236 341
103 -238 338
105 -239 337
107 -240 337
106 -239 338
104 -242 335
102 -242 339
99 -244 334
98 -247 338
98 -248 337
90 -248 340
91 -249 338
90 -249 336
92 -256 340
91 -254 335
89 -255 339
86 -257 339
83 -255 340
87 -255 341
