402 -102 119
403 -101 124
404 -97 127
404 -93 129
405 -95 131
407 -87 137
408 -83 133
407 -72 133
408 -69 137
410 -57 124
414 -44 113
414 -39 104
419 -31 104
424 -20 95
425 -8 89
424 10 81
420 37 52
426 56 25
427 62 6
426 63 -8
424 60 -21
421 71 -34
414 82 -50
410 93 -64
403 92 -74
411 81 -58
410 72 -62
408 58 -92
397 35 -129
395 23 -141
391 6 -149
388 -7 -153
384 -19 -164
381 -35 -175
371 -56 -189
364 -76 -197
357 -113 -204
356 -137 -209
353 -158 -208
349 -169 -203
352 -167 -195
367 -165 -173
376 -196 -145
394 -216 -85
394 -253 -47
371 -297 -50
376 -307 -18
373 -313 8
370 -317 25
370 -315 27
378 -304 23
378 -296 28
381 -281 46
381 -255 95
381 -216 136
378 -199 149
378 -185 155
377 -175 163
380 -167 166
373 -151 171
372 -145 173
370 -131 181
375 -113 180
380 -89 171
387 -70 150
386 -78 151
388 -91 160
383 -97 172
379 -96 181
377 -96 183
375 -88 183
375 -82 187
374 -70 182
378 -57 181
377 -46 180
381 -39 177
382 -27 169
388 -16 153
396 5 125
394 30 104
393 48 100
385 78 97
386 96 70
384 109 30
383 122 -10
374 130 -34
372 140 -31
372 141 -28
368 147 -33
365 128 -75
369 102 -106
373 84 -115
377 77 -110
378 79 -102
377 77 -104
378 64 -110
376 50 -119
382 23 -128
385 2 -133
389 -18 -121
394 -24 -110
399 -33 -104
398 -26 -105
396 -23 -115
396 -24 -121
394 -33 -123
393 -39 -119
393 -52 -127
395 -65 -125
394 -83 -131
394 -87 -135
390 -96 -131
390 -104 -136
387 -112 -136
383 -123 -153
379 -129 -153
378 -152 -147
376 -170 -144
374 -195 -144
372 -222 -138
371 -247 -130
366 -264 -112
362 -285 -109
356 -295 -113
353 -287 -114
352 -290 -110
355 -294 -104
360 -294 -84
370 -290 -63
372 -282 -46
377 -275 -42
387 -262 -33
387 -259 -20
388 -252 -24
391 -256 -15
387 -258 4
386 -256 23
384 -262 44
384 -259 63
385 -273 57
384 -272 66
383 -283 68
380 -290 77
376 -290 82
384 -285 91
385 -282 97
385 -277 106
387 -278 107
388 -280 96
391 -287 90
395 -294 70
402 -271 76
402 -258 87
408 -257 90
407 -265 90
410 -264 88
409 -268 98
416 -266 109
415 -264 109
415 -263 115
413 -259 120
418 -248 126
420 -232 138
427 -217 139
432 -191 138
437 -159 147
441 -152 147
445 -137 141
450 -137 127
452 -120 113
452 -103 107
456 -89 109
451 -73 105
456 -68 95
456 -52 80
450 -21 84
429 10 122
415 31 145
421 31 116
429 28 85
436 34 59
437 46 37
434 57 50
435 56 39
435 62 16
437 61 -7
435 49 -28
437 49 -48
438 41 -55
438 44 -61
441 37 -70
442 35 -81
432 41 -90
425 70 -99
420 74 -106
421 55 -112
416 41 -127
414 27 -140
410 4 -151
406 -17 -161
411 -29 -162
413 -47 -157
416 -58 -154
419 -61 -151
414 -59 -161
407 -46 -175
403 -56 -176
403 -77 -179
407 -108 -171
405 -126 -166
402 -146 -171
401 -163 -171
399 -183 -172
392 -233 -162
406 -248 -109
409 -252 -102
400 -256 -118
411 -258 -102
408 -270 -96
404 -295 -79
406 -312 -47
404 -319 -6
406 -318 18
410 -308 19
410 -293 5
405 -284 0
399 -290 -7
403 -286 -7
401 -284 2
398 -286 7
395 -289 18
391 -289 47
385 -291 65
386 -291 74
384 -287 84
382 -286 106
383 -285 110
377 -279 135
377 -276 143
382 -268 148
381 -256 151
389 -249 149
391 -229 148
396 -213 149
403 -200 141
411 -174 126
413 -177 126
411 -185 128
409 -180 131
407 -182 130
407 -183 129
403 -179 129
408 -178 126
402 -173 123
402 -166 126
401 -154 137
400 -147 134
404 -145 131
404 -139 133
408 -119 122
411 -112 120
410 -107 121
409 -100 113
404 -79 126
400 -64 146
396 -47 152
396 -25 151
389 -6 161
398 -8 127
404 0 108
403 7 100
388 22 99
376 43 85
366 56 85
361 74 80
357 91 65
358 94 40
362 87 18
366 76 -8
367 78 -23
356 96 -34
356 84 -62
355 76 -73
354 78 -76
359 73 -77
356 74 -73
355 54 -88
356 46 -95
358 41 -98
358 40 -96
355 32 -107
355 29 -110
357 21 -118
352 15 -125
349 7 -135
346 4 -144
343 4 -148
343 -12 -156
344 -40 -162
337 -55 -172
338 -71 -176
342 -86 -174
343 -87 -166
344 -82 -159
346 -88 -154
350 -107 -151
358 -129 -135
357 -155 -122
359 -179 -107
355 -198 -105
356 -211 -109
356 -224 -104
353 -229 -101
352 -242 -90
351 -256 -79
350 -270 -66
346 -288 -50
345 -307 -11
339 -317 13
344 -311 18
347 -299 17
353 -288 21
358 -281 30
361 -256 53
361 -250 61
362 -236 82
359 -224 114
355 -214 124
352 -213 132
355 -206 135
353 -204 139
354 -191 142
352 -176 146
352 -180 147
351 -168 154
349 -165 158
343 -162 174
344 -80 184
340 -16 181
336 21 165
335 48 155
337 67 145
338 75 128
338 86 122
337 95 118
342 104 114
335 108 110
330 113 102
336 115 95
338 118 83
339 123 62
343 116 42
347 104 21
356 78 4
362 53 -12
361 54 -18
362 44 -34
358 43 -45
358 37 -53
356 41 -57
355 37 -67
355 22 -76
351 3 -95
348 -11 -117
340 -21 -129
343 -46 -128
348 -80 -126
348 -102 -125
357 -129 -101
358 -158 -103
355 -188 -97
348 -218 -92
351 -243 -70
346 -268 -48
345 -284 -28
345 -288 -15
344 -291 -3
349 -287 27
346 -277 68
357 -263 96
352 -259 111
357 -268 108
355 -264 111
355 -256 118
353 -247 136
353 -222 151
354 -202 162
358 -180 169
362 -166 167
370 -161 146
385 -152 120
386 -151 127
392 -152 134
395 -135 145
394 -112 150
393 -109 149
394 -103 152
395 -72 145
399 -40 134
398 -23 132
396 -6 134
404 -8 107
408 5 81
405 30 44
399 53 19
392 64 -4
390 73 -9
392 66 -14
385 72 -39
371 108 -63
355 122 -92
355 99 -114
358 87 -121
356 71 -134
356 42 -149
358 13 -163
361 -21 -171
375 -53 -159
377 -85 -155
381 -109 -154
388 -117 -145
392 -123 -142
390 -136 -145
394 -147 -146
390 -164 -145
389 -177 -136
390 -186 -128
392 -187 -134
389 -198 -139
378 -215 -141
379 -253 -127
372 -286 -107
385 -289 -49
388 -297 -30
378 -312 -20
379 -319 -12
374 -323 -7
372 -319 -14
371 -320 -14
377 -314 -14
378 -311 -3
375 -307 17
380 -271 56
382 -219 75
381 -203 69
378 -198 83
376 -203 96
374 -196 100
369 -193 106
372 -179 116
374 -160 118
382 -140 97
384 -133 84
386 -139 87
386 -129 86
383 -136 101
382 -127 110
378 -130 117
382 -128 119
380 -119 116
380 -120 130
380 -88 128
384 -77 124
384 -69 128
376 -55 144
382 -62 134
387 -68 125
389 -90 119
388 -108 121
389 -138 117
390 -158 106
392 -165 107
392 -182 105
394 -176 106
397 -197 96
397 -211 32
398 -223 14
393 -254 22
394 -260 15
393 -274 14
391 -281 -3
389 -284 -21
388 -281 -23
390 -288 -38
391 -282 -49
387 -280 -60
387 -281 -64
390 -277 -65
393 -261 -73
400 -247 -78
410 -220 -81
411 -202 -91
412 -163 -106
412 -137 -112
413 -137 -113
414 -130 -115
416 -117 -123
414 -135 -126
419 -119 -121
414 -100 -128
419 -66 -133
416 -42 -128
416 -15 -114
411 13 -110
411 26 -113
413 29 -102
415 43 -84
413 72 -43
411 73 -2
420 55 21
425 23 34
424 12 50
424 5 62
421 6 84
421 5 85
420 5 98
420 9 104
415 -1 120
418 -2 124
413 -12 125
413 -18 127
420 -29 112
421 -60 105
423 -62 115
422 -64 125
418 -78 114
417 -98 120
409 -113 128
410 -132 129
403 -163 139
398 -206 133
398 -224 121
393 -242 126
388 -250 134
387 -247 134
389 -258 128
384 -270 126
375 -284 129
346 -324 163
364 -350 44
373 -346 32
378 -338 15
376 -324 -14
385 -305 -39
389 -277 -62
390 -249 -71
393 -233 -74
397 -217 -77
394 -192 -97
393 -158 -123
394 -117 -128
396 -88 -128
401 -52 -120
403 -27 -113
401 0 -106
399 27 -95
397 50 -84
395 59 -84
393 70 -78
400 72 -26
400 69 -28
400 66 -2
401 50 39
403 19 63
403 0 64
400 -28 95
397 -36 99
399 -67 100
402 -97 94
381 -110 101
372 -134 92
368 -125 101
365 -135 113
365 -153 112
352 -146 141
349 -159 152
347 -174 146
347 -201 140
345 -212 139
342 -221 133
347 -228 117
356 -223 93
365 -218 58
372 -203 19
376 -192 -5
374 -198 -22
372 -196 -33
376 -188 -33
376 -175 -34
378 -153 -33
377 -167 -27
378 -161 -9
378 -126 -35
375 -105 -65
382 -106 -76
382 -68 -80
381 -36 -86
378 -1 -82
370 20 -79
372 43 -68
371 52 -70
375 53 -71
377 48 -71
377 41 -74
380 44 -75
378 41 -73
384 34 -73
390 28 -67
396 29 -64
398 34 -65
399 41 -67
398 47 -70
401 46 -67
396 52 -81
392 62 -98
383 78 -112
376 109 -106
391 100 -67
399 97 -40
403 92 -17
404 84 13
403 65 52
403 34 93
401 -5 130
403 -28 140
405 -45 141
411 -68 137
408 -81 140
415 -96 137
416 -103 133
420 -122 132
412 -171 140
409 -212 145
409 -230 142
412 -243 120
406 -254 119
406 -268 112
404 -277 113
406 -277 110
397 -291 121
400 -312 100
404 -307 69
411 -303 41
407 -305 29
412 -298 -9
406 -291 -43
411 -264 -67
414 -230 -84
417 -206 -89
419 -189 -87
427 -149 -86
430 -120 -84
436 -106 -81
436 -83 -86
429 -37 -101
425 -2 -110
414 27 -115
416 30 -110
413 40 -103
413 49 -108
415 49 -103
415 68 -72
410 86 -54
409 93 -41
406 105 -18
401 107 7
397 111 15
391 110 23
376 143 45
378 125 60
390 67 99
394 1 124
398 -71 140
399 -131 150
394 -179 151
385 -219 157
383 -241 153
381 -258 142
387 -264 124
385 -271 124
380 -279 125
380 -277 122
388 -276 115
386 -288 110
391 -295 101
397 -300 89
402 -296 41
402 -292 20
407 -272 -4
409 -248 -25
407 -246 -36
405 -240 -41
399 -240 -42
401 -232 -40
402 -228 -45
400 -243 -40
398 -239 -33
402 -222 -46
404 -190 -64
411 -132 -77
415 -89 -76
418 -42 -79
413 -9 -85
414 8 -83
412 35 -78
405 55 -71
404 71 -75
396 77 -70
410 66 -20
416 59 5
415 41 9
416 30 38
413 32 44
407 19 59
406 3 83
407 -6 87
405 -25 99
407 -48 102
407 -86 109
399 -138 133
394 -186 130
390 -202 142
383 -231 142
381 -255 143
371 -280 138
365 -294 135
355 -306 146
374 -312 110
377 -319 84
382 -318 63
378 -331 26
382 -316 -21
388 -284 -59
391 -254 -76
394 -226 -80
395 -200 -85
397 -179 -83
401 -172 -80
399 -165 -75
402 -144 -76
408 -119 -72
409 -96 -73
410 -64 -81
407 -28 -81
394 -7 -82
381 16 -74
377 32 -68
372 51 -61
373 63 -68
369 67 -72
376 62 -41
378 60 -22
377 55 -8
375 56 24
368 65 42
369 52 58
370 38 68
374 2 81
372 -55 110
372 -114 112
380 -142 107
375 -170 121
371 -187 133
359 -213 136
355 -245 137
352 -263 129
355 -269 119
346 -275 133
364 -280 67
372 -273 52
371 -274 49
370 -281 49
365 -285 32
367 -275 -15
367 -258 -41
371 -231 -52
369 -216 -64
369 -204 -64
370 -207 -62
372 -200 -66
373 -183 -72
376 -142 -95
376 -107 -106
377 -69 -119
372 -17 -116
372 11 -101
375 30 -88
374 36 -76
373 53 -78
363 70 -93
366 77 -71
369 79 -46
373 75 5
374 64 47
370 39 80
365 23 110
366 9 116
361 -25 145
357 -70 157
360 -115 147
366 -136 141
367 -169 138
357 -195 145
356 -220 141
351 -251 138
353 -261 129
351 -277 116
342 -293 132
358 -285 95
363 -290 89
362 -301 76
357 -315 42
359 -313 -24
360 -289 -55
365 -260 -77
367 -233 -82
370 -214 -85
374 -206 -78
375 -204 -74
384 -189 -66
388 -148 -79
390 -101 -82
390 -52 -81
383 -5 -81
375 40 -85
374 47 -77
369 57 -83
366 88 -66
360 110 -42
368 99 -25
376 78 -32
377 73 -19
377 75 9
378 62 44
377 44 56
378 27 79
381 5 76
377 -6 91
384 -44 99
382 -83 120
381 -119 125
375 -151 149
371 -175 148
365 -214 143
358 -248 137
354 -272 127
349 -284 128
343 -290 142
348 -303 109
350 -326 95
349 -340 65
354 -339 2
360 -308 -64
358 -286 -81
365 -261 -80
374 -243 -73
375 -229 -73
376 -229 -57
378 -227 -61
376 -220 -75
372 -206 -100
377 -173 -114
388 -134 -107
394 -128 -100
395 -114 -99
395 -81 -106
395 -44 -108
399 -18 -110
396 3 -111
387 30 -112
385 50 -117
403 59 -68
405 64 -40
407 46 -45
409 46 -22
408 42 1
406 38 38
404 31 72
396 30 96
393 6 120
395 -55 137
393 -99 149
390 -148 158
389 -184 147
397 -197 132
398 -214 128
386 -243 128
387 -257 133
386 -278 113
382 -292 101
377 -307 90
389 -295 77
388 -299 77
385 -305 70
388 -312 56
384 -310 19
385 -302 -26
390 -276 -46
386 -267 -53
385 -264 -57
384 -268 -62
388 -256 -70
389 -240 -81
390 -212 -95
398 -180 -106
398 -150 -112
408 -126 -111
401 -103 -117
390 -84 -156
391 -58 -155
394 -32 -143
399 -19 -129
401 0 -122
399 24 -113
397 28 -114
394 34 -119
397 75 -68
399 88 -57
397 99 -39
401 94 -22
406 75 1
410 52 31
409 35 57
411 13 63
413 -12 87
409 -38 112
406 -70 130
410 -96 133
405 -120 133
404 -147 143
407 -156 141
403 -180 143
400 -202 139
401 -219 129
402 -242 116
393 -265 122
395 -254 120
384 -249 140
386 -238 147
405 -230 113
412 -232 100
415 -229 101
416 -244 76
421 -258 42
421 -254 -12
418 -251 -38
421 -239 -47
423 -229 -56
422 -234 -38
417 -230 -42
416 -218 -42
412 -218 -61
408 -206 -75
408 -165 -84
407 -134 -78
407 -107 -70
406 -88 -75
400 -78 -90
392 -62 -109
388 -38 -121
387 -26 -111
384 -3 -111
382 30 -100
377 48 -94
383 58 -69
390 70 -47
391 72 -20
391 56 6
389 37 38
385 9 71
382 -7 88
383 -14 93
381 -27 103
379 -52 115
383 -79 113
386 -116 114
383 -150 119
384 -167 126
387 -171 121
383 -195 125
382 -208 114
381 -218 111
376 -233 108
371 -242 101
368 -243 111
362 -247 128
363 -233 127
369 -233 97
377 -244 77
379 -256 56
385 -264 16
387 -247 -37
385 -231 -78
385 -209 -93
385 -194 -95
385 -195 -90
388 -198 -78
388 -201 -70
385 -207 -60
387 -217 -63
383 -210 -78
388 -179 -90
391 -146 -84
398 -121 -96
403 -98 -93
407 -72 -89
413 -47 -92
412 -23 -96
412 -5 -94
411 6 -90
413 11 -71
419 9 -46
419 27 -18
414 38 15
410 39 31
405 35 57
402 38 56
397 34 60
400 9 81
404 -25 103
402 -66 121
404 -95 120
407 -124 114
408 -156 129
405 -204 135
400 -230 135
410 -237 131
408 -248 121
414 -254 109
413 -240 124
417 -234 111
420 -237 80
423 -239 40
422 -239 24
411 -234 9
392 -237 -6
382 -237 -25
376 -230 -32
376 -220 -35
376 -221 -41
381 -202 -46
380 -190 -56
378 -169 -88
370 -147 -114
374 -115 -114
384 -86 -95
385 -66 -98
381 -37 -109
381 -6 -100
380 25 -80
373 43 -95
374 59 -79
375 78 -34
383 72 -15
381 72 6
389 44 15
387 36 40
381 36 66
379 34 76
377 7 97
379 -28 119
376 -64 139
378 -88 136
377 -131 144
380 -159 145
381 -179 138
374 -201 133
375 -215 123
374 -230 120
375 -235 112
375 -236 112
371 -226 131
379 -218 106
377 -222 102
385 -242 62
383 -263 22
379 -274 -7
372 -252 -37
375 -216 -48
376 -183 -45
376 -170 -40
375 -159 -47
377 -133 -53
379 -117 -57
369 -90 -92
373 -60 -85
376 -55 -85
380 -46 -79
380 -32 -72
382 -18 -66
381 1 -59
378 34 -51
372 36 -70
370 56 -68
374 60 -46
376 67 -10
377 65 30
374 52 51
375 45 66
356 111 91
341 133 129
349 115 127
365 86 124
375 34 137
376 -11 143
383 -36 135
380 -83 118
378 -142 107
381 -149 95
379 -172 78
379 -184 69
378 -196 53
373 -205 70
371 -207 84
370 -206 95
379 -201 50
382 -178 28
389 -170 22
386 -195 10
382 -229 0
381 -247 -14
384 -251 -46
388 -233 -68
394 -196 -75
400 -156 -81
404 -119 -70
403 -100 -81
395 -86 -88
392 -71 -96
380 -36 -109
371 -15 -115
375 -4 -105
352 23 -132
348 44 -135
366 71 -55
375 64 -20
387 46 9
388 54 16
385 74 13
380 96 25
379 105 47
378 105 67
377 87 78
376 62 98
385 45 107
392 35 92
393 -1 103
395 -34 93
399 -63 81
396 -61 87
394 -62 89
392 -65 95
387 -86 112
382 -85 131
382 -91 127
378 -128 125
380 -152 135
381 -177 129
381 -187 129
378 -204 141
373 -220 143
373 -227 137
381 -222 131
392 -193 119
399 -203 95
401 -213 70
406 -218 29
403 -210 -11
404 -184 -40
405 -177 -46
402 -175 -47
405 -156 -44
402 -144 -63
401 -140 -78
397 -140 -83
392 -161 -80
394 -176 -82
391 -187 -90
393 -188 -82
398 -173 -80
401 -142 -91
406 -130 -90
410 -125 -84
412 -118 -81
412 -115 -85
419 -91 -99
418 -71 -105
413 -59 -121
408 -21 -138
402 3 -142
400 31 -141
400 49 -141
396 69 -151
388 84 -160
387 93 -150
394 90 -128
407 96 -82
410 101 -59
406 114 -34
398 117 6
395 120 27
384 128 28
391 118 34
390 110 38
394 100 50
408 44 79
419 -3 92
422 -46 115
426 -99 128
425 -147 145
418 -201 154
420 -229 164
421 -240 167
422 -240 163
425 -245 167
428 -251 170
428 -252 147
427 -256 123
429 -270 97
428 -284 55
425 -289 17
421 -291 -7
421 -286 -13
423 -289 -2
419 -294 14
412 -298 30
407 -316 50
395 -327 69
394 -321 84
397 -313 104
404 -278 121
404 -243 141
401 -230 151
396 -231 162
396 -178 188
404 -131 167
408 -85 151
396 -17 141
380 37 114
374 68 76
374 76 40
357 116 47
344 154 35
340 158 4
336 167 -21
334 167 -33
334 156 -73
329 119 -141
330 74 -161
333 42 -167
344 7 -162
358 -27 -150
360 -66 -152
351 -96 -164
345 -115 -173
335 -120 -188
331 -102 -198
331 -105 -197
348 -122 -176
366 -150 -138
374 -182 -104
380 -218 -64
379 -256 -19
383 -252 13
386 -227 36
384 -218 79
371 -225 117
358 -227 128
341 -237 148
331 -253 162
328 -268 159
335 -282 149
352 -275 114
369 -238 100
381 -195 101
384 -165 101
388 -112 105
380 -52 109
377 -1 118
378 29 113
374 60 90
377 76 67
377 88 38
367 113 76
358 138 70
357 159 29
368 132 -28
375 98 -67
377 76 -85
369 92 -76
360 115 -76
360 91 -104
353 56 -149
345 19 -179
347 -31 -190
344 -83 -196
346 -138 -195
346 -235 -180
339 -298 -152
349 -323 -111
356 -342 -71
363 -338 -24
370 -320 41
370 -302 78
369 -282 82
371 -267 96
372 -257 103
370 -259 106
371 -261 104
372 -255 105
372 -260 106
373 -251 112
374 -249 118
373 -241 129
370 -235 130
369 -230 146
374 -236 150
373 -230 149
371 -236 153
372 -233 152
372 -234 153
373 -232 155
373 -231 155
371 -232 158
372 -233 159
369 -237 162
371 -232 163
368 -232 158
372 -227 166
373 -233 165
376 -228 164
380 -228 164
382 -228 164
380 -230 167
380 -227 168
376 -227 169
373 -224 168
370 -226 168
369 -223 168
369 -220 168
367 -222 169
369 -217 169
372 -212 166
369 -222 168
372 -219 170
371 -219 177
371 -219 176
373 -216 172
