-24.0007600451 -1036.75387322 -11.0071051329
-25.7685379879 -1035.95100408 -6.927809135
-16.5398011862 -1034.42189748 -2.93195122886
-19.6017487499 -1031.62096453 -2.72213701294
-20.9590569716 -1029.60671232 -7.59206195613
-18.2868536127 -1037.60150355 -0.102509555802
-25.2631886675 -1033.09770193 2.26323768863
-21.3066286047 -1033.81709309 1.17010061224
-22.5593471931 -1039.78397973 -5.1990898194
-21.7695648405 -1032.70410842 -5.77064872535
-20.770362708 -1038.60370546 -8.15323707428
-22.7480414568 -1030.78698659 -4.63791470126
-23.8115847554 -1039.78524773 -9.19327718319
-21.3490416894 -1037.78337992 -1.08019687381
-8.98406561092 -1030.79759669 -8.80823407198
-16.1616911198 -1043.4674558 -0.491796863372
-8.14277879572 -1037.97333038 1.76017116503
-11.9199764858 -1031.01184985 -7.78503506756
-16.3715919258 -1036.45360608 -1.05577048825
-18.8331729396 -1026.52423663 -4.41884466191
-20.5597403629 -1036.66912724 -4.02675884761
-17.8339708071 -1032.42383367 -6.80143301084
-24.8739254888 -1033.86946229 -7.81113199547
-26.3264914531 -1039.11315376 -1.10462325937
-11.6252495104 -1030.09312593 -2.72046647059
-27.4314857842 -1040.14646445 -3.16027709163
-28.4097218874 -1035.24653331 -0.840041533609
-16.6243868425 -1039.37166181 -6.24504466703
-11.5201788509 -1032.10864613 -1.84472889119
-19.748991981 -1030.58892183 -4.66067054446
-18.0655591815 -1033.35874599 -10.8655584466
-21.9377741009 -1030.67239982 -7.64682946596
-21.6015960931 -1037.71862633 -5.08196951866
-24.5158193995 -1029.98411745 -0.558618703359
-15.7507403727 -1036.29045411 -7.0660147366
-20.8125352796 -1039.58718297 -9.21603302639
-9.66805576489 -1030.94456026 -3.79843298484
-15.3092511923 -1042.36939152 -2.43791567596
-18.9177585959 -1031.47400096 -7.73193810008
-10.4785636338 -1034.04195635 -1.97701975407
-15.4562539104 -1038.3545395 -3.18894767355
-19.9596143261 -1032.52350005 -8.78714877113
-19.0440357977 -1031.44162417 -9.7328244225
-16.8767007332 -1036.32409891 -9.05931577795
-17.5390033187 -1028.52230043 -0.549362879937
-21.4753188913 -1037.75100312 -3.08108319623
-20.5173272782 -1032.70284041 -1.77646136156
-14.6240584732 -1027.30838137 -1.51020909345
-22.2222071331 -1034.89896898 2.11577626362
-23.8525547618 -1025.85467866 -4.31856546566
-19.3489538331 -1028.7029088 2.46713716584
-19.475231035 -1028.670532 0.466250843415
-21.8956015293 -1029.68892231 -6.58403351385
-18.8331729396 -1026.52423663 -4.41884466191
-15.8767770615 -1033.275268 -7.87939952509
-20.5385338206 -1034.68598383 -2.90161010459
-19.7280259517 -1031.58858773 -4.72302333537
-24.7266822577 -1034.90150498 -5.87259846395
-17.5814164034 -1032.48858726 -2.79966036598
-15.6876017718 -1036.30664251 -6.06557157538
-17.413447656 -1037.50310517 -2.1109811593
-17.8339708071 -1032.42383367 -6.80143301084
-13.8986172867 -1035.12636824 -9.01971883026
-22.9374572595 -1030.7384214 -7.63924418489
-22.4742805107 -1028.86859676 0.489006686622
-20.4758762457 -1040.66779085 -4.27617001123
-16.9183922787 -1031.34195778 -7.74710866221
-17.9183159503 -1034.39078869 -8.92702491507
-15.8138789736 -1036.27426572 -8.06645789781
-18.1915958703 -1030.34355988 -11.6789432351
-17.1292551368 -1036.25934532 -13.0610884228
-20.7284306494 -1040.60303727 -8.27794265609
-11.9411830281 -1032.99499326 -8.91018381058
-14.2564828629 -1036.02890377 -15.0847305884
-22.6003171995 -1025.85341066 -0.324378101875
-22.4330699913 -1039.81635652 -3.19820349698
-21.7907713828 -1034.68725183 -6.89579746837
-21.7910118959 -1037.67006114 -8.0832990023
-24.5584729972 -1036.93321359 -3.99641772334
-16.1712635238 -1031.21118261 -11.7564665881
-16.7716300736 -1038.33961911 -8.18357819855
-18.3502327267 -1040.56812447 -2.29045425094
-17.2343257964 -1034.24382512 -13.9368260022
-20.3495990439 -1040.70016764 -2.27528368881
-21.9801871856 -1034.63868664 -9.89712695201
-26.2941317985 -1028.85621238 -12.4939985659
-22.8326271131 -1035.73675092 -7.95100813942
-22.9167317433 -1034.72089662 -8.88909850973
-19.6858533801 -1030.60511023 -3.66022738325
-24.0424515907 -1031.7717321 -9.69489801716
-26.2519592269 -1027.87273487 -11.4312026138
-18.9392056513 -1036.43995368 -10.044588377
-28.7461404083 -1031.18311611 -4.59240301484
-24.747648287 -1033.90183908 -5.81024567305
-27.0205350371 -1032.96946277 -9.73449496486
-28.6413102618 -1036.18144563 -4.90416696937
-22.5169341084 -1035.8176929 -2.94879233336
-25.0004432037 -1036.81989481 -10.9995198518
-28.1679424529 -1037.96906029 -14.0404462832
-24.2111418772 -1035.70564213 -13.9460818256
-23.0220429158 -1035.68818573 -10.9523376231
-22.0009127019 -1030.65621142 -8.64727262718
-24.0426921037 -1034.75454142 -10.8823995511
-22.7063499112 -1035.76912771 -5.95012181699
-23.0008363735 -1033.70504232 -9.82718888004
-23.853516814 -1037.78591592 -9.06857160138
-28.8936241525 -1033.13388273 -7.71843808029
-27.7254912204 -1032.11676043 -4.66234108682
-25.1267204055 -1036.78751802 -13.0004061743
-23.5583088126 -1030.90157337 -1.62899993655
-22.5169341084 -1035.8176929 -2.94879233336
-28.935315698 -1028.15174161 -6.40623096455
-23.8111037293 -1033.8196291 -6.81827411533
-28.2520470832 -1036.95320599 -14.9785366535
-18.1920768964 -1036.30917851 -14.053946303
-27.8939409939 -1033.06786115 -7.72602336136
-27.6099889878 -1034.80691061 -19.8636321588
-22.421916879 -1031.54255855 -15.7127275466
-22.001634241 -1039.60463937 -12.209777229
-27.1046396673 -1031.95360847 -10.6725853352
-29.0199013543 -1033.10150594 -9.71932440272
-28.9145901818 -1032.13421683 -7.65608528939
-26.8730512929 -1031.01869615 -6.60845989941
-27.9573201078 -1036.03448207 -9.9139680565
-26.4204090003 -1028.82383558 -14.4948848884
-17.3815690275 -1033.21178242 -15.8753595337
-27.9994926795 -1037.01795957 -10.9767640086
-25.02116872 -1032.83741959 -9.74966552699
-18.2549749842 -1033.3101808 -13.8668879302
-28.789034519 -1041.11502157 -9.21770356875
-21.1065407158 -1031.55747894 -10.7180970216
-13.1090754471 -1031.02930625 -10.7787792701
-26.4737346842 -1038.08111106 -3.04315679089
-22.0011532149 -1033.63902073 -9.83477416111
-20.1075790964 -1040.4398853 -14.2881869044
-24.1058307046 -1034.73835302 -11.8828427123
-21.2330584307 -1034.50791147 -13.9064848779
-25.8733681344 -1030.95267456 -6.61604518047
-20.2331347591 -1031.45908056 -12.7265686251
-28.3361517134 -1035.93735169 -15.9166270238
-22.2534671055 -1030.59145783 -12.649045272
-20.8963993968 -1035.58851935 -8.96662186277
-23.9585874735 -1035.77039572 -9.94430918078
-17.8759028657 -1030.42450186 -6.67672742903
-14.0041689723 -1039.07646667 -12.2704594775
-23.9376214442 -1036.77006162 -10.0066619717
-18.9596906545 -1029.47466915 -7.60723251827
-25.8736086474 -1033.93548388 -7.8035467144
-23.1063880591 -1037.65514075 -13.0779295273
-18.4653568163 -1032.26194971 -16.805864623
