-44.9409503434 -6.37055445292 1054.43868359
-38.7327100728 -10.0054653381 1056.14464706
-45.8141157871 -3.48614351703 1057.63465672
-36.9856576463 -6.82585926337 1053.31520539
-35.8389717696 -10.7746896881 1054.0586521
-47.7717905587 -8.60032781464 1056.33762017
-41.7322405747 -16.1691487305 1053.79239983
-43.0893082834 -11.1720872132 1050.10997643
-44.6883959397 -6.43530803782 1058.44045623
-45.8355628425 -8.45209624411 1055.32200645
-37.7327864012 -6.95663443543 1057.32456331
-46.7089687992 -8.55049462372 1057.33047805
-50.602149748 -4.86448254539 1060.61155982
-55.9164990586 -8.09645781551 1054.45976889
-45.3516605774 -10.5647468255 1062.20040299
-43.194619456 -12.1393763247 1048.04673731
-43.4995374914 -9.40066095484 1060.2466989
-36.754309785 -8.87375625986 1056.19182929
-32.8184752385 -5.61067219952 1056.34854654
-47.0458683462 -10.4526960542 1051.2031135
-39.6063565426 -13.0866730332 1056.96561713
-47.1092474601 -13.4193169734 1049.01516881
-48.8131652629 -3.68420827849 1057.65741257
-46.5829321104 -11.5656807317 1058.14386284
-47.8349291596 -8.58413941842 1055.33717701
-53.1071058986 -10.8326371809 1050.24818203
-52.3597366307 -7.71905269331 1047.42632564
-45.7724242415 -8.46828464034 1056.32244961
-57.8527267748 -8.24468938605 1055.47538261
-44.1094764452 -4.2728242655 1052.55491757
-51.7912487093 -4.88193894386 1057.61781562
-55.4636162529 -2.91878793524 1047.76084543
-43.87860961 -12.286339893 1053.0565384
-52.3282361452 -9.043754524 1063.3786487
-55.4747693651 -11.1925859046 1060.27536948
-60.8729827929 -10.4258975591 1054.37298971
-49.3821342103 -12.4869406589 1045.09091951
-50.8130126061 -9.78187008378 1055.29758006
-55.8326349414 -12.0951214311 1054.21035772
-56.6641088395 -14.1928516186 1056.09412375
-58.8526504464 -11.2935202887 1054.29546636
-49.4447917851 -6.50513363172 1046.46547942
-52.8543109819 -7.91458145028 1055.43745621
-53.8542346535 -10.9634123529 1054.25753995
-48.2978653954 -7.47115474092 1048.39642767
-52.2758725135 -11.7177163089 1047.17691447
-56.9164227302 -11.1452887182 1053.27985263
-55.6429786256 -9.16087730433 1058.39918874
-58.4631467547 -9.08247132769 1045.40859821
-47.5614087267 -9.64855890723 1059.27659686
-58.5152698734 -3.42570022726 1062.79783398
-48.0243449624 -8.53557422974 1052.33584753
-47.6876859285 -9.61618211478 1057.27571054
-56.0218102311 -9.06374692697 1052.39652977
-47.0246618038 -8.46955264258 1052.32826224
-46.7087282862 -5.56768530822 1058.51797958
-44.1309235006 -9.23877699257 1050.24226729
-59.8942656636 -9.36021006804 1054.42775722
-52.7702063517 -8.93043575041 1056.37554658
-56.9583547888 -9.14595691035 1053.40455822
-52.4128218015 -13.9935188549 1060.06555527
-54.3171708893 -9.85042767543 1047.31679062
-51.1077395814 -10.7005940066 1050.23301146
-49.1081327512 -7.58574151676 1051.40534244
-56.6424212711 -6.24408957599 1059.59427556
-57.936831405 -7.22883508591 1054.53729224
-65.5135330096 -9.85346996832 1060.47592787
-51.5179687894 -8.92916774816 1060.36973394
-49.3925657834 -11.8123106818 1061.16794817
-57.9580379474 -9.2119784975 1053.4121435
-55.2646280461 -15.2236263127 1062.02684464
-55.327285621 -9.24181928546 1063.40140455
-63.8508257263 -8.64081890897 1055.5208943
-57.8736928041 -7.24502348214 1055.5377354
-55.7061172265 -9.1446889081 1057.39874558
-53.9590648 -5.96508283339 1054.56930391
-42.6890296225 -6.30326486351 1058.42528567
-58.894582505 -9.29418848088 1054.42017194
-59.9364382352 -10.3436875757 1053.36496127
-52.9388966382 -12.8643457811 1052.12436277
-76.3313040375 -12.9364519541 1078.45022257
-54.0012373716 -6.94856034107 1053.50650796
-30.6828811724 -12.1512544258 1039.88223058
-71.9013761659 -15.4434577677 1068.22080618
-54.1067890572 -10.898658768 1050.25576731
-52.9384156121 -6.89872715015 1054.49936584
-68.6812727719 -13.9854447605 1056.24749991
-52.4862543456 -10.6694852164 1044.23793778
-74.4682683522 -6.48137742953 1062.79449289
-60.4622725589 -6.2317051865 1046.6112703
-49.1290987805 -6.58607561285 1051.46769523
-62.5144835338 -9.65540520686 1060.45317203
-52.7909318679 -4.94796053101 1057.6254009
-54.6852275256 -7.09552390936 1058.51630904
-56.8111115576 -10.1779996067 1055.34309175
-55.1166632759 -7.30724106255 1067.52788277
-55.601046567 -11.1602091121 1058.27448316
-54.232825746 -7.88347266007 1049.44238252
-56.8947351618 -3.19652667559 1056.78000445
-58.7261327316 -8.34308776566 1057.48385421
-51.6652120205 -7.89712505181 1058.43120041
-52.4121002624 -5.04509090837 1063.62805987
-56.5790421572 -3.27746865672 1061.78222025
-43.6889532942 -9.35209576616 1057.24536942
-49.7287437912 -4.76608416578 1058.60308822
-42.6258910216 -6.31945325974 1059.42572883
-43.9198201294 -1.33858013868 1056.74374858
-46.4771399118 -4.63277298922 1062.58210502
-37.9848597788 -0.926262219534 1055.69779374
-44.6467043942 -11.4174491611 1057.12824912
-50.4973196015 -9.86281206492 1060.29979587
-39.43718523 -3.18714437147 1063.59180401
-41.8577962374 -7.18834399159 1055.35401811
-30.2818809724 1.66599587042 1051.76004442
-42.24657839 -0.450965006117 1067.80339087
-26.2940609372 -3.36090643483 1065.43172888
-27.1782418632 -6.11707820315 1050.23802309
-34.018005773 -4.95349862087 1069.43183099
-26.546855854 -6.27896216541 1060.2424547
-27.6091965874 -0.363176725357 1061.62459989
-39.9003619788 -5.05696900947 1055.46355313
-30.8193494344 -8.46143834071 1055.14587444
-37.648441258 -4.98967942007 1059.45015522
-29.5034922451 -2.5107401037 1062.51550803
-31.692033852 0.388591226161 1060.71685065
-27.6933012176 0.652677574776 1060.68650952
-33.8596094296 2.28825665212 1058.85584047
-29.63000996 -5.46117262674 1059.32712018
-26.5254087986 -1.31300943834 1062.55510498
-26.2518883656 -2.37742892715 1066.49452483
-28.9243322376 2.63455298412 1057.8174709
-20.8430028517 -0.83593793428 1057.50737749
-32.4179560645 2.24095946569 1065.85135731
-25.9679363595 -4.11647839309 1054.35691604
-29.6504949632 1.50411190815 1061.76447604
-20.6328615327 -4.86697834236 1059.25885265
-28.7987765748 -6.34625175481 1056.25585262
-27.4831598986 -3.3783628333 1062.43798468
-31.6084102478 -6.59288170496 1059.27993795
-31.5030990753 -5.6255925935 1061.34317706
-30.0717396534 -2.36504453766 1053.51151958
-35.8384907435 -4.80907105708 1056.43365517
-30.8820070092 -2.4796313135 1056.52043435
-29.2824383269 -1.25079185792 1050.56495761
-32.8606478101 -6.5941497072 1055.28575058
-29.6085629046 -0.495219899664 1061.63977045
-32.2181086886 1.51776429988 1052.77565815
-28.608639233 2.55361100298 1062.81968671
-24.9887382041 2.91482772896 1056.78668662
-24.0736407018 -1.96891501474 1053.4660079
