1008.84289535 -13.2753988868 27.4768100482
1005.1500428 -4.3469633433 20.0571957199
1003.63433824 -9.5744664145 25.7632612948
998.614715901 -11.8877177619 24.6760389571
1008.86362086 -17.2578741062 26.2269557234
1006.6331472 -12.3592109685 24.5530039176
1008.71830174 7.63664311409 33.7884344633
1018.81900142 -8.63270779588 28.6508115624
1003.48685449 -11.5252330336 22.6372262293
1005.7385347 -14.4407527597 25.4363267781
997.468030024 -7.93888733716 23.9325922406
998.404334069 -10.8394866693 21.7370622644
1008.63275403 -9.24435847873 25.7253348894
1007.03366637 -4.50757930332 34.0558146958
994.46825901 -17.0853800451 20.392843482
1003.48637347 -17.4908516646 20.2622231615
998.972100451 -16.9508008663 28.3660476474
1005.80143279 -17.4397504714 25.2492684054
1007.73814153 -11.3259002699 26.6086577499
993.658232167 -14.2171575054 24.5892597806
1007.63234933 -18.2588080124 22.1704155687
996.888388991 -19.049799056 26.2556263053
1003.49618638 -26.7643155379 32.7143944202
1005.30661792 -20.6180885439 32.0728974422
1000.99267331 -14.8356142804 29.4760258283
999.18224177 -20.9818412744 30.1175228062
991.058258787 -24.4604464946 26.9898171984
1000.13999287 -18.9164878794 30.234643107
1004.01268882 -15.6372154228 29.3909171942
997.74179097 -6.02049751048 29.0595136285
1002.03452904 -13.7861151856 30.5312364994
999.804295889 -5.9046427324 30.0447862275
998.63568193 -12.8873836658 24.6136861662
1003.36153934 0.438381020788 25.3863460426
1011.29610652 3.96555142974 25.5127221668
1010.77960409 -7.16154868529 28.8361993927
998.593990385 -7.90524254246 25.9258932819
998.573024356 -6.90557663855 25.9882460728
1002.86648397 -5.72276636716 31.0224735455
1004.7602986 -9.5408216198 27.7565623361
1000.1404739 -12.9508692484 32.6096461748
1007.94852336 -12.3741313625 29.5476344426
1003.68656424 -14.8816434646 40.4657300395
997.183356479 -15.1482658177 32.5076964362
1000.48828604 -5.75767916411 25.0349851404
1008.39049357 -12.4874501361 36.5507365711
1008.4745982 -13.5033044362 37.4888269414
1005.99132962 -11.5226970291 30.6256009569
1007.15898152 -16.4711933577 31.3066948825
998.930649419 -8.9858504275 30.8657562971
1003.30701109 -23.7329410337 30.9005664705
1007.92803836 -5.40884682762 31.9849903014
1015.55648494 -14.0570076263 38.3738203443
998.867510818 -8.96966203127 29.8653131359
1007.34887835 -10.5541399154 36.683027434
1004.11848101 -8.70430768041 33.8291593754
1010.82177666 -6.17807117761 29.8989953449
1001.43488403 -11.9661237385 37.6666294907
1010.28527025 -4.37426812677 38.0348314975
1005.16081777 -1.68918995459 37.2593731143
1011.20108929 -0.309582923989 38.27665738
1012.75824489 -3.04703029159 30.0708831554
1008.7807188 -1.32797322862 31.2263730227
1005.9501191 -0.574937274851 34.3128111405
1002.5405999 -1.98438509341 43.2847879248
1007.99117696 -5.42503522385 32.9854334626
998.909442876 -10.9689938391 29.7406075541
1007.09608343 -13.472195646 31.4937532552
1007.13873703 -6.52309950736 34.9315522752
1001.84559426 -7.7719313659 29.9049100836
998.351970437 -8.16552488433 37.9387964976
1011.90580496 -4.1450945751 32.017001968
1008.18059276 -5.47360041253 35.9867629463
1010.98998592 -8.20977977788 31.7751760855
1011.30543841 -11.2735310745 35.5898903576
1006.20195196 -9.58811880623 34.7520791836
1004.20258564 -9.72016198054 34.7672497457
1007.09656446 -7.50657701504 33.8687563231
997.352046766 -11.214355787 36.7588802447
997.288908165 -11.1981673908 35.7584370835
1009.66417819 -7.52022940677 42.8575742119
1003.72897732 -10.9153566414 42.7160275256
1019.40821486 -9.77806926582 37.5924472224
1003.16121094 -4.80404244439 36.0870421425
1007.53853467 -7.61989578863 40.8718584516
1007.24356718 -11.5214290269 34.6197883207
1002.11887418 -11.8191601702 32.6568284036
1003.05589977 -5.77133155584 34.0238030292
1002.47673976 -10.9166246437 38.7218401618
1012.22125746 -7.20884587173 35.8317162402
1006.34871417 -16.5857801336 34.3156096472
1000.86711765 -5.85480954147 31.0376441077
1013.26191062 -21.0733933544 30.9494192416
1000.93073728 0.0946206932862 34.4130903367
1002.99300168 -2.77233384413 34.2108614019
1007.99069593 -11.3906538548 30.6104303948
1013.17900856 -5.14349247676 35.9488365409
1006.34919519 -10.6201615026 36.6906127151
996.951768105 -16.0831781367 28.4435710005
1007.15946255 -10.5055747268 33.6816979504
1000.83475799 -16.1117509224 42.4270194143
1000.54027153 -14.0476655297 38.5499523512
996.078602661 -13.1987672008 31.6395441379
1005.09719814 -7.63862018935 33.8839268852
1003.6653577 -16.8647868762 39.3405812965
999.330206541 -13.0654560243 35.6185609395
1011.1789207 -14.2239635975 32.4015025013
1001.95066492 -9.78745156994 30.780647663
1002.58132939 -18.8977634787 37.2225746733
1008.57966886 -15.5188246403 38.3645645208
1004.16065359 -7.72083017273 34.8919553275
1005.51724027 -18.683510321 36.1993756689
1002.47649925 -13.8994339592 37.5343386279
1011.11650364 -5.25934725484 34.9635639418
1009.11665629 -11.3570090601 32.6037314361
1000.45664793 -7.06619259857 39.9868650488
1014.47293766 -10.1243655978 38.630816789
1004.45538056 -6.80210624996 39.9565239245
1006.03446424 1.39201774051 36.4384030447
1006.34919519 -10.6201615026 36.6906127151
1003.0768658 -6.77099745975 33.9614502383
1012.0103946 -12.1262334101 30.5177364796
992.205906716 -16.4780396574 32.4832700507
1005.99132962 -11.5226970291 30.6256009569
1007.24380769 -8.5386197114 35.8072898546
1002.4979463 -8.93348123208 39.8469889048
1003.51835498 -12.8499348643 38.5895492989
1004.60286431 -4.85133963082 43.0825589899
1008.30662945 -8.48878652047 36.8001477348
1006.97028726 -7.47420022259 31.8678700007
1006.51740445 -12.6518701029 38.5667934557
1006.43402136 -2.68758785625 41.1912076872
1007.84417424 -1.410183212 32.234401465
998.204486693 -10.1162915035 34.8127614321
1006.28653762 -4.63835447538 38.0651726217
1003.32917969 -9.81856036015 36.7757213492
998.246899778 -6.15000468029 37.0630589182
1001.26691528 -6.95160582274 36.9779502841
1001.14063808 -6.91922903028 34.9770639616
1003.49738895 -11.8502689604 38.6519020898
1006.49667894 -8.66939488346 39.8166477805
998.520420211 -7.21442416911 41.0024787721
1001.43512454 -8.983314423 38.8541310247
1007.37008489 -8.57099650385 37.808176177
1003.60342166 -1.93455190249 44.2776458049
1004.47682762 -1.83615352288 42.2691742014
1008.41194062 -7.52149740902 38.8633868481
1003.07662528 -9.75380677524 32.7739487043
1005.62303247 -11.7506025786 40.6376178501
1001.88824786 -0.82283522724 33.3427091036
