-16.6807186431 1026.31422822 -2.1777439361
-17.1222078234 1032.39316563 -6.80584299673
-9.06136344076 1035.88795924 -4.67858055014
-10.9139675529 1028.75825474 -5.09987952434
-13.6814286542 1029.4951023 -1.01299824538
-28.5718458866 1023.50644897 -1.21098298387
-20.100772296 1025.22981633 -9.22044301229
-26.2680425601 1014.93415814 -15.8011182022
-23.7626053834 1026.86793141 -3.06273733892
-9.95525440071 1042.7548454 -0.232753087884
-22.6576110522 1027.90124211 -1.00708350666
-23.804777955 1025.8844539 -4.12553329104
-18.7437045872 1020.23275481 -5.53801960303
-28.5082262596 1029.45587921 2.1644632452
-25.099669115 1018.93408976 -11.5575196748
-24.8463931722 1027.81776412 -3.99324242816
-23.1422348564 1021.06546474 -11.4479846551
-25.036049488 1024.88352 -8.18207344573
-28.950196466 1029.56919798 -4.83863888329
-24.5514256838 1031.71929736 2.25882770274
-25.8034227331 1034.70083868 -0.547858127117
-19.7431472328 1023.14954254 -4.34293278804
-24.0358853033 1030.91516021 -5.81465565894
-19.2271258262 1028.31102402 -10.0414130819
-22.6995431108 1029.90057392 -0.882377924851
-23.8676760429 1028.88345161 -3.93847491833
-19.0377100234 1028.26245884 -7.04008359822
-24.6357708271 1029.75234235 0.133235798501
-16.9956901085 1035.34359815 -3.61745514038
-13.5763579947 1027.47958209 -0.137260665975
-11.744960425 1032.62614318 -0.8411104348
-16.8279618742 1027.34627092 -4.11627746762
-12.1242730566 1026.75765493 -9.21877246994
-18.9960184779 1023.28031771 -8.35229071396
-18.6167058463 1029.14880597 0.025371321181
-10.8303439487 1021.77678181 -6.53679222189
-11.124589898 1026.82367652 -9.22635775101
-10.0829746808 1024.8903663 -9.35864861389
-14.0400157696 1019.64413882 -10.6405146054
-8.99942740505 1020.95772427 -9.61564505858
-8.31543725107 1021.10468784 -14.6254461457
-10.7672053478 1021.76059341 -5.53634906068
-17.9541627477 1024.32981681 -7.29708004291
-21.6162363481 1022.98512257 -2.32687590347
-25.8248697884 1029.73488595 -2.86050840407
-21.1004554546 1025.16379474 -9.21285773122
-17.8910241467 1024.31362841 -6.29663688169
-22.8894399397 1023.98352047 -6.25871047635
-19.0379505365 1025.27964952 -8.22758513215
-18.7010509895 1027.18185095 -2.10022058306
-16.4493707817 1024.26633122 0.69887996573
-18.7639490774 1030.18084866 -1.91316221034
-20.4893139355 1034.95000463 4.4164312736
-18.9748119355 1025.26346112 -7.22714197093
-17.8693365783 1032.26239045 -2.79648507081
-25.5720748717 1032.65294168 2.32876577471
-23.7416393541 1025.86826551 -3.12509012983
-19.7848387783 1028.13168366 -3.0307256723
-17.6801612886 1029.23101595 -0.982657121101
-10.5770680059 1030.66045617 1.02748502475
-14.7866634984 1025.47898228 -4.25615361157
-17.7430593765 1032.23001366 -0.795598748385
-17.4697794565 1028.18278486 1.95631957163
-14.7235248975 1025.46279389 -3.25571045036
-15.9121428328 1031.41095612 -3.87445158507
-19.6168700309 1023.11716575 -2.34204646561
-16.5961329868 1031.26399255 1.13534950207
-16.68047813 1029.29703754 -0.99024240217
-16.3859916677 1027.23295214 2.88682466087
-23.5522235513 1025.81970032 -0.12376064619
-24.7832545713 1027.80157573 -2.99279926695
-24.9729108871 1024.8673316 -7.18163028452
-21.7417920108 1031.96592731 -0.765257624109
-19.9954611234 1026.19710544 -7.15720389896
-20.7004173067 1027.04980778 -2.08505002092
-26.7818993493 1036.6179605 0.584875896976
-21.6362403252 1035.91602574 2.48548302315
-19.7429067197 1026.13235186 -3.15543125411
-21.268905228 1024.21269403 -12.2765400058
-21.9738614113 1025.06539636 -7.20438612773
-17.017377677 1027.39483611 -7.11760695126
-21.205045088 1033.14493358 -7.71359224277
-19.8055642946 1032.11415888 -1.78087134746
-16.7857893026 1028.32974842 -3.0534815155
-16.8691723937 1038.29403067 -0.429067284022
-19.8899094378 1030.14720387 -3.9064632517
-23.183926402 1026.04760587 -10.1357775394
-17.9331967184 1023.3301509 -7.35943283381
-19.0169845072 1024.27998362 -8.28993792305
-23.3314101461 1024.09683925 -13.2618126048
-22.6585731044 1015.97000485 -5.75708964238
-15.8702107742 1029.41162431 -3.99915716688
-23.120787801 1026.03141747 -9.13533437818
-17.8066790035 1026.28058343 -4.17104497746
-21.0161103113 1027.13074976 -7.08726582698
-24.8463931722 1027.81776412 -3.99324242816
-22.2471413313 1029.11262517 -9.95630444774
-19.3324369987 1027.34373491 -12.1046521952
-30.2870196846 1024.61816565 -12.1459196852
-26.1198372768 1025.83335271 -9.11257853497
-28.329585426 1026.74954063 -12.0363846656
-29.5186843874 1026.73208423 -15.0301288681
-23.0574086871 1028.99803839 -6.94738968304
-23.1629603727 1025.04793996 -10.1981303303
-28.2452402828 1028.71649564 -9.91079276133
-18.0168203225 1030.31162383 -5.92252013626
-15.4809475955 1028.63986396 -14.073526851
-18.2908217816 1025.41042469 -12.2369430581
-14.1865374616 1029.62460947 -9.01654353508
-22.3948655885 1024.17904923 -14.2698410471
-27.0563818345 1025.75114273 -8.10455009269
-23.804537442 1028.86726322 -2.93803175711
-26.0776647052 1026.81683022 -8.04978258285
-27.3720748391 1025.83208471 -13.1067658988
-22.5209022773 1027.19423534 -15.0832258356
-23.2892375745 1025.08031676 -12.1990166527
-20.311154128 1026.27804742 -12.159419705
-22.5204212512 1033.15985397 -12.7082227678
-20.1002912699 1031.19543496 -6.84543994443
-26.6563436866 1027.63715576 -0.976742382385
-23.394308234 1027.09583696 -13.0747542321
-21.1211809708 1029.14626996 -7.96300340639
-24.2253011061 1030.9637254 -8.81598514258
-26.2251484494 1024.8660636 -11.1758176483
-27.0139687498 1029.71742955 -5.85425260664
-28.9504369791 1026.58638866 -6.02614041722
-26.0986307345 1027.81649612 -7.98742979195
-23.7090391865 1039.1080162 -13.3269639025
-17.2489660514 1026.45992379 -11.181732387
-20.2482560402 1023.27904971 -12.3464780777
-20.3526051605 1034.24299786 -9.65971105536
-25.2464313201 1025.93175109 -11.1210501385
-27.1404864647 1026.76699703 -9.042640463
-35.2432629059 1025.27153522 -11.0451973278
-21.3947014038 1030.21068945 -11.9024232603
-27.5188370441 1032.82974603 -12.6702963624
-26.6463931396 1020.99690715 -19.4287741016
-29.4979588711 1022.74960901 -16.279983193
-23.6683096931 1022.19463782 -19.3891771539
-28.9928500638 1022.62010184 -8.27643790327
-32.0540760883 1034.36946274 -4.50411908556
-25.4989857237 1025.99650467 -15.1228227833
-25.3519830057 1021.98165266 -14.3717907857
-29.3714411563 1025.70004153 -13.0915953366
-22.8153887396 1029.25832073 -18.9602928987
-22.8161102787 1020.30989279 -22.5227975005
-23.0786152294 1027.01489498 -8.07253842606
-21.2896307443 1028.19516925 -11.0266856809
-28.5192417418 1023.8152965 -16.2252156831
-22.500176761 1023.21176012 -16.3330801605
