  1990  1005   -79    40
  2090  1002   -70    32
  2190  1000   -75    38
  2290   995   -77    37
  2390  1005   -83    39
  2490  1003   -78    37
  2590  1005   -58    45
  2690  1015   -75    41
  2790  1000   -77    35
  2890  1002   -80    38
  2990   994   -73    36
  3090   995   -76    34
  3190  1005   -75    38
  3290  1003   -70    46
  3390   991   -82    33
  3490  1000   -83    33
  3590   995   -82    41
  3690  1002   -83    38
  3790  1004   -77    39
  3890   990   -79    37
  3990  1004   -84    35
  4090   993   -84    39
  4190   999   -92    46
  4290  1001   -86    45
  4390   997   -80    42
  4490   995   -86    43
  4590   987   -89    40
  4690   996   -84    43
  4790  1000   -81    42
  4890   994   -71    41
  4990   998   -79    43
  5090   996   -71    42
  5190   995   -78    37
  5290  1000   -65    37
  5390  1008   -62    37
  5490  1007   -73    41
  5590   995   -73    38
  5690   995   -72    38
  5790   999   -71    43
  5890  1001   -75    40
  5990   996   -78    45
  6090  1004   -78    42
  6190   999   -80    53
  6290   993   -80    45
  6390   997   -71    37
  6490  1004   -78    49
  6590  1004   -79    50
  6690  1002   -77    43
  6790  1003   -82    44
  6890   995   -74    43
  6990   999   -89    44
  7090  1004   -71    44
  7190  1011   -80    51
  7290   995   -74    42
  7390  1003   -76    49
  7490  1000   -74    46
  7590  1007   -72    42
  7690   997   -77    50
  7790  1006   -70    50
  7890  1001   -67    49
  7990  1007   -66    50
  8090  1009   -69    42
  8190  1005   -67    43
  8290  1002   -66    46
  8390   998   -67    55
  8490  1004   -71    45
  8590   995   -76    42
  8690  1003   -79    44
  8790  1003   -72    47
  8890   998   -73    42
  8990   994   -73    50
  9090  1008   -70    44
  9190  1004   -71    48
  9290  1007   -74    44
  9390  1007   -77    48
  9490  1002   -75    47
  9590  1000   -75    47
  9690  1003   -73    46
  9790   993   -76    49
  9890   993   -76    48
  9990  1005   -73    55
 10090   999   -76    55
 10190  1015   -76    50
 10290   999   -70    48
 10390  1003   -73    53
 10490  1003   -77    47
 10590   998   -77    45
 10690   999   -71    46
 10790   998   -76    51
 10890  1008   -73    48
 10990  1002   -82    47
 11090   997   -71    43
 11190  1009   -87    44
 11290   997   -65    46
 11390   999   -68    46
 11490  1004   -77    43
 11590  1009   -71    48
 11690  1002   -76    49
 11790   993   -81    41
 11890  1003   -76    46
 11990   996   -81    55
 12090   996   -79    51
 12190   992   -78    44
 12290  1001   -73    46
 12390   999   -82    52
 12490   995   -78    48
 12590  1007   -80    45
 12690   998   -75    43
 12790   998   -84    50
 12890  1004   -81    51
 12990  1000   -73    47
 13090  1001   -84    49
 13190   998   -79    50
 13290  1007   -71    47
 13390  1005   -77    45
 13490   996   -72    52
 13590  1010   -76    51
 13690  1000   -72    52
 13790  1002   -64    48
 13890  1002   -76    49
 13990   999   -72    46
 14090  1008   -78    43
 14190   988   -81    45
 14290  1002   -77    43
 14390  1003   -74    48
 14490   998   -74    52
 14590   999   -78    51
 14690  1000   -70    55
 14790  1004   -74    49
 14890  1003   -73    44
 14990  1002   -78    51
 15090  1002   -68    53
 15190  1004   -67    44
 15290   994   -75    47
 15390  1002   -70    50
 15490   999   -75    49
 15590   994   -71    49
 15690   997   -72    49
 15790   997   -72    47
 15890   999   -77    51
 15990  1002   -74    52
 16090   994   -72    53
 16190   997   -74    51
 16290  1003   -74    50
 16390   999   -67    56
 16490  1000   -67    54
 16590  1004   -73    51
 16690   999   -75    45
 16790  1001   -77    53
 16890   998   -66    45
