-90.4401722772 -52.8152971859 -1047.49682806
-90.3982402186 -54.8146289937 -1047.62153365
-90.1350137287 -52.5712032403 -1058.50928812
-84.4528482949 -55.0769410517 -1064.74451714
-91.7553079273 -49.8175674764 -1051.30395705
-71.8459898988 -50.4640907487 -1053.58125458
-83.2317678219 -50.4185678529 -1043.4234468
-83.0847651038 -54.4334198648 -1042.67241481
-80.5584647809 -43.8489065526 -1062.08809125
-79.8955782862 -45.3354923455 -1036.13133656
-70.4667535956 -41.5467715924 -1044.02367629
-80.3164448334 -43.5886242107 -1074.10099446
-69.2350010365 -34.5802190553 -1037.59213307
-83.2625467683 -40.1454380758 -1055.81326527
-72.1178267405 -28.5200060515 -1049.2081637
-73.4546499591 -33.4710383846 -1056.5154445
-65.8876583885 -21.2233455786 -1042.81454688
-44.6724337178 -9.27892200572 -1019.27017909
-34.9077744154 -15.8688311345 -1057.87686492
-25.0263074322 -9.88524981666 -1073.65562964
-28.5618633177 -8.27951152728 -1065.49703764
-19.9744630723 0.051727646483 -1053.05357963
-33.317297111 3.5819001408 -1072.72200831
-45.2924261017 2.13956924139 -1040.60163322
-36.053738753 -2.97157276334 -1055.05780703
-42.777278891 4.45028458425 -1047.50278561
-49.0915518732 -1.83052158852 -1054.8344928
-44.6506085194 1.303055302 -1046.67423026
-51.0172451333 -2.30378908584 -1037.80420321
-39.6946058111 -2.33312358541 -1048.96245415
-44.9462975468 -11.5469058827 -1056.48880499
-54.0480356076 -4.1599613321 -1054.92127197
-42.4835139678 -6.56222875495 -1047.18822315
-35.6958731767 -2.06903723679 -1048.99279528
-42.8828305766 0.500186157305 -1050.75352626
-34.8441547884 -9.91940089975 -1054.50141869
-42.5049610232 -11.528181482 -1049.50087343
-33.4651589982 -3.98489105898 -1046.13134194
-40.8307572316 1.29067091251 -1033.69122501
-36.8011080209 -6.08515725089 -1052.23595064
-33.7591644344 4.04481296473 -1047.63340593
-31.9287289168 -2.73986320718 -1053.08726184
-40.3257513073 0.811569692353 -1057.77938423
-36.4637274479 1.78266281055 -1043.73358302
-40.4839071376 -3.44737626515 -1046.01589218
-35.2432308841 0.125823327989 -1056.87922026
-45.9869507118 2.31764159988 -1051.60650799
-45.303441584 -3.50101346281 -1058.99131215
-43.0303143208 -1.45058046183 -1053.87956132
-42.0099056459 -5.36703409407 -1055.13700093
-44.7139876333 -1.66356561727 -1048.86217496
-45.9030865947 -1.68102201574 -1051.85591916
-35.8645634633 -6.00294726751 -1053.24397908
-41.546247871 2.46840917491 -1044.63374699
-43.6930979324 0.385599381471 -1047.74461149
-50.3754275509 -3.14030302523 -1043.87680025
-49.8596466574 -0.961630856678 -1050.76278208
-47.566034391 -5.87648239058 -1048.08838711
-42.5459310296 2.40238758776 -1044.62616171
-47.6077259365 -0.894341267277 -1046.77618
-44.8405053482 -4.61399814031 -1052.05056281
-42.2304785381 -0.661363708868 -1040.81144744
-40.8624982301 -0.367436572293 -1050.83104961
-36.3801038438 -5.19881012057 -1045.17049572
-40.3788364781 -5.46289646919 -1045.1401546
-36.1277899531 -8.24637302097 -1042.35622461
-41.1781912347 -0.28649459116 -1055.83326542
-37.5899283214 -1.23379129965 -1046.9143856
-42.2309595641 -6.62698233985 -1043.1864505
-45.377011758 -2.81019508946 -1043.91472666
-41.2206043194 -4.25278141433 -1058.0835629
-34.7805351614 -3.969970665 -1051.12597246
-33.4649184852 -1.00208174348 -1044.9438404
-39.1894970037 -2.46263075522 -1040.95890886
-40.2311122209 -0.52932053456 -1040.826618
-30.8027685563 -2.70621841247 -1051.09396079
-43.9037202775 -1.54897884143 -1051.87108972
-34.5911193586 -4.01853585368 -1048.12464298
-32.7597217889 1.12802523639 -1048.82849275
-37.8217572088 -5.15151293414 -1052.16601257
-42.0937697631 -1.36837047845 -1054.88758977
-40.7574275706 -2.38295677633 -1049.95531203
-37.842242212 1.81377160075 -1049.72865671
-36.947870226 0.912504076455 -1051.79948111
-39.757503899 0.665874126313 -1048.77539578
-36.9269041967 -0.0871618274517 -1051.8618339
-34.0755789781 -4.82267300062 -1056.19812634
-36.7167628777 -4.11820223553 -1050.11035874
-33.3179157671 -5.01693375534 -1044.1928084
-40.2835787356 1.79504720003 -1056.71658828
-40.5892183102 -4.4146653766 -1048.07913129
-43.6301998445 -2.61339833025 -1047.93166987
-35.2012988255 -1.87350847982 -1057.00392585
-35.2326964279 -0.199212598791 -1040.8645444
-35.6961136898 -5.05184655228 -1050.18029681
-45.6927047626 -2.72925310833 -1048.91694247
-43.3357133822 -4.67748372297 -1044.0546028
-41.8412153594 -1.43312406335 -1050.88581712
-41.5255223548 -1.51406604449 -1045.88360131
-43.5673017566 -5.61239604197 -1048.11872824
-39.7791914674 -7.28288791626 -1052.27554759
-31.465552168 -0.870038569176 -1044.95901096
-33.5492636284 -2.96903675884 -1047.06943231
-36.5063810456 -5.16643332812 -1047.17138204
-32.7175492172 2.11150274407 -1047.76569679
-37.6111348637 -3.21693471123 -1048.03953434
-33.7177134019 -3.92013747407 -1050.13311458
-37.4002720055 1.70045282717 -1042.72555458
-41.0840331744 -7.59300344906 -1041.25550225
-36.7165223646 -1.13539292004 -1048.9228572
-31.6130359122 -2.82080518831 -1048.08504603
-39.7784699283 1.66554003022 -1048.71304299
-40.9885349189 2.64774953565 -1051.6444344
-29.887430541 -4.60715184068 -1053.22713798
-33.4863655405 -5.96803447056 -1047.25649068
-43.9037202775 -1.54897884143 -1051.87108972
-35.8645634633 -6.00294726751 -1053.24397908
-43.6723724161 -3.59687583793 -1048.99446582
-37.4007530316 -4.26516580382 -1045.10055765
-33.8020585452 -5.88709248943 -1052.25870649
-37.4850981749 -6.23212081918 -1047.22614955
-37.8003101534 -0.185560207059 -1049.85336229
-38.5055068497 -2.31566718693 -1045.96870995
-37.9902069823 -6.10261364936 -1055.22969484
-35.2437119102 -5.839795303 -1059.25422333
-43.1884701511 -5.70952641933 -1042.11606927
-50.6908800425 -0.076551728605 -1047.69151453
-39.6524332395 -1.34964607773 -1047.8996582
-43.8198561603 -5.54764245706 -1052.12050088
-45.4191843296 -3.79367259714 -1044.97752261
-39.8420895553 -4.28389020454 -1052.08848922
-38.5055068497 -2.31566718693 -1045.96870995
-35.8640824372 -0.0373286365246 -1050.86897602
-45.3558052157 -0.827051677876 -1042.78957792
-36.3803443568 -8.18161943606 -1046.35799726
-38.6739566232 -3.26676790216 -1049.03239222
-41.7992833008 -3.43245587117 -1051.0105227
-31.6127953991 0.162004127184 -1046.8975445
-35.095987653 -0.90621936837 -1054.94068673
-40.6733229404 -3.39881107647 -1049.01722166
-35.8011843493 -3.03632634824 -1051.05603439
-37.1794586004 -0.022408242545 -1055.86360654
-36.5692791335 -2.1674356164 -1046.98432367
-38.9682025724 1.78012680605 -1051.72195775
-36.4639679609 -1.20014650494 -1044.92108456
-36.5063810456 -5.16643332812 -1047.17138204
-39.967885731 1.7141052189 -1051.71437247
-31.5708633405 -1.83732768063 -1047.02225008
-39.6733992688 -0.34998017382 -1047.83730541
-29.613429082 0.294047301491 -1046.91271506
