  1990     9  1025   -66
  2090     9  1031   -71
  2190    17  1034   -69
  2290    15  1027   -69
  2390    12  1028   -65
  2490    -3  1023   -65
  2590     6  1024   -73
  2690     0  1014   -79
  2790     2  1026   -67
  2890    16  1041   -65
  2990     3  1027   -65
  3090     2  1025   -68
  3190     7  1019   -69
  3290    -3  1029   -62
  3390     1  1018   -75
  3490     1  1027   -68
  3590     3  1020   -75
  3690     1  1024   -72
  3790    -3  1029   -69
  3890     1  1031   -62
  3990     0  1034   -65
  4090     6  1022   -68
  4190     2  1030   -70
  4290     7  1027   -74
  4390     3  1029   -65
  4490     2  1028   -68
  4590     7  1027   -71
  4690     1  1029   -64
  4790     9  1034   -68
  4890    12  1026   -64
  4990    14  1031   -65
  5090     9  1026   -68
  5190    14  1025   -73
  5290     7  1022   -72
  5390     7  1028   -64
  5490    15  1020   -70
  5590    15  1025   -73
  5690    16  1023   -73
  5790    12  1018   -74
  5890    17  1019   -73
  5990    18  1019   -78
  6090    15  1020   -69
  6190     8  1023   -71
  6290     4  1022   -66
  6390     0  1029   -67
  6490     5  1024   -73
  6590     8  1023   -70
  6690     3  1023   -70
  6790     7  1024   -72
  6890     7  1026   -66
  6990     9  1023   -63
  7090     7  1029   -66
  7190     5  1034   -60
  7290     7  1024   -71
  7390     8  1031   -67
  7490     0  1032   -62
  7590     2  1025   -67
  7690     6  1027   -67
  7790     8  1028   -65
  7890    15  1029   -63
  7990    11  1024   -68
  8090     8  1031   -65
  8190     8  1027   -62
  8290    11  1024   -67
  8390    10  1030   -68
  8490     6  1022   -66
  8590     9  1030   -63
  8690     9  1028   -65
  8790     9  1026   -61
  8890     2  1025   -64
  8990     1  1027   -67
  9090     1  1024   -71
  9190     4  1031   -65
  9290     6  1025   -71
  9390     5  1026   -66
  9490    -1  1036   -64
  9590     4  1035   -62
  9690     6  1025   -67
  9790     5  1023   -76
  9890     4  1024   -71
  9990     9  1026   -71
 10090     5  1032   -72
 10190     6  1031   -66
 10290     9  1027   -67
 10390     9  1037   -65
 10490     6  1029   -68
 10590     3  1025   -74
 10690     8  1022   -71
 10790     7  1023   -72
 10890     3  1023   -77
 10990     3  1015   -69
 11090    10  1028   -68
 11190     3  1025   -73
 11290     8  1025   -68
 11390     5  1026   -71
 11490     1  1027   -68
 11590     4  1028   -74
 11690     7  1026   -76
 11790    -4  1024   -76
 11890     0  1025   -73
 11990    -2  1026   -76
 12090    -3  1026   -79
 12190     3  1028   -71
 12290     3  1024   -74
 12390    -2  1028   -74
 12490     8  1029   -70
 12590    11  1027   -78
 12690     8  1024   -76
 12790    12  1028   -73
 12890     4  1023   -78
 12990    -1  1025   -72
 13090     2  1028   -67
 13190     0  1026   -72
 13290    -1  1025   -77
 13390     4  1026   -79
 13490     3  1024   -76
 13590     6  1025   -76
 13690     4  1032   -77
 13790     6  1030   -71
 13890    -1  1027   -65
 13990     3  1026   -77
 14090     5  1028   -72
 14190     2  1030   -73
 14290     0  1024   -75
 14390    -1  1029   -70
 14490    -3  1026   -70
 14590     0  1027   -72
 14690     3  1038   -78
 14790     9  1025   -75
 14890     6  1022   -76
 14990     6  1033   -74
 15090     1  1025   -75
 15190    -1  1026   -73
 15290    -9  1025   -75
 15390     5  1029   -76
 15490    -1  1032   -77
 15590     0  1020   -83
 15690    -3  1022   -80
 15790     3  1021   -83
 15890    -3  1022   -72
 15990    -6  1034   -69
 16090     1  1025   -79
 16190     1  1021   -78
 16290    -3  1025   -77
 16390     4  1028   -83
 16490     4  1019   -86
 16590     3  1026   -72
 16690     5  1027   -75
 16790    -2  1023   -80
 16890     4  1022   -80
