477 -922 -426
351 -780 -340
541 -901 -514
160 -899 590
196 -1088 268
324 -1073 206
308 -905 298
349 -907 -214
136 -841 52
91 -989 242
17 -1105 198
-218 -1257 -55
-106 -1171 -174
-110 -943 75
16 -1210 111
6 -957 -89
270 -890 -197
320 -953 -129
108 -1023 -224
146 -1031 -290
153 -1035 -176
299 -1037 -166
259 -933 -171
556 -1136 -279
376 -944 271
241 -998 230
265 -784 318
229 -981 307
428 -983 175
141 -1095 -49
52 -951 12
-54 -943 173
-36 -1228 158
67 -1023 -252
345 -915 -332
319 -928 -371
278 -950 -366
177 -957 -242
360 -941 -362
381 -823 -14
484 -835 -208
706 -756 -151
591 -825 -276
432 -946 -50
257 -1055 -41
44 -1124 -7
322 -1155 227
149 -983 179
59 -1084 180
6 -995 85
-101 -1037 -177
-156 -861 -472
-95 -993 -266
-119 -1052 -251
227 -978 -316
463 -846 -162
289 -903 -102
390 -969 -245
364 -936 -221
551 -841 -193
571 -852 -433
347 -836 -156
52 -471 -156
582 -748 -321
621 -809 -39
488 -884 64
515 -987 87
373 -920 86
468 -945 133
260 -973 242
220 -1045 219
32 -1037 244
-5 -1136 23
-6 -963 -42
39 -1005 36
94 -1095 108
3 -1006 56
-44 -1097 56
52 -918 -148
-55 -1135 -175
159 -947 -331
69 -980 -313
89 -1014 -329
215 -1005 -394
240 -993 -416
250 -983 -174
236 -1004 -338
374 -1071 -2
350 -971 98
377 -970 112
350 -962 78
229 -973 -22
285 -995 69
236 -999 28
300 -956 10
354 -1001 0
363 -1013 -22
219 -895 38
50 -1087 -100
67 -1055 89
-15 -1033 89
-39 -1185 0
102 -1087 40
155 -1039 46
162 -1046 -33
61 -1002 42
110 -915 53
-7 -1026 137
75 -1073 141
119 -745 107
-28 -1034 14
36 -1036 81
61 -1003 122
1 -822 -105
-68 -828 -121
263 -1150 -121
112 -1074 -226
224 -926 -499
-170 -1007 -323
-164 -1014 -248
-328 -658 -673
-293 -908 -238
-249 -989 -163
-238 -995 -138
-241 -1051 -44
-223 -961 42
-199 -1369 -455
-217 -960 207
18 -1059 155
-170 -988 58
-176 -1264 452
-53 -1289 214
-35 -1039 195
-36 -969 56
100 -1040 174
-34 -1058 307
3 -1036 134
-30 -1042 117
-48 -1041 166
-9 -1032 120
-135 -917 132
75 -980 87
59 -1173 -81
59 -967 -52
97 -1102 61
6 -1104 -24
-71 -1073 73
-19 -1002 -100
-17 -1007 -211
-81 -1033 -194
-87 -1026 -199
-148 -1027 -132
-128 -1038 -44
-141 -1036 -58
-58 -1038 9
-43 -1049 20
41 -1042 20
48 -1072 38
6 -1036 2
17 -1039 7
28 -1065 42
-2 -977 7
-46 -941 -23
-17 -966 22
60 -975 46
-31 -1046 70
-45 -1003 78
-26 -1076 112
-112 -1073 57
-31 -1055 59
-12 -993 20
11 -1017 38
78 -1047 28
101 -1029 44
21 -1007 35
-82 -1062 146
-95 -1042 304
-11 -984 259
9 -1009 210
133 -1112 424
-10 -1058 150
52 -1062 133
41 -1015 160
15 -1039 171
81 -1007 69
55 -1037 5
0 -1087 2
-28 -1050 -29
-54 -1071 -51
-88 -1158 -59
-90 -1129 -50
106 -1148 -63
391 -1185 -83
406 -1206 6
235 -1174 -32
-81 -1004 140
84 -1035 141
144 -1070 305
220 -1044 205
209 -966 -32
224 -1038 -212
33 -957 -263
-34 -900 -72
-87 -951 -185
-154 -1029 10
-62 -993 56
-22 -1062 52
85 -997 102
-68 -942 62
-156 -1067 133
-99 -1064 183
-94 -1089 260
-56 -967 456
71 -950 323
88 -958 315
115 -956 436
201 -1000 386
179 -923 367
214 -924 319
163 -979 336
120 -960 262
80 -1031 246
54 -1039 208
76 -1024 103
280 -988 101
112 -994 149
220 -1108 -24
116 -1100 -8
84 -1019 19
131 -985 26
271 -998 -27
319 -1014 -52
281 -953 80
309 -968 -40
290 -924 -117
196 -872 -141
246 -991 -222
190 -973 -219
15 -988 -44
83 -1029 -12
-66 -952 -156
-82 -990 -81
-106 -1102 -102
-144 -1047 -35
-94 -1028 -61
-79 -1005 -168
-20 -936 -58
-143 -1014 -73
-95 -1053 -64
-217 -1054 32
-150 -1042 1
-142 -980 -29
-168 -1024 87
-101 -1034 311
-54 -1007 158
-36 -1029 127
1 -993 152
-71 -994 83
-16 -980 167
-173 -1008 237
-132 -1024 274
-134 -1030 303
-95 -981 246
18 -974 218
117 -1087 222
-37 -1131 162
-64 -977 71
-16 -995 138
71 -1013 74
20 -1050 157
91 -1019 148
92 -1043 113
119 -1008 43
108 -1052 43
77 -1023 68
42 -962 141
126 -1033 42
186 -1071 -36
160 -1016 4
121 -960 -134
111 -1042 -270
82 -1053 -252
9 -1068 -213
-81 -1054 -117
-153 -940 -62
2 -1201 -50
-143 -1080 -102
-162 -916 -87
-204 -1059 -31
-168 -1035 19
-258 -918 15
-161 -1006 123
-60 -954 158
-2 -1039 244
-19 -1018 298
54 -1012 211
91 -1115 75
215 -1031 0
332 -879 -154
371 -732 -370
350 -692 -348
371 -827 -196
308 -639 -1184
278 -277 -983
139 -99 -955
121 13 -1000
8 139 -1022
43 64 -1020
74 87 -1078
-140 -58 -975
-70 -410 -1139
-114 55 -991
-79 -11 -1055
-108 -123 -1004
-83 -40 -1202
23 -172 -1076
44 -134 -980
40 -125 -982
71 -69 -1140
155 -22 -1029
127 -118 -1109
76 -110 -1133
123 -33 -1233
55 16 -1089
17 24 -1038
92 15 -1067
111 -2 -1053
146 6 -971
101 -133 -1029
102 28 -1126
37 -28 -1005
-27 31 -971
12 17 -1015
103 -99 -902
8 -47 -1035
4 -29 -993
39 23 -1062
-2 -34 -1028
-27 1 -950
9 -15 -1023
-35 -65 -975
-30 56 -1022
-21 169 -1089
-24 51 -1035
10 132 -945
19 76 -1029
-17 168 -1018
-88 146 -1047
-68 139 -1074
-150 14 -1048
-58 -24 -943
-33 -17 -1010
-143 -51 -1016
1 -103 -936
-62 57 -1078
89 76 -1016
107 -52 -1101
223 -10 -1041
41 -42 -1014
-71 -68 -1064
-88 19 -1032
-69 112 -1001
-84 154 -1003
-107 154 -1106
-88 125 -1054
-95 50 -995
-56 -2 -1101
30 70 -1135
-98 50 -1007
-76 63 -1104
-156 -73 -949
-176 -10 -979
-80 -31 -1065
-84 -12 -1096
4 -135 -1048
-8 -154 -1041
26 -83 -1118
-90 13 -1196
47 14 -1063
82 -8 -945
157 78 -1010
91 -277 -823
183 -45 -1203
244 -256 -1008
220 -268 -1082
141 96 -1086
168 116 -1132
123 152 -1208
9 142 -1251
-14 124 -1126
-96 128 -1087
-182 86 -1028
-199 160 -1111
-237 69 -1086
-276 70 -1062
-201 271 -997
-213 55 -1014
-152 44 -956
-145 169 -1028
-108 175 -1081
-55 183 -1067
11 32 -1066
-52 59 -1026
-63 7 -1079
-16 -42 -1046
-49 -15 -995
-141 45 -1070
-69 62 -1019
-137 92 -1044
-114 130 -1060
-155 99 -1115
-128 107 -1137
-8 122 -974
-126 -14 -1033
81 73 -998
81 3 -1013
-31 6 -1126
166 249 -1133
294 301 -1095
159 137 -999
263 -7 -1027
191 -47 -960
342 -20 -899
274 -109 -1040
283 -198 -1018
270 -140 -1097
133 -130 -1011
138 -68 -1078
158 -33 -941
28 -49 -984
-189 10 -1039
-100 -213 -901
-208 -153 -998
-284 -144 -888
-252 2 -1051
-250 82 -990
-94 59 -1144
-248 -83 -1037
-258 -79 -944
-210 -156 -1162
-114 -65 -991
-136 -195 -1018
-52 -206 -915
-148 -127 -875
-231 -110 -1088
-246 -57 -1007
-267 104 -974
-135 74 -1145
6 173 -1022
90 213 -966
69 70 -1112
78 264 -1050
-2 90 -819
-88 -66 -967
-55 -347 -955
91 -40 -1056
81 -30 -1150
158 -21 -1023
74 -37 -986
87 28 -1035
103 59 -1000
81 68 -1082
98 64 -1053
97 107 -1027
95 75 -1034
154 50 -1002
128 8 -1103
52 154 -1078
66 157 -1010
-20 59 -1199
174 285 -514
274 -78 -1462
42 165 -1228
206 -344 -994
207 -25 -1185
320 -130 -953
89 -16 -1007
176 -69 -1056
50 -19 -1057
-67 55 -960
140 292 -691
53 116 -973
43 123 -919
83 103 -992
73 156 -957
25 208 -868
83 232 -1014
100 55 -1045
73 -24 -1069
-40 140 -1071
-152 248 -1126
-148 145 -1135
-73 133 -959
-124 -99 -868
-209 -214 -1069
-64 -59 -898
-107 -159 -936
-68 -94 -997
38 -119 -956
243 254 -1154
-41 -62 -1036
33 -16 -958
-71 -85 -1060
-66 -90 -1013
-25 -117 -970
-109 -215 -1014
-127 -153 -1125
-93 -35 -1144
10 -8 -1159
42 6 -1069
-47 19 -1168
-10 -97 -1116
269 202 -1173
-74 -306 -1083
-1 -163 -930
-7 -311 -1175
91 -210 -1036
86 -215 -1037
83 -174 -1037
105 -42 -1124
40 120 -1017
-21 17 -986
-7 120 -1004
230 140 -1248
141 171 -1111
148 101 -971
61 -43 -935
81 -56 -994
91 40 -989
77 29 -1000
250 48 -1155
114 43 -1116
40 81 -1042
-60 70 -886
14 123 -955
40 77 -899
-94 106 -897
-100 70 -1034
-110 104 -983
-97 116 -1008
11 106 -1114
176 72 -984
-22 241 -937
-148 457 -1131
-54 287 -963
-157 241 -1079
-299 13 -1076
-312 -121 -955
-261 -95 -1027
-265 -22 -1032
21 124 -1206
-77 76 -1044
-299 70 -1065
-167 99 -1100
-141 132 -1030
8 101 -1049
133 -3 -1083
16 34 -1001
33 -54 -1082
66 -15 -1125
11 7 -965
54 35 -1056
111 -39 -1133
148 -19 -1026
113 -144 -1032
168 -70 -1065
180 9 -1041
89 -66 -1014
26 -87 -955
-27 -19 -983
-62 -47 -1017
-66 -18 -1041
-94 85 -1064
-141 -320 -887
-239 -66 -1056
-150 26 -1065
-150 -49 -1005
-212 -71 -1009
-218 -100 -1026
-240 -92 -995
-257 -130 -971
-237 -141 -1003
-250 -172 -980
-247 -181 -1005
-232 -170 -1030
-207 -181 -1027
-198 -191 -1000
-206 -190 -1005
-208 -186 -1026
-162 -210 -990
-203 -158 -1002
-205 -134 -990
-175 -152 -979
-155 -137 -1018
-135 -156 -1018
-200 -69 -1014
-47 -172 -1058
-99 -142 -1063
-51 -124 -1019
-66 -114 -1069
-111 -126 -1098
-109 -133 -1049
-105 -111 -1045
-61 -116 -1041
-80 -109 -1054
-63 -124 -1058
-80 -122 -1035
-65 -114 -1042
-90 -109 -1033
-87 -106 -1090
-104 -107 -1013
-128 -102 -1040
-131 -112 -1026
-117 -102 -1016
-123 -104 -1019
-118 -105 -1010
-96 -119 -1026
-93 -107 -1038
-102 -107 -1050
-73 -118 -1047
-73 -108 -1045
-87 -120 -1039
-80 -122 -1031
-90 -124 -1042
-104 -112 -1047
-89 -121 -1039
-109 -108 -1040
-121 -106 -1029
-121 -108 -1020
-118 -119 -1034
-98 -115 -1037
-109 -113 -1028
-116 -123 -1033
-128 -101 -1029
-128 -110 -1030
-131 -113 -1031
-128 -104 -1024
-109 -120 -1047
-141 -108 -1031
-154 -112 -1025
-140 -127 -1034
-139 -100 -1001
-152 -112 -1019
-135 -106 -1026
-172 -100 -1017
-140 -122 -1031
-123 -110 -1032
-125 -122 -1041
-165 -106 -1026
-132 -130 -1006
-158 -119 -1024
-145 -116 -1018
-143 -125 -1026
-152 -116 -1028
-124 -119 -1025
-136 -110 -1030
-136 -128 -1030
-114 -114 -1024
-122 -107 -1034
-136 -117 -1023
-155 -115 -1028
-110 -135 -1016
-162 -190 -1073
-149 -79 -1153
-50 -151 -1021
-105 -126 -1033
-194 -65 -1073
-116 -120 -1046
-78 -136 -1032
-153 -98 -1047
-132 -116 -1055
-106 -112 -1029
-134 -101 -1039
-121 -113 -1035
-137 -105 -1042
-121 -112 -1028
-153 -117 -1043
-130 -115 -1021
-128 -121 -1029
-134 -115 -1036
-129 -113 -1025
-121 -117 -1027
-132 -117 -1033
-119 -127 -1014
-143 -113 -1010
-150 -116 -1038
-125 -116 -1005
-162 -115 -1013
-148 -121 -1042
-143 -103 -1035
-152 -106 -1042
-123 -125 -1033
-141 -98 -1020
-132 -123 -1036
-115 -121 -1035
-125 -116 -1030
-123 -134 -1036
-118 -116 -1023
-122 -120 -1032
-137 -97 -1030
-137 -119 -1020
-135 -146 -1015
-131 -120 -1018
-141 -123 -1037
-144 -113 -1027
-111 -133 -1023
-137 -105 -1023
-168 -112 -1040
-128 -135 -1040
-144 -121 -1033
-140 -115 -1030
-136 -123 -1035
-130 -119 -1034
-157 -116 -1030
-125 -128 -1043
-129 -116 -1039
-130 -126 -1035
-136 -115 -1029
-127 -121 -1032
-149 -104 -1018
-143 -126 -1030
-145 -112 -1036
-117 -125 -1035
-126 -119 -1043
-121 -119 -1027
-132 -117 -1016
-140 -119 -1034
-124 -132 -1042
-130 -116 -1023
-120 -124 -1036
-119 -127 -1026
-163 -100 -1023
-144 -127 -1035
-141 -129 -1009
-149 -122 -1003
-122 -137 -1024
-127 -128 -999
-133 -124 -1028
-137 -108 -1043
-155 -106 -1033
-134 -119 -1050
-119 -115 -1026
-156 -92 -1047
-187 -112 -1051
-156 -105 -1018
-161 -133 -1091
-146 -21 -1065
-129 -83 -1040
-149 -85 -1124
-81 -14 -1170
-298 -238 -1002
-218 -100 -1026
-193 57 -968
-264 51 -1013
-214 73 -1194
-229 112 -1056
-188 45 -987
11 125 -1215
-8 62 -1130
22 94 -1065
11 65 -1015
-43 98 -1000
-89 74 -1050
-20 69 -1163
-31 79 -1085
-8 46 -1039
-62 47 -1024
-52 49 -1034
-30 43 -1023
-62 41 -1021
-61 39 -1022
-64 29 -1052
-86 47 -1018
-50 24 -1032
-80 29 -1060
-64 31 -966
-41 26 -1026
-107 34 -1040
-67 23 -1031
-92 29 -1052
-93 28 -1043
-90 22 -1009
-136 -7 -1040
-94 12 -1073
-79 10 -1030
36 38 -1097
-53 30 -1006
-47 52 -1077
4 2 -1030
-40 78 -1088
-61 76 -1012
-28 74 -970
-110 73 -1046
-101 81 -1046
-93 66 -1051
-106 42 -1061
-105 41 -1010
-152 15 -990
-199 -14 -972
-186 51 -983
-2 220 -1058
-5 208 -1109
-77 148 -1165
-120 84 -1052
-105 236 -1058
-154 196 -1135
-75 -210 -954
-88 -29 -957
-34 -128 -872
-79 -36 -976
-100 -97 -939
-65 -39 -1075
-68 51 -959
-124 -75 -895
-46 18 -844
-216 -147 -1002
-214 -22 -998
-200 12 -1042
-151 -61 -1019
-101 30 -1024
-148 6 -987
-198 209 -1039
-148 222 -1039
-219 114 -1001
-251 118 -957
-223 56 -957
-93 79 -892
-101 195 -965
-22 196 -1047
198 104 -1015
-16 208 -1105
-11 320 -1025
22 161 -1084
-98 1 -891
-199 -121 -692
173 -13 -1087
16 0 -1029
-5 99 -1079
85 58 -1116
97 93 -1135
244 246 -1053
22 61 -985
-40 70 -971
-74 37 -1020
-167 -72 -994
-154 -84 -1070
-132 23 -1119
-221 -111 -983
-192 60 -939
-234 30 -868
-157 128 -967
-80 147 -970
-33 193 -1028
-71 185 -1090
-77 287 -1033
-46 238 -1018
58 312 -1030
-55 296 -983
154 86 -912
230 139 -956
290 59 -1056
73 127 -835
56 95 -458
285 171 -981
240 188 -996
153 165 -1020
21 199 -972
8 237 -1127
60 339 -945
160 409 -1151
-159 -140 -1061
-113 133 -990
-133 53 -979
-39 159 -1111
33 213 -841
84 145 -994
-58 66 -1031
-21 143 -1031
-89 -62 -1056
-78 108 -1089
-141 68 -1041
-58 113 -1037
67 76 -1067
24 123 -1001
136 76 -1072
200 40 -993
-159 -77 -1032
-26 15 -1119
-23 -42 -1055
43 76 -1109
69 170 -1140
62 37 -1022
158 195 -911
56 26 -1091
-30 -123 -1041
-40 -11 -1030
-15 -104 -995
87 193 -1173
56 137 -985
90 108 -1045
-1 -39 -1017
48 231 -976
76 234 -1013
265 164 -871
154 36 -952
150 15 -1009
184 -19 -1071
191 -21 -1019
86 -78 -962
189 -93 -1067
0 -230 -989
147 -281 -1182
-50 -337 -968
-53 -231 -1000
11 -211 -842
-34 -208 -893
-86 -224 -873
-151 -178 -925
-183 -139 -924
-23 47 -941
-45 109 -1020
73 197 -993
64 207 -1157
51 132 -1059
-84 82 -1040
-102 26 -990
-115 -58 -1084
-79 99 -1077
-54 89 -1252
-62 127 -1105
64 110 -1129
85 154 -1095
142 116 -1081
36 127 -1068
56 25 -1081
27 -22 -1047
10 53 -1105
-117 -53 -1008
-193 34 -1048
-324 101 -1052
-313 -230 -1030
-336 92 -1006
-221 137 -1086
-335 104 -1030
-308 -44 -1027
-161 -117 -970
-119 -173 -962
-14 -209 -872
50 -99 -1006
94 -143 -1111
243 -141 -1041
173 -182 -1196
-210 -276 -965
-122 -200 -975
-271 207 -852
-3 62 -970
161 -5 -994
139 -79 -1000
269 50 -1101
150 -289 -917
377 -130 -1031
302 158 -1041
273 187 -1051
118 272 -963
-819 81 -712
-35 -45 -1109
94 67 -947
40 28 -983
53 129 -1040
-105 -33 -1044
-3 124 -1050
-41 170 -1207
-57 150 -1187
-7 71 -993
-113 203 -906
128 46 -1157
81 -65 -1066
-81 49 -1019
-41 -49 -1133
-146 264 -1015
-51 -82 -1067
-404 -344 -1056
95 -82 -1073
-239 -56 -941
-253 -75 -950
-165 -233 -912
-398 87 -912
-297 7 -1020
44 115 -982
52 76 -1156
53 197 -940
127 70 -1148
264 10 -1152
139 -157 -1089
174 21 -1140
225 -89 -995
-202 402 -1247
-157 9 -858
123 60 -1064
149 244 -988
143 162 -943
102 198 -1119
55 30 -916
-114 20 -935
-109 69 -1068
-157 124 -1039
-149 265 -1079
-102 229 -984
-146 280 -1085
-266 285 -994
-46 26 -1055
-164 124 -1039
-111 6 -1240
-122 -50 -1010
-128 -132 -1097
-12 -100 -1079
-63 -172 -962
-53 -208 -1009
-79 93 -942
-295 -39 -1058
-241 -139 -1040
-184 1 -952
120 -13 -1018
-25 6 -1018
-120 167 -1032
-58 183 -1068
-50 74 -980
-43 -23 -1038
-31 15 -1124
-52 -6 -1057
-58 -44 -1070
-52 -58 -1062
-52 -212 -1078
17 -348 -960
155 -592 -842
564 -859 -408
420 -1008 64
282 -891 161
283 -957 359
107 -905 479
175 -961 495
83 -901 503
62 -891 488
73 -910 632
92 -922 560
81 -885 552
64 -904 542
65 -901 523
83 -1012 576
137 -900 490
147 -1284 -51
-479 -721 -253
-1113 -323 -487
-1084 30 -302
-997 279 -271
-959 316 -233
-979 408 -75
-879 638 -320
-731 683 -101
-362 942 35
-137 1210 28
27 1088 70
21 833 48
296 939 -71
142 1074 -56
244 1412 -139
643 829 -309
426 1058 -285
479 804 -344
-10 950 -199
-287 845 103
-350 987 228
-229 907 105
-156 988 128
-68 1020 119
38 1054 150
-26 1064 110
-10 1089 -41
-132 700 -147
373 1395 -104
344 898 110
345 930 109
363 933 37
619 861 129
255 938 11
242 997 -407
333 1035 -70
399 1125 -316
235 919 -337
266 969 -212
76 960 -386
83 934 -183
2 1281 301
-27 1064 -137
-52 838 287
84 976 -181
-2 1048 -53
-1 1069 -29
-19 999 -38
-92 992 23
-14 1033 -28
6 1053 -34
0 1011 -34
-96 995 -15
-93 1032 -98
-136 988 -20
-224 984 4
-66 1085 -67
-41 968 11
-170 1126 105
-295 1022 8
-213 948 27
-342 981 120
-126 1121 92
-367 913 198
-432 912 401
-681 781 479
-183 1074 195
3 1065 157
-85 1090 70
-71 1022 -176
400 882 -46
304 830 -348
304 867 -328
377 800 -555
152 1092 -242
297 845 -241
714 1068 -349
170 910 -260
-65 1021 -697
-69 913 -509
70 1005 -298
216 1018 -126
107 1036 -70
-22 977 -111
186 1053 -132
-107 983 -185
-208 981 -150
-290 921 -109
-272 912 -254
-283 935 -30
-186 1008 -81
7 1029 -2
60 1045 146
-106 997 226
-201 1032 207
-188 889 -394
-240 799 -199
-226 1038 112
-286 917 185
-356 858 155
-338 1095 -287
-115 877 -190
419 797 -220
895 506 -123
1087 365 -76
1010 116 -33
1026 -265 74
828 -654 113
696 -855 227
419 -1031 188
101 -1042 116
82 -981 306
315 -1070 197
193 -991 -54
-3 -969 -159
-149 -918 -507
-175 -1032 -228
124 -1024 -247
140 -966 -125
-137 -975 -39
-209 -1151 -97
-332 -941 6
-460 -806 101
-342 -1001 102
-205 -909 231
-327 -1006 477
-260 -869 540
351 -821 338
474 -1013 229
452 -927 -13
304 -939 1
303 -1148 -271
359 -1301 45
151 -1075 -233
-20 -1112 -348
37 -986 -373
-365 -959 -289
10 -1280 -170
183 -1052 -15
-34 -1327 -296
-94 -921 -157
-80 -1159 33
62 -970 274
314 -991 180
74 -986 122
12 -1093 267
281 -1037 1
392 -891 59
415 -854 81
-79 -1169 -108
50 -1001 -80
40 -760 -367
-98 -839 -348
86 -1095 -233
30 -1043 -366
147 -1031 -205
59 -971 -138
-133 -1063 -213
-217 -940 -158
-104 -948 -213
-189 -1097 -231
-179 -976 -87
-170 -993 188
63 -1063 353
-46 -982 254
15 -1014 289
-94 -1010 283
-50 -1053 176
58 -1041 170
194 -1061 66
372 -965 32
250 -906 63
102 -1018 -120
71 -1018 -106
28 -962 -348
-19 -954 -440
-12 -946 -544
-48 -1013 -239
-235 -846 -450
-210 -911 -436
-198 -936 -441
-272 -1024 -296
-237 -989 -282
-381 -1030 -317
-60 -834 -280
-63 -1112 -260
-146 -1018 -96
-193 -1048 10
18 -1052 7
-187 -974 -141
-142 -1038 111
-116 -1040 55
-172 -1008 27
-142 -960 90
-239 -973 422
-210 -918 493
-205 -864 521
-152 -807 582
-125 -792 649
-110 -753 778
-88 -640 812
-122 -649 846
-110 -581 926
-115 -635 850
-75 -604 857
-78 -580 896
-57 -621 872
-45 -593 868
-24 -587 862
-37 -607 858
-25 -608 863
-40 -624 857
-28 -627 865
-33 -643 851
-29 -617 847
-36 -630 847
-27 -628 877
-34 -629 854
-34 -625 859
-41 -630 858
7 -626 839
-32 -657 848
7 -659 829
-2 -659 829
27 -679 822
41 -665 826
54 -671 827
74 -691 840
97 -673 814
114 -672 838
124 -628 825
100 -611 864
72 -658 912
87 -599 860
97 -605 805
21 -525 841
-36 -380 1076
-32 -242 1078
-127 -385 943
-96 -307 1085
-55 -367 1030
-60 -360 1034
-69 -376 1041
-69 -384 1037
-51 -418 994
-37 -429 1004
-76 -430 977
-75 -413 998
-59 -338 1033
-50 -298 1062
-45 -387 1120
-67 -417 947
-124 -376 975
-273 -442 1000
-375 -405 832
-601 -338 813
-702 -215 717
-786 -309 695
-721 -282 572
-699 -299 694
-686 -354 688
-529 -409 755
-439 -540 698
-364 -531 826
-443 -460 849
-527 -407 815
-619 -396 795
-679 -378 623
-842 -252 653
-903 -188 515
-940 -75 431
-922 -24 400
-926 -22 378
-953 2 322
-897 119 352
-909 279 414
-872 354 279
-811 425 227
-923 391 248
-939 240 275
-951 209 316
-925 209 314
-907 209 274
-666 388 394
-773 841 378
-646 995 279
-494 761 381
-212 1000 257
-135 996 235
-25 1044 60
89 1237 64
-237 1068 250
88 994 -47
-72 937 5
-72 899 39
111 1049 -139
-95 881 111
133 999 186
93 1115 49
2 964 -48
108 1049 435
63 1087 252
444 1126 190
57 1010 187
-39 1297 53
-5 1107 -25
-1 1111 144
-57 1138 140
-76 1028 -38
8 1047 -51
54 1073 -68
146 928 -237
355 1032 787
324 1005 285
699 80 1195
156 1029 -134
327 898 -96
491 784 -51
448 873 12
321 881 -267
120 827 -142
345 1413 190
151 1026 -288
166 967 -256
107 1076 -168
-707 803 -597
-104 975 -157
165 1018 -341
196 1092 -266
162 1102 -327
-26 944 -110
245 857 -380
219 847 -134
486 892 -172
585 905 256
435 983 294
99 936 207
4 1014 101
38 1091 262
193 1162 209
305 1112 382
104 1034 116
-31 1000 -50
3 953 237
-72 1059 320
-35 1036 115
116 1098 -9
157 1018 -185
132 972 -81
221 1109 3
43 997 -86
71 935 -303
-453 907 335
-110 1027 -357
43 1042 -280
84 1045 -215
40 1045 -403
-183 919 -339
-224 878 -193
-174 1096 -215
-82 912 -224
-145 981 -150
-21 1034 17
58 1031 135
-70 1017 52
266 1268 -196
-28 1077 128
-140 1038 181
-71 953 99
2 1065 122
43 981 120
-29 972 188
-32 997 214
129 890 7
86 926 -35
175 1170 -40
278 916 48
205 1018 273
84 951 -567
-21 965 -199
-54 997 -259
21 971 -228
99 990 -372
213 1068 -640
6 960 -237
192 1135 -400
156 1008 -14
230 1123 266
143 1038 74
65 976 53
74 1041 51
84 1003 -8
102 1179 -77
162 1135 28
184 931 9
317 936 -12
186 973 14
240 1000 -89
69 877 324
155 1038 326
298 1038 209
57 989 -385
-152 936 -328
-315 699 -286
198 1183 -62
9 890 -359
8 888 -200
131 1016 -313
69 1025 -207
-221 947 -291
-249 892 -265
-239 916 -410
-426 1009 -364
-340 1004 -279
-317 1037 -99
-427 899 -163
-224 1017 160
-96 1034 271
-139 992 164
-75 1018 262
-18 1005 262
45 971 222
45 960 144
30 1023 -105
-49 988 -33
49 970 -65
53 977 -1
-14 1048 -207
-25 1007 -32
-174 1049 28
-176 748 -422
15 1041 -645
111 947 -57
-53 1104 -194
102 1077 -225
-217 991 -288
-303 951 -436
-69 978 -128
443 1213 -73
-6 1064 -50
-93 1059 261
110 1066 189
52 992 201
99 1010 245
-34 1003 175
-148 1028 -27
-138 1014 -47
14 1002 -191
-98 1065 -46
170 985 -289
118 1038 -233
69 1078 -377
48 863 -158
-99 942 -98
-128 1234 -364
134 1045 -103
114 1128 -153
-10 968 -139
90 1061 -162
116 1126 -98
187 1016 -286
58 948 -219
188 1054 -292
-204 985 -234
-282 1022 -139
-341 1026 245
-246 951 224
-57 1004 -34
121 1011 -138
55 967 -295
-21 1012 46
52 1016 -99
117 1106 -200
156 926 -255
13 839 -151
153 905 68
220 979 -80
194 1045 -158
196 1095 -107
220 1148 -5
-5 911 -56
-58 1003 -263
203 1078 -272
53 910 83
217 1017 8
14 1098 -141
25 1080 -215
-9 939 -225
-104 1102 -266
132 1155 -138
-30 1066 -101
-247 983 -81
-210 807 157
-150 932 470
127 1027 241
248 1123 262
5 1050 -53
45 934 -160
62 857 -431
50 1117 -381
126 1013 -215
210 992 -93
232 950 -92
196 1040 6
233 984 105
218 961 241
139 919 107
34 994 206
-81 1045 -146
81 1013 112
241 953 151
-264 743 -225
98 999 31
135 929 50
126 1012 -115
58 999 -162
-16 1003 -100
-90 1013 -163
-249 800 -614
-192 992 -251
-159 984 -97
60 1009 89
1 983 448
-38 962 321
36 966 201
-26 943 172
-39 905 161
-59 1005 -37
126 1030 -9
436 867 -125
305 941 -41
209 934 -11
81 1038 -18
325 1013 34
186 956 -45
81 919 -92
23 983 -330
-281 955 -18
-232 1017 -165
-228 1022 -96
-141 1042 -116
-66 993 -94
-99 974 -61
54 1123 51
-76 1090 -494
-111 939 -54
-79 1063 94
-174 1049 -17
-205 911 178
-215 1004 269
79 1042 169
169 1099 55
97 1108 144
5 1022 121
-169 1072 -75
36 1017 -3
255 1039 23
239 940 7
215 950 28
129 975 -12
319 971 49
123 1039 -160
-99 1015 -278
-84 1083 -332
-109 953 -246
18 996 -147
-71 961 -161
-145 1094 -111
126 1028 -14
10 987 -7
-120 994 -255
-290 1039 240
-231 859 154
-147 992 262
-34 1000 225
-68 970 337
29 968 299
-27 929 273
-255 1072 97
97 891 27
103 979 245
131 984 126
103 1011 41
251 1158 -386
62 950 -174
-107 981 -447
87 1005 -314
62 1026 -242
-126 869 -147
-8 1055 -108
58 1074 -31
-294 1019 -185
-55 1044 -98
-20 1025 -157
-263 906 -208
-347 881 8
-413 927 356
-83 967 173
-47 1012 296
-31 1006 324
-52 1122 248
-19 1121 79
-123 1122 -45
152 1097 -22
72 1051 -48
-15 1054 0
23 969 121
419 1069 128
69 885 -201
-60 1100 -320
-107 909 -290
14 957 349
-57 971 4
-60 957 -16
-63 954 -13
29 904 -52
122 1045 -61
124 1158 4
-52 995 -21
-104 974 -110
-111 980 54
-209 964 9
-99 1010 -165
-42 947 -205
21 1014 -51
-111 1008 -49
-62 1046 -107
181 1076 73
135 934 10
192 1164 -158
272 986 -300
236 962 -88
364 1040 112
135 1013 -127
229 1198 -298
342 1059 -151
69 1068 -125
-83 871 -255
94 1154 -219
-74 1021 -257
-10 1046 -377
81 1113 -125
-47 954 -321
-63 1012 -184
-47 977 -131
66 1049 -155
-3 952 -157
-14 1021 103
-99 999 191
-36 954 303
74 950 290
68 996 73
136 1066 -23
167 1010 103
178 989 136
-66 1008 -10
22 1023 97
86 1053 103
125 947 43
141 1033 30
170 967 13
-138 1169 -41
-76 1108 -270
98 671 -545
-156 1030 -77
-186 947 189
-80 1076 79
48 1062 -56
46 983 -203
90 922 -471
-43 806 -246
159 984 -123
95 1004 -111
53 1048 195
781 962 -95
378 835 236
365 915 243
196 878 603
-86 883 398
311 1024 496
58 854 230
-134 797 427
-241 914 230
-248 980 161
-213 867 -163
-126 950 -438
8 1027 -285
31 998 -226
22 955 -73
32 1058 -245
57 1003 -220
350 934 -164
714 592 -387
308 1040 -47
325 952 -246
264 1053 25
246 1122 102
226 986 66
33 1051 308
-132 904 361
-282 911 349
-240 994 316
-168 1131 123
-128 1079 10
-105 1088 -247
50 955 -214
38 857 -117
19 921 -130
179 906 9
316 878 201
440 836 633
342 895 357
345 1007 -3
206 889 246
116 1008 285
451 1001 141
258 976 175
181 938 -24
-261 975 286
-428 890 159
-332 891 -252
-157 988 -100
-129 1158 -201
-71 1061 -133
-118 1130 27
68 1007 76
-162 784 58
333 945 146
444 973 172
458 926 260
272 880 263
309 857 741
171 867 555
161 848 556
122 846 635
199 997 693
125 867 392
53 943 411
-16 1023 37
-75 965 -52
-221 1000 -136
-214 1042 -286
-117 1034 -266
-107 1118 -108
-103 1208 75
-86 1029 -72
33 1001 -53
191 921 151
320 842 204
454 767 270
547 828 275
514 677 381
491 782 712
190 862 527
61 948 636
37 888 116
-60 949 257
-163 917 261
-144 1003 181
33 962 -12
171 864 -182
83 964 -149
25 1012 8
130 947 -20
-3 923 47
11 940 41
106 877 98
314 851 165
429 1019 61
489 878 514
367 950 405
317 737 652
-134 694 819
-285 747 920
-246 974 519
-126 1045 465
-206 945 499
-176 964 445
-208 1044 92
-229 888 -130
-52 1083 -180
31 1164 -352
153 1044 -277
132 916 -266
21 1005 -76
4 849 -173
333 811 109
7 983 -302
22 1049 -150
171 924 -126
428 814 179
591 736 449
620 728 624
366 880 353
165 1058 246
64 901 442
-34 861 676
174 917 423
135 988 413
359 834 393
140 988 182
245 961 -141
202 1047 -401
203 1181 -202
383 788 -223
277 636 -170
127 1083 -325
-31 1221 -194
-85 1189 -114
59 969 -35
244 968 267
323 943 231
187 882 754
27 952 422
-123 937 465
-287 992 649
-225 1022 296
-148 1018 272
-53 1018 339
-59 937 141
-92 949 -56
-56 1036 -93
-68 1018 -399
41 1147 -122
28 1155 -53
80 1002 -42
24 1179 -144
91 1012 -95
138 986 -69
119 1043 -89
169 970 -163
171 1034 -157
327 1069 22
224 988 172
298 905 415
289 857 560
219 783 692
171 712 843
34 748 737
-15 769 743
-62 770 693
-74 780 660
-54 814 622
-74 854 594
-42 817 614
-16 603 760
57 542 799
-25 399 997
-61 231 946
-21 -112 1005
-49 31 1030
-144 -244 1070
2 -230 1197
-35 -54 969
-170 -154 876
27 -43 1111
-108 -63 1043
-147 61 944
-88 129 1058
-137 -24 1103
-116 -76 976
-238 -99 1057
-169 -47 1063
-36 -63 1010
66 -78 1030
148 -62 1070
-94 -30 1046
53 -121 1002
14 -194 1057
28 -195 1354
21 -184 1235
64 -123 946
1 -171 911
-36 -147 973
18 102 1078
147 266 1264
157 152 1253
176 29 1068
139 63 1096
-60 207 1100
-340 7 1149
-501 -343 1147
-468 -250 1200
-322 -198 1084
-356 -161 813
-37 92 1176
56 27 1070
165 69 1223
261 377 1019
307 154 981
220 95 1054
203 69 1070
127 31 986
-141 -96 1108
-79 54 1272
-130 56 1151
-38 32 1131
-138 191 995
168 146 1012
136 11 1103
238 -216 1189
90 -49 1175
70 -185 1049
-371 -123 1156
-269 -119 870
-304 -130 1002
-202 -80 1115
-157 7 890
46 255 1201
174 60 971
298 129 1356
304 -39 948
302 -154 784
246 -16 1144
65 -87 1217
-275 -121 1200
-146 -163 1231
-348 -46 1110
-251 28 1059
-109 81 1034
-189 153 968
-341 -32 1087
-178 59 1008
-173 69 998
-115 58 941
-129 143 1066
-112 128 912
-113 102 1058
3 102 1026
-116 233 1047
-56 415 1219
23 241 1209
189 289 1062
206 229 901
174 178 917
148 173 968
220 258 1135
76 146 1041
-13 50 1066
-143 37 1117
-219 97 1125
-338 127 1033
-96 241 1113
-34 240 1130
258 178 1221
289 159 903
-21 -58 1238
-50 -15 1126
23 66 1092
-10 64 1120
-250 -217 1055
36 -79 1132
43 -231 1015
186 -223 977
-177 -238 1124
-91 -53 1021
-140 -3 1017
-19 147 1001
10 155 1209
63 80 1148
240 28 972
109 61 1004
182 -27 931
69 42 1090
-99 33 1049
13 -11 1059
-15 75 1048
-4 147 1070
-35 101 1023
-115 148 1117
-108 107 951
-228 107 815
-186 97 1178
-73 330 1104
-18 411 1144
-16 230 1173
74 170 1140
70 144 1061
-134 -187 1016
-205 -92 1031
-148 -8 1078
-126 -57 1094
-141 -67 1264
-13 -23 1125
-192 50 1065
-225 66 878
-62 98 926
-59 147 922
30 173 997
27 139 935
94 102 1035
104 59 1099
311 192 985
144 -96 1214
180 3 1214
41 -42 1193
-33 -91 1166
-121 -144 1043
4 222 1041
42 90 1124
17 162 1073
53 44 1025
133 -137 894
-50 -4 1072
-55 49 1080
262 135 961
-223 181 1066
-95 33 1114
36 -92 965
4 20 1025
-67 -6 888
-259 -50 1014
-11 -61 932
-83 320 827
-195 -7 787
-265 27 678
161 417 806
75 529 1044
67 458 1162
118 294 1079
84 312 1039
-70 101 934
-124 78 1063
69 161 1081
139 108 1096
203 160 1042
312 140 1038
478 206 832
235 146 857
143 -231 1016
-20 -186 1033
-30 -364 1114
-21 -84 1283
136 -214 1014
116 -49 1090
120 -10 1065
84 -63 1067
25 -70 1132
-35 -28 1173
-179 -57 1135
87 -39 988
-52 54 1029
-177 46 1241
-95 69 1174
-233 82 926
-162 225 1038
-257 141 984
-317 -145 923
-231 82 952
78 236 1084
28 302 1075
-96 96 1106
-93 84 1142
-290 -212 967
-220 9 1063
-138 42 929
110 46 965
84 175 1137
66 27 950
76 110 979
239 26 973
93 58 965
204 76 876
-80 -32 1022
-159 -80 1208
-131 -195 972
-77 -146 1101
-98 -23 1140
-172 101 1080
-52 50 994
178 -131 1279
99 -161 970
-112 -68 1090
-293 32 1209
14 58 1163
174 93 1222
-28 165 1185
-89 186 1055
-545 -313 1007
-178 192 973
-65 133 1138
-80 207 1244
-99 92 969
86 565 1242
-9 189 1184
49 128 970
32 23 973
35 72 869
-29 -133 964
52 54 1046
35 12 1072
8 -12 1036
-96 -44 1080
-30 8 1068
-195 243 830
-28 118 936
190 198 1048
-108 133 1022
138 92 1042
84 -50 1123
37 99 980
18 -52 1020
65 34 1031
58 230 1091
48 217 1071
-4 24 1040
-23 -23 1039
7 67 1171
-4 146 1154
38 132 1224
-61 124 1031
48 -124 1201
157 1 1071
107 -15 1038
145 39 907
60 116 1041
81 214 903
158 70 1001
61 119 917
96 74 994
222 285 1153
-15 312 1006
-236 335 1028
-167 259 1133
-200 153 1154
-366 -113 1105
-93 -41 1215
-49 -177 1103
-60 -96 1121
84 -62 1123
-319 -142 1065
-18 -13 1122
-77 -331 1168
-247 -55 1114
-79 -67 1088
-163 -15 1018
-226 67 1047
-34 2 1269
-199 342 1010
-293 267 1083
-387 131 1285
-246 -78 1124
-254 -115 1246
-20 -251 1182
15 -128 931
-172 -177 972
-169 -206 1040
202 -30 1186
189 57 1228
15 259 1229
-23 33 1200
-19 77 1144
51 42 1141
125 145 1068
-26 121 1087
99 571 969
-218 398 1072
-265 392 913
-466 235 1052
-423 282 945
-309 199 926
-157 247 1159
-27 190 1076
254 314 1163
-34 201 1119
-374 1 1259
-407 -134 1189
-212 -73 903
-87 -252 1046
-1 -269 1070
-28 -212 1030
26 -21 1132
-103 -71 1054
-96 -31 1134
57 -2 1176
253 105 1213
3 20 1266
-8 89 1093
-284 -100 1114
-158 -77 980
-121 -91 1065
-24 -41 1030
46 166 1089
-198 214 967
-267 231 889
-234 344 945
-156 420 1012
-210 385 982
-88 475 1146
-80 452 1100
2 279 968
47 203 1182
125 111 1084
78 8 954
207 178 1114
118 242 1055
-59 244 1048
-153 198 993
-237 168 1024
-334 135 1060
-326 146 1189
-301 135 1058
-257 -24 955
1 -103 1005
-236 -93 1061
-173 -179 1122
-141 -187 1144
-149 62 1074
-185 117 965
-118 -68 958
96 -91 1081
-52 -192 1038
-89 -86 1198
8 -33 1103
-16 -2 1091
2 -76 1054
-50 92 1038
-64 18 1027
63 -125 843
85 -61 1035
48 72 1117
70 143 996
46 71 1107
63 93 1046
28 98 1036
118 23 1040
-36 113 1039
-136 -77 1100
-62 40 1070
17 83 1117
-88 105 1109
-207 95 932
-279 -19 1044
-77 197 1022
27 175 1059
-36 111 1126
2 115 1118
-156 184 1056
-270 279 1079
-237 59 1044
-418 -28 990
-287 167 1114
-295 261 1072
-215 191 939
-255 78 1048
-259 101 974
-104 119 753
-97 180 909
-76 160 1036
-26 269 1435
-99 170 1090
-163 97 1072
-34 185 722
-295 86 1033
-212 -129 1116
-219 -220 1067
-215 -487 1151
-1 6 872
-26 215 864
-124 -56 908
-62 49 981
-62 -27 999
62 117 1117
-15 66 1177
137 -66 1183
118 -59 1113
223 -207 1070
49 -206 957
114 -277 1218
-63 146 1257
60 223 1229
-50 147 1155
-62 212 1100
-45 184 1107
45 220 1045
173 403 1061
220 85 993
228 112 1035
147 24 1090
71 170 1064
-16 -68 1027
-27 13 999
-40 96 1211
4 -87 1112
48 -103 1098
-154 -18 1281
-70 -22 1033
25 -49 1227
-70 -88 969
-164 -65 972
-443 6 1084
-256 -102 956
-327 59 1093
-93 51 1008
-156 56 1005
-118 110 1209
-73 266 1018
-61 267 1282
-163 -188 1199
29 -280 921
59 78 746
-218 -152 935
35 32 1005
-142 262 999
120 204 898
36 135 1048
54 183 1108
-15 45 915
-197 -1 910
3 44 887
61 283 940
-390 154 695
-186 299 889
19 346 781
40 335 1015
-88 223 997
38 55 1145
-70 212 1052
-128 211 1062
-158 163 1078
-289 284 1077
-237 173 1085
-211 131 1044
-226 172 904
-229 277 1039
-183 165 972
-93 18 973
46 88 1116
-37 -16 1014
93 -71 1010
-85 -43 1137
106 17 837
-19 44 1076
21 -21 926
34 -27 1082
216 102 975
144 54 1060
89 -45 1191
120 -26 1184
104 -51 1171
43 -102 1134
-68 -99 940
-137 -186 1053
-151 -289 926
-192 -37 859
-180 -265 952
-24 143 1092
141 312 962
104 367 1206
-86 73 1000
-130 134 1033
-264 63 1131
-150 330 922
-222 230 1025
-209 125 1010
-172 -77 1002
-91 8 1304
176 -73 701
-109 -18 1035
-73 -46 1010
-83 -1 1055
-187 -36 1050
-272 -69 1231
-126 -9 1062
54 -60 1346
-96 -132 1080
-210 -81 942
-86 10 699
-52 101 1000
-202 142 1579
-55 255 1084
25 300 1044
42 348 1026
-163 17 1030
-46 221 1051
-57 -61 1114
-60 41 1007
-129 -6 981
-125 164 1064
-167 131 1078
-148 150 950
-208 209 960
-299 216 968
-315 190 915
-239 596 1086
-208 276 1067
-222 197 1037
-30 204 992
-56 154 1039
108 207 1128
54 -64 1105
-35 37 1083
-162 47 1121
51 78 1057
64 19 1049
204 -102 1035
90 -57 981
55 32 944
161 94 1011
80 28 999
-104 -109 1024
-129 35 1035
-85 82 1108
-203 89 1129
-144 -40 1009
-71 -75 1010
-23 -210 1047
-156 -203 1145
-19 -182 1125
41 -158 1076
14 -172 1027
-70 -305 942
-116 -349 1049
-5 -213 1044
6 -180 1016
183 12 1024
109 -87 1063
138 29 1057
123 105 1067
89 215 947
89 294 931
64 311 992
107 80 1116
80 69 1213
170 279 1004
21 212 1174
227 233 924
131 112 1095
94 172 1144
105 153 1075
18 232 1072
-28 227 1041
-117 274 1064
-69 109 1084
32 105 1215
-78 114 964
80 211 1064
-156 278 954
-134 267 1043
-34 259 988
-47 298 917
14 283 942
-54 209 1010
-136 107 1027
-88 24 1149
-12 47 1165
-198 -3 1118
-224 4 1134
-136 44 1070
-134 -42 1116
-228 -154 797
12 8 1028
22 37 1148
125 223 1207
-101 -69 974
-202 -50 1109
-38 -4 1037
-231 -46 1221
-153 -83 1018
-258 -178 999
132 -77 991
134 -113 1044
-37 -228 1027
-60 -121 1025
-192 -301 994
-82 -205 966
-6 -175 1019
12 -108 1101
-68 156 1082
13 110 1119
87 94 917
95 163 1107
73 181 1024
58 133 1005
-15 234 978
78 167 932
41 215 993
-57 275 1007
16 432 945
0 377 986
-41 220 1169
-57 143 945
-221 45 774
-91 58 1112
-97 119 969
-182 2 1008
-109 119 969
41 131 1116
-162 252 898
-206 201 1047
-225 109 1028
-187 213 1028
-192 160 914
-153 274 936
-162 205 903
-191 -38 1153
-92 -78 1092
57 0 1061
142 58 924
-259 -74 1209
-50 10 1041
-192 -21 1109
-105 167 1242
-150 191 946
-37 107 1013
110 99 1089
12 1 1077
0 -58 1143
27 -71 1152
29 -70 1153
10 157 1088
45 194 1118
16 86 993
-131 143 1022
32 62 1067
-12 -106 1090
41 -42 1088
201 66 1090
158 186 1049
92 113 1030
252 320 1026
-428 -113 1033
-29 264 1001
-98 285 1087
-177 282 1006
-209 223 996
-314 121 976
-349 96 984
-419 -9 888
-401 -152 1053
-451 -56 1151
-317 69 965
-87 229 826
-260 -16 1064
-180 2 1010
-173 131 1033
-177 145 1012
-198 140 914
-119 135 1031
-145 244 1026
-185 275 901
-128 230 844
70 416 1065
-38 334 1046
-27 363 944
2 254 1068
-44 187 1082
8 188 1034
321 -121 999
189 311 843
-26 380 998
-3 221 1016
-30 293 1002
3 189 983
21 198 1148
4 -48 979
34 68 1086
-36 120 1295
-12 348 1145
15 64 1101
-22 51 1037
163 38 1018
158 42 1032
52 85 1055
241 110 1076
283 108 973
417 159 967
412 113 958
340 171 955
265 165 944
184 149 1047
179 146 1067
27 91 1066
30 86 1025
71 67 942
167 2 1075
217 -9 944
100 3 1077
71 46 1053
44 17 1034
67 111 1099
8 122 1143
61 163 1172
92 156 1058
64 166 1028
58 175 1017
-5 130 1019
-17 82 978
61 12 1082
93 75 1120
270 -112 1044
238 -175 1048
191 -228 1123
60 -294 979
-23 -236 943
-79 -214 1076
-69 -137 1093
-101 -109 1090
7 -58 1021
159 4 1176
158 -53 1026
15 -410 1026
-163 -328 961
-177 -247 828
-52 -196 958
64 -99 978
-143 -295 1047
-45 -58 1066
25 -83 1064
145 -105 1087
280 114 910
88 139 1010
95 112 1068
183 130 1036
147 44 1020
223 44 1066
264 -62 910
119 -46 1022
92 -105 1140
70 -5 1040
55 -48 1016
-19 18 1055
-56 -32 975
25 99 995
11 26 1040
111 -36 1031
-7 -29 1135
-47 -19 1030
-129 -31 1061
-8 26 1106
32 69 1069
-62 49 1163
67 90 978
41 88 1062
7 145 1058
-55 147 1045
-6 98 1037
3 62 1132
-22 10 977
-53 -93 993
-104 -78 1055
-29 -2 1088
-139 -69 1031
-110 90 1076
-12 115 1026
10 121 1107
2 225 1070
-81 245 1032
-166 243 1067
-232 47 1081
-248 81 1080
-186 76 1038
-249 136 1059
-161 169 1152
-110 176 1148
-42 135 1017
-36 159 1058
-5 157 1032
-70 140 1040
20 141 1028
-116 188 1028
248 396 1098
122 237 1143
95 198 1061
70 146 1051
-49 -10 938
-9 31 1097
38 56 1019
47 49 1071
157 -33 1220
58 139 969
164 3 1065
122 204 1046
229 121 1145
264 -50 986
59 106 1027
40 182 1019
-101 148 1026
126 269 1063
-100 49 1043
-104 75 1079
-93 65 1063
101 173 1016
41 162 1056
42 119 1109
33 116 1026
76 147 1089
-87 106 1135
-67 191 1016
-7 165 1015
48 65 1007
-31 112 1022
-35 38 997
-161 -31 1042
23 27 1152
26 -38 975
88 -56 1154
8 -49 881
36 -38 1100
27 43 1076
-70 -205 1090
-109 -171 989
87 6 980
-302 -34 780
-58 185 1098
71 24 1079
74 154 1049
-97 131 1092
-32 113 1053
94 46 1104
53 -93 972
-5 39 1031
-163 -21 957
165 153 950
122 -56 1051
30 -267 1095
-115 -407 899
68 -82 1421
132 276 1280
157 269 1078
344 220 988
8 52 1089
3 119 1063
-38 152 1105
-2 121 1075
95 -1 1149
-61 29 1294
42 40 1123
-5 45 1147
19 -11 1208
107 292 1119
-46 290 1064
-143 52 1042
66 139 1012
199 57 1081
60 112 1014
39 95 1105
17 91 1240
-160 -59 1029
-233 -76 1029
-396 -247 978
-519 -349 830
-540 -405 815
-549 -439 791
-556 -462 722
-753 -672 758
-663 -570 543
-907 -802 181
-832 -496 -200
-968 -311 -294
-1008 -88 -630
-824 341 -418
-726 482 -542
-545 515 -321
-682 1132 -219
-526 674 -228
-304 1008 164
-179 1187 41
179 826 490
102 884 329
251 960 325
321 904 268
337 926 249
340 861 -319
265 836 -124
366 1029 -536
67 952 -429
161 950 -542
171 1026 -353
105 814 -489
-95 813 -481
231 1024 -461
179 1045 -91
93 1030 -515
122 1093 -74
266 1034 -174
256 1076 -55
271 966 111
232 1111 386
206 831 272
-133 951 448
-85 974 413
-409 866 277
-648 792 47
-581 656 -63
-596 705 62
-571 845 -369
-542 872 -355
-120 1000 -52
63 1041 25
140 1041 -409
334 1047 -238
424 1243 -90
217 1034 135
94 988 172
91 829 255
121 965 698
-417 907 110
-242 999 161
-263 997 216
-211 892 191
-357 1040 174
-118 848 82
-73 1001 -39
-226 846 191
-122 1032 219
-4 1062 362
-76 974 352
47 936 -72
105 1092 31
112 531 17
337 919 282
179 852 156
123 1039 546
60 928 404
-1 921 452
-50 849 688
-120 809 665
-145 788 651
-131 756 661
-156 739 666
-172 732 620
-175 741 659
-187 746 700
-235 724 619
-192 726 674
-147 707 673
-183 778 645
-229 779 668
-182 741 676
-214 762 659
-228 768 655
-204 752 699
