-0.289694986114 0.177539656955 0.788639997222
-0.245540283745 0.184038011771 0.780589578551
-0.251783987442 0.220371290941 0.761113704988
-0.255993445364 0.256455033485 0.734801629786
-0.261766326556 0.291112908406 0.722259851533
-0.235365674324 0.294084572603 0.725616824435
-0.229358250771 0.295337876508 0.729201934443
-0.203736313359 0.310207631792 0.717076937412
-0.176889662797 0.319887919564 0.710240321193
-0.143460598418 0.299850263301 0.703820900778
-0.0864994843841 0.286477904797 0.702591552923
-0.0354921497985 0.271898886607 0.70220963938
-0.000764762222161 0.282443009 0.678824298572
0.0323635260457 0.318831871568 0.653001277142
0.0893554578856 0.322297535038 0.624165376905
0.151471670605 0.286305325357 0.633293470328
0.240119525368 0.224012258293 0.6378927993
0.288616673346 0.173561698917 0.633357306206
0.336549682923 0.135195807504 0.631070020456
0.378330306822 0.114346581614 0.615035970761
0.420964993371 0.0438727489051 0.617077021597
0.440434285011 -0.00564594212071 0.630964104694
0.460878037344 -0.033270069738 0.616201413757
0.377133893413 -0.035843502497 0.676570137984
0.347416642398 -0.0502375066389 0.700151266132
0.331168375673 -0.0691996737186 0.723178640981
0.331904298251 -0.100030989 0.733308359734
0.328616519397 -0.103022656903 0.747551320673
0.32722687818 -0.114787821912 0.758788131447
0.333862936102 -0.144459121727 0.76363787157
0.333213213217 -0.170240902153 0.755181576554
0.345771110209 -0.236525346453 0.752911924325
0.333933780815 -0.314461663617 0.753144237666
0.297337690739 -0.40228116096 0.757809509906
0.231087107833 -0.449836836301 0.764721315951
0.147359809395 -0.446074799239 0.779436096504
0.0332777715858 -0.398488232692 0.802475669679
-0.0688519172071 -0.321147772646 0.814261213139
-0.130911365372 -0.255719786617 0.828532762187
-0.174494813135 -0.228098977404 0.823479247123
-0.195815714512 -0.215963977046 0.8278865849
-0.216233767366 -0.209298309516 0.810987037574
-0.221406834118 -0.213995710357 0.812405029547
-0.232761106476 -0.209607117716 0.812771397687
-0.258662116274 -0.20582351412 0.803653379982
-0.295030012733 -0.106569226503 0.813368455339
-0.321733438952 -0.0615217218014 0.805519293693
-0.342191163598 -0.0444001463373 0.80223459334
-0.335456671453 -0.0466842278062 0.80195771669
-0.340710204362 -0.0514515949755 0.796726892184
-0.344694234002 -0.0340678555307 0.787225287398
-0.343469520853 -0.0392573230436 0.792513668209
-0.342015383668 -0.0463320937913 0.784789694894
-0.334419712669 -0.0520369500862 0.791732192384
-0.326698785395 -0.0303312659254 0.795764345261
-0.342694541692 0.0139349978383 0.798059618612
-0.346753919162 0.0690452530152 0.785964883228
-0.335865350982 0.104128546684 0.782720105659
-0.323587141586 0.150977005362 0.768238517316
-0.320620104786 0.174670590146 0.761278800885
-0.266500771276 0.165015187313 0.764098824848
-0.253459817249 0.181055652819 0.761963227418
-0.259005272283 0.205420874573 0.751320507309
-0.251536595342 0.245803239723 0.73632591761
-0.209942603235 0.245772541263 0.738656473221
-0.16709507805 0.248983047332 0.733580269532
-0.0892699128319 0.235653644872 0.739056879882
-0.0175038173948 0.229431644219 0.721604423634
0.0479181422453 0.223748354459 0.704714122867
0.0853383524684 0.232530790744 0.696940580846
0.083352892565 0.276935601361 0.664394796851
0.167227151005 0.262810944804 0.644930257964
0.223284293943 0.233926136931 0.63112928479
0.232550676422 0.229740436697 0.63316657397
0.251575967609 0.18192047203 0.642335833918
0.306067689401 0.143202446602 0.657216569963
0.28171699304 0.0769860360311 0.689918218515
0.288388727 0.020044128418 0.710975936207
0.285812046548 -0.00539482694396 0.718220931469
0.299546130912 -0.0391189009148 0.720862801613
0.301254516306 -0.0564630027199 0.717254158602
0.300629617596 -0.0906288109686 0.725925548017
0.314254415874 -0.13285352331 0.734613741793
0.326355462673 -0.186960011208 0.743457385546
0.326388018261 -0.243619751135 0.740698264965
0.341060627185 -0.310083765732 0.738241227575
0.347308326635 -0.329602345037 0.727894276595
0.307637296342 -0.346729171505 0.73968525525
0.252543502139 -0.358968332081 0.765515005322
0.175577517898 -0.357467054379 0.782169181384
0.115959257255 -0.369603617566 0.783994708021
0.022927902423 -0.342792622404 0.795375634095
-0.0421661989594 -0.311607417532 0.794126963963
-0.0609392398132 -0.282464133854 0.80398444659
-0.0697456516489 -0.261067257893 0.80980095958
-0.084992635628 -0.258111539455 0.806394832553
-0.119472631104 -0.243223713065 0.804992385983
-0.177767744373 -0.233162525419 0.806979676659
-0.248813627328 -0.1947766303 0.791667028567
-0.278273249588 -0.108145721538 0.798571741099
-0.298877934235 -0.0806615265783 0.800036799079
-0.315523413417 -0.0621770432408 0.793875777415
-0.356401188794 -0.0467971501788 0.788602942006
-0.397178532071 0.00437731116137 0.763292077554
-0.415168862351 0.038437203617 0.758808705572
-0.40850086405 0.0465857079725 0.769930403734
-0.400643828637 0.0768153526133 0.770132505138
-0.390643261363 0.115296098999 0.757452081269
-0.370124776409 0.144424999747 0.754313599551
-0.36609595665 0.154381834429 0.754256043245
-0.367157739609 0.168118584531 0.74735388312
-0.353081824675 0.170398977825 0.749904173656
-0.325184243017 0.185229095469 0.750889424422
-0.270225434379 0.209926077762 0.762768236247
-0.244775281144 0.243542480364 0.73826531312
-0.198907075054 0.270493215436 0.730661937318
-0.142817991736 0.279428211734 0.723132922184
-0.0953775083907 0.280510884521 0.715750954845
-0.0492442022282 0.278305708561 0.711343202488
-0.00475278761607 0.283012048581 0.699145518329
0.0484716888785 0.312455378304 0.66362677831
0.10410279943 0.312586548806 0.633332548735
0.154166491129 0.292950989182 0.633993856844
0.18222188465 0.278531907355 0.629309642416
0.198167117293 0.263608131501 0.641548922898
0.198027013401 0.238269471157 0.675201798915
0.226281013152 0.205127064121 0.685111782743
0.258556716457 0.135737659775 0.705819936657
0.239923519401 0.108314491965 0.721783387342
0.271382833972 0.0696864365712 0.725713006024
0.304312255917 0.0428935125153 0.72505463041
0.353346720244 -0.0196650369339 0.716054657813
0.412666557767 -0.119079260914 0.710641883341
0.422481108457 -0.154259531197 0.707294986157
0.42274620853 -0.18341544223 0.710490609601
0.431767196784 -0.204625741314 0.722404273887
0.430361585378 -0.235300808408 0.730505105641
0.417827129894 -0.28028728596 0.755782775951
0.394293082362 -0.295359933651 0.765504115662
0.374734210485 -0.300522390879 0.770735354747
0.327866719527 -0.340983661538 0.789860820153
0.271965390575 -0.349755403068 0.812903740404
0.201424008287 -0.348722869929 0.835644577464
0.117950958059 -0.355230163925 0.854474688321
0.031758263131 -0.359999093923 0.85547672823
-0.0528302141614 -0.352816282036 0.862972134642
-0.116563494256 -0.318296584197 0.863181793848
-0.149131379781 -0.30167970276 0.876820588404
-0.145602202456 -0.298478135871 0.882524076901
-0.180082197932 -0.283590309481 0.88112163033
-0.213308660329 -0.265461278563 0.87231242446
-0.250815070245 -0.21763061914 0.878412542743
-0.329517999715 -0.125310799842 0.871611657854
-0.35355542534 -0.082048303357 0.877158022837
-0.347855894102 -0.0705723126139 0.872195258221
-0.35641890959 -0.0405581877346 0.883046808375
-0.385571762109 0.0148682519928 0.864620885107
-0.391910779579 0.0532034449453 0.869238726469
-0.385695635717 0.0903446055668 0.861650896071
-0.37541399818 0.118579343004 0.855302074666
-0.359006797019 0.129274092809 0.860483745046
-0.317677904985 0.158399305382 0.859618677214
-0.321636850356 0.249304128837 0.827485912786
-0.350988309104 0.323453893773 0.794465791261
-0.3243690847 0.343426834712 0.785730116897
-0.26399893129 0.343641984702 0.797170288033
-0.0814374543246 0.307823531796 0.804799729972
0.0579794570034 0.260130679685 0.808037794117
0.097371154817 0.2140057532 0.814762644801
0.139548991174 0.155709876893 0.827916991618
0.150162222627 0.144356117473 0.813365218845
0.172270952904 0.174934207953 0.798672712338
0.157414585367 0.258049667647 0.755793020068
0.224208218158 0.236814290878 0.739441341778
0.29677473214 0.180921039188 0.735631441741
0.360393607822 0.100104220917 0.737412420288
0.39852665423 0.012941607843 0.747488344392
0.424203973529 -0.0456397545544 0.764643323482
0.427282034197 -0.0869432933001 0.77648471522
0.428316995104 -0.100703365512 0.781170603186
0.423881848807 -0.127824731702 0.777806901641
0.428175768639 -0.147023808053 0.780944968779
0.427015551457 -0.160674276297 0.779169425426
0.413482071199 -0.137266177602 0.776210341268
0.399031770106 -0.118891298233 0.776510750921
0.399937739078 -0.0949714989324 0.77417096397
0.385206367723 -0.0663506106156 0.76813977116
0.331061334734 -0.0357367476955 0.79698198546
0.267899049151 -0.0490029976598 0.823846555004
0.245801170737 -0.0984676681158 0.837619354651
0.220618115451 -0.152832631819 0.85040648895
0.196242594914 -0.210665014567 0.865980453071
0.184073671603 -0.249012834875 0.874415717781
0.14474135143 -0.259524326207 0.867148018675
0.151660477491 -0.291034285038 0.86341794899
0.174056011566 -0.327385265542 0.850081652206
0.259189536621 -0.394951779607 0.818234961278
0.293326578952 -0.466825855458 0.785850477033
0.265389325502 -0.471200065168 0.798480073239
0.207348460443 -0.471408208579 0.804582694219
0.0960845015561 -0.398172787684 0.840323721569
-0.0817844604517 -0.316113167517 0.859140409631
-0.201452747659 -0.254687253478 0.851273599246
-0.206594996606 -0.242546632345 0.825085038836
-0.211309215288 -0.251014639655 0.800478322556
-0.19507891663 -0.259369724593 0.789226380959
-0.197985193122 -0.236812833165 0.789762915318
-0.203589410587 -0.250290737691 0.77063196501
-0.230252042442 -0.194717358727 0.783046466815
-0.257840349117 -0.11688326918 0.784728757022
-0.280937252306 -0.0979533633889 0.7702648022
-0.304199083561 -0.0959780901199 0.772326038963
-0.358467114854 -0.00246230589058 0.749408341532
-0.403415119564 0.0869144223241 0.7329604776
-0.414278603474 0.125352212665 0.713574095527
-0.42430972846 0.151938556139 0.714102227706
-0.426850472779 0.181134104812 0.697796356465
-0.433067354423 0.217490706091 0.680536755062
-0.439255416139 0.262277979412 0.650582013546
-0.422549176649 0.290043972287 0.650319853139
-0.360236095483 0.308826199298 0.649194713018
-0.251227567629 0.304911232453 0.656325025466
-0.168429939765 0.30659520611 0.660700857858
-0.108102578596 0.287877131906 0.666788777814
-0.0299209952857 0.226575204766 0.681190121225
0.0178739082758 0.171278002941 0.69764429922
0.0606766433423 0.147147934883 0.702127256622
0.102109703135 0.146977303765 0.691160179276
0.168504125591 0.154781227481 0.660531516745
0.215393320275 0.157469338188 0.639566637618
0.224971590821 0.15987565098 0.620328976878
0.2402185748 0.156919932541 0.623735103906
0.254323309664 0.167630997877 0.61359025433
0.265733224003 0.171696399387 0.602745018237
0.268374400422 0.178295418993 0.599012860434
0.260841227514 0.156752989599 0.610494612674
0.258923123934 0.129801884756 0.640187608362
0.276069983332 0.0445749073104 0.665435017026
0.342885059754 -0.096338741243 0.687002769089
0.360245372998 -0.202360924008 0.696101844606
0.360847185314 -0.233308849838 0.695150202561
0.349613050905 -0.239306198802 0.688550540208
0.342058174271 -0.223075468245 0.701871706169
0.375993997288 -0.190154024722 0.67883551456
0.380615160169 -0.0893716418637 0.67286568942
0.362150271724 0.0114540668091 0.651512202598
0.364030701389 0.0572684295187 0.620522641611
0.335065603236 0.112858124013 0.61761062346
0.320896372406 0.120986994435 0.624242635577
0.280587853757 0.162078701594 0.620777278706
0.241203012053 0.172502348239 0.642955545704
0.217214112205 0.178015006882 0.648878769125
0.183677759617 0.197959374706 0.646433100903
0.0863593410624 0.208268166379 0.68357907752
-0.009221872169 0.209663528288 0.704421271015
-0.143847219108 0.23650522191 0.713471641477
-0.191733700783 0.228713925548 0.731047197938
-0.231268622938 0.22011105956 0.739008125118
-0.303410227108 0.226006550678 0.725432771133
-0.331617698957 0.21299176994 0.730811058014
-0.397049635157 0.224987207411 0.699831142947
-0.431909135118 0.222733824403 0.697223710686
-0.417460831902 0.195951595102 0.711834713303
-0.366998189963 0.0653716231592 0.766531849727
-0.383312075228 0.0442676096392 0.752167876694
-0.362781000629 -0.0189878314891 0.772957119917
-0.330789488036 -0.107520359016 0.768366573215
-0.324396826461 -0.14580890775 0.768181276173
-0.289488800722 -0.181305362583 0.771165566873
-0.268424145433 -0.191578381816 0.777554311062
-0.250672093173 -0.196459041129 0.78105833176
-0.24927359797 -0.211987806028 0.783813226397
-0.218066533733 -0.231939180432 0.768716102504
-0.137016347845 -0.296934741133 0.781284346257
-0.0745773951946 -0.345221517764 0.768217782901
-0.0203270718735 -0.384149442177 0.76315206951
0.0253493840966 -0.374176661736 0.769857613135
0.058724804371 -0.394260962218 0.7590056484
0.0909291556003 -0.409109150968 0.747297847173
0.116142768598 -0.419811277124 0.746663004563
0.167232567217 -0.425912979053 0.738018495228
0.313432756562 -0.431734638642 0.701597697088
0.453715102591 -0.384128453883 0.642473466757
0.466554837304 -0.263292469003 0.649686161963
0.386708783415 -0.144731433667 0.678124223165
0.314116569953 -0.0678797218891 0.713596361465
0.292693498695 -0.0180415279085 0.713194296485
0.309874556444 0.0248637605817 0.690043406845
0.323961583335 0.0901626857324 0.651915146447
0.315485027633 0.145468826737 0.624681276266
0.318289134243 0.160615128932 0.619335339149
0.299070095059 0.183049789036 0.639386410898
0.266283637362 0.182665393732 0.66511785272
0.214484738217 0.219621733052 0.665848915462
0.100485164442 0.27568561586 0.680625892845
-0.0155198351796 0.340429707336 0.689543931754
-0.104284092232 0.348018304037 0.701846652806
-0.162643701469 0.37691942744 0.700321106024
-0.187203855922 0.348312922053 0.71934826318
-0.207489796391 0.346687850199 0.728441488923
-0.268314802117 0.367058006543 0.713203201498
-0.320174461571 0.357763869651 0.720357446312
-0.344732618147 0.337564714196 0.724473191196
-0.315583761381 0.265323574604 0.772721939007
-0.383186311588 0.187139476389 0.792167121125
-0.464945242887 0.106605018552 0.80241319623
-0.499750483535 0.00991873566457 0.795207229666
-0.481663101699 -0.0996408324745 0.800444318526
-0.436210336227 -0.144465810835 0.815186823536
-0.412119266497 -0.187681663101 0.814073002873
-0.376874528515 -0.22497013273 0.812910028084
-0.349725103965 -0.263309013858 0.810565600608
-0.32943030951 -0.288977871912 0.815464080276
-0.309790971476 -0.283745448355 0.816881657669
-0.285437414759 -0.270045017488 0.842905951342
-0.194517651409 -0.267287310223 0.850679508581
-0.0387146274356 -0.360991796676 0.851907578206
0.131061019016 -0.435694478409 0.816998025185
0.236456782937 -0.472270110601 0.792808934506
0.268380063904 -0.476872290403 0.774769530815
0.247907491642 -0.457678834827 0.802227361865
0.25326519231 -0.482207311349 0.797356176857
0.222584592559 -0.455477347042 0.808908528108
0.226373136421 -0.424748629149 0.822783032789
0.231412092911 -0.420167838857 0.810283680018
0.31670593507 -0.393114876167 0.800765700669
0.491715668676 -0.334964569014 0.718256129531
0.541686304572 -0.262285753091 0.68834089622
0.518554847919 -0.195103457306 0.691547474251
0.488153580648 -0.105121740046 0.684583996164
0.379009452021 0.00573059261308 0.724193324234
0.340749151461 0.0570753152998 0.731939157015
0.308656084194 0.0888314923523 0.722689222337
0.264508498029 0.128536969529 0.719883914617
0.223791654966 0.144056795248 0.727908712166
0.169376403578 0.166030087141 0.749499617142
0.1792497167 0.168692943138 0.754640950158
0.182118319276 0.164999309577 0.752807850499
0.173541331475 0.184510882303 0.745612009363
0.179595543024 0.221512110267 0.724726546007
0.11072513231 0.3059689113 0.702803330683
0.00653125523906 0.354146453733 0.700241705471
-0.0462292548595 0.358728999601 0.713791423117
-0.105815575123 0.384412240585 0.721888907795
-0.179450988268 0.407838410385 0.729652374097
-0.226637223404 0.39648640654 0.74114967174
-0.281594909468 0.392771206444 0.763149370339
-0.356444183901 0.402500263781 0.764704748969
-0.383616694843 0.375725410831 0.774768923815
-0.464018800607 0.281710746096 0.8162961528
-0.491785652548 0.155702995038 0.847184008753
-0.527502595704 0.0917799748866 0.847293221881
-0.536535818488 0.028989959917 0.842179598105
-0.533917728463 -0.0295247545558 0.846167187673
-0.522369968202 -0.090433154466 0.856339331909
-0.499088431098 -0.138588937618 0.867350093696
-0.452557912478 -0.178240763996 0.892130737851
-0.379773701627 -0.204558306681 0.925018113243
-0.327742257997 -0.214010817107 0.930241794527
-0.275451447831 -0.19593617653 0.943636491995
-0.228526577109 -0.220518673621 0.938879590438
-0.168517344909 -0.304607025109 0.92830826401
-0.103557353788 -0.335908840529 0.918475573344
-0.0547483177416 -0.379767386879 0.89266513033
-0.00918738875777 -0.437073509066 0.867482801284
0.0496290706717 -0.478152588871 0.857895052085
0.0657500832439 -0.495008312179 0.852689434121
0.120072018736 -0.506572340356 0.840280831798
0.20192800159 -0.501537558202 0.83078847357
0.24778335794 -0.464107593086 0.839016216901
0.248574307291 -0.392005370119 0.847698146324
0.275517394199 -0.363345213934 0.850646325603
0.327373317993 -0.288960665073 0.833556061259
0.324803138536 -0.173716244345 0.838976408752
0.333303040724 -0.0820035394377 0.818731687488
0.317461360632 -0.00189606317672 0.805421476115
0.304300528751 0.0743545247557 0.774764259965
0.284904847158 0.15964446195 0.738622875664
0.282417746944 0.188886654842 0.726749548742
0.265381911413 0.209116508757 0.720303248247
0.239940872258 0.230111288079 0.719039032712
0.217058545489 0.249227770747 0.722305255166
0.195547891869 0.252792166406 0.726110100098
0.224145720067 0.264061576567 0.721017092048
0.344935427969 0.214167606441 0.695484370063
0.511810531464 0.105338754099 0.65613595866
0.524407224944 0.0411728341298 0.689041382153
0.492263373929 0.0203663872591 0.734084845382
0.437803332422 0.0149991050244 0.765234911449
0.43558818839 -0.0206158929566 0.785460325654
0.428001371377 -0.0422049665694 0.792509533575
0.410766669523 -0.0851568992789 0.811227878896
0.354258409928 -0.100777197041 0.831166755311
0.3383736775 -0.121508056807 0.852263136831
0.339791878551 -0.18321733159 0.868090030018
0.315828418088 -0.280568244867 0.882109859248
0.277095912355 -0.330435011961 0.88880193037
0.240494088744 -0.361571447267 0.898442595351
0.173289011088 -0.395297084067 0.907317329909
0.0835939608878 -0.403244258844 0.904832153482
0.0571365441012 -0.43565169939 0.878075538108
0.0575933942935 -0.447829655792 0.866962242126
0.00176255493926 -0.450219283283 0.848783763022
-0.08612455307 -0.427141559322 0.871441837234
-0.175635584563 -0.369835067364 0.874534546393
-0.251790038302 -0.354986508843 0.864152727733
-0.314416745319 -0.30686298698 0.861705385973
-0.381765402431 -0.218931760322 0.854538132944
-0.428438377934 -0.0366412882898 0.847594011625
-0.37316629856 0.0975346010582 0.83231753988
-0.321084946485 0.15321914682 0.832037745952
-0.265959211903 0.203278111566 0.81247995392
-0.246772728308 0.237503191389 0.795188002752
-0.233645314493 0.278835673019 0.754966984987
-0.215969732637 0.290699747242 0.721999364664
-0.213136806099 0.314276721478 0.703958287435
-0.116758909981 0.3283005205 0.686822630622
-0.0672930348458 0.356427586569 0.658612756233
-0.0201316238857 0.376163618236 0.629987774159
0.0016600999959 0.362353213629 0.632514531691
0.0434367281415 0.324689287875 0.646303306539
0.13811882851 0.263672846826 0.656704017678
0.194867364002 0.258521261377 0.622833080275
0.258573822045 0.223978241428 0.62040714891
0.282834678074 0.153608391913 0.646582666615
0.301639399213 0.0803798005722 0.6827559861
0.362092631866 -0.00540727727416 0.676902482822
0.39450132286 -0.0956618532693 0.67481348711
0.380063611412 -0.169671315777 0.699041621705
0.326606590433 -0.226618474394 0.728605617698
0.319166733421 -0.258570167502 0.730905067285
0.313304271992 -0.278593440835 0.737481611215
0.213606041432 -0.238949167833 0.771619349549
0.127697537217 -0.224574974649 0.797920090075
0.0722153845426 -0.226661414716 0.808553149045
-0.0077604287405 -0.267786945993 0.826814790358
-0.106120049102 -0.302496346366 0.821340682706
-0.150283605457 -0.281700771275 0.815399395966
-0.214976498628 -0.271147516956 0.813516297804
-0.249927316609 -0.254584286318 0.805179755925
-0.308057501811 -0.22756846615 0.790641855016
-0.376718454434 -0.180721570301 0.782393131088
-0.419716675279 -0.108479044905 0.782283073581
-0.449188271975 -0.0239433383638 0.75622898255
-0.456560252476 0.0365592767328 0.741249523674
-0.411886817033 0.0981119335564 0.749541137373
-0.357907327321 0.145022982212 0.74625519328
-0.339286980004 0.182925380066 0.746122861727
-0.299209623172 0.217216738042 0.737753140924
-0.287728096662 0.248646035789 0.719565015899
-0.270437752827 0.30005196265 0.690367802626
-0.18915476236 0.344465342675 0.669131946332
-0.114058095827 0.360168234121 0.642788780324
-0.0246312661501 0.367882187802 0.623111235155
0.0572623906189 0.35405371209 0.614915442227
0.0916331000085 0.33066524733 0.62236421243
0.119548389638 0.290907505159 0.651332874019
0.193558188942 0.246826062697 0.640718707528
0.23694702623 0.254743278557 0.601355199792
0.287329462106 0.205998452118 0.609644675665
0.374819097563 0.138462266742 0.597557049013
0.42708170301 0.0536266911805 0.614615807971
0.456465717346 -0.0771828136825 0.644876808914
0.455574335896 -0.185079604928 0.656232908535
0.394401505969 -0.225935965645 0.685820437532
0.330967004109 -0.256250136569 0.720345110024
0.306641392018 -0.24894546313 0.730415598933
0.294597724982 -0.259882742981 0.73594051903
0.280423375825 -0.289550354621 0.738516845267
0.2006749887 -0.340968539065 0.758677544725
0.154255493948 -0.366313836218 0.752698008738
0.135697029513 -0.336983975663 0.780285668642
0.0360998462615 -0.35602467848 0.785354299311
-0.0554933415759 -0.355198356151 0.785875273049
-0.120132590643 -0.344598457613 0.788424719206
-0.197957755861 -0.331269055153 0.782948108856
-0.202804962232 -0.318871890814 0.781138542201
-0.232352166852 -0.278514780374 0.792250164645
-0.314260411143 -0.180709312717 0.791429644904
-0.335999106129 -0.0723727197941 0.802366510312
-0.380853794943 0.00659474470569 0.776736343727
-0.389153448141 0.0809507204527 0.765936085524
-0.411224244408 0.113414483939 0.742166313257
-0.408310851713 0.137061424504 0.730774052507
-0.419973016386 0.151672703983 0.722592546024
-0.419240829467 0.18593180067 0.722786245246
-0.341762968261 0.275186104815 0.693570983872
-0.252676586487 0.349782485262 0.668104684662
-0.197448682022 0.362138256386 0.653356295387
-0.142249597487 0.366063355468 0.651303046225
-0.0725445698778 0.360067569332 0.638470519456
0.00714505481593 0.373642627496 0.609821589799
0.0743359000643 0.31496060031 0.622658308022
0.127837190974 0.235438109388 0.663052839082
0.157126151631 0.188535630141 0.677648710877
0.171955957209 0.18730196017 0.678553286914
0.20525802753 0.213351525352 0.65019677931
0.299156554846 0.208341805161 0.601300990563
0.325315548513 0.129198458539 0.624470358102
0.395224655793 -0.0341088266745 0.661015480922
0.389131387662 -0.155133690802 0.686484712628
0.358384909276 -0.212450684768 0.70040456007
0.305633253163 -0.235162068808 0.727945983127
0.285266846537 -0.236857106991 0.730390392392
0.230926942978 -0.252610330831 0.754574427966
0.15282556573 -0.273143549195 0.786580745106
0.0127389655739 -0.286957079459 0.801573231468
-0.0969429867671 -0.279458083021 0.802737449996
-0.120974678857 -0.292878648573 0.803308422238
-0.188253106465 -0.280470419708 0.794678613927
-0.27652969552 -0.268221757436 0.768261486614
-0.312517472284 -0.246305804517 0.77015046904
-0.328502376718 -0.220926120729 0.77152603553
-0.361728839115 -0.202797089811 0.76271682966
-0.38880864937 -0.145501662379 0.772629780475
-0.413298929434 -0.0732465096281 0.759466616897
-0.447771808706 -0.0121548512455 0.747208443936
-0.461482806676 0.0866829568036 0.736846826421
-0.438016990771 0.18568595222 0.713676629722
-0.431547598698 0.212557781784 0.710204129628
-0.414640755103 0.230007799382 0.709624755206
-0.42687191641 0.300812376596 0.659876926113
-0.361437722239 0.379129400889 0.636186584835
-0.250803012931 0.431298127811 0.608212005993
-0.125066541862 0.41737599389 0.613240744313
-0.00498993023906 0.381521961291 0.609617400277
0.0808966101564 0.323015816227 0.624914917546
0.15109216612 0.269164115959 0.632088484637
0.185754797634 0.216643062275 0.644949150443
0.22579821621 0.204707266149 0.645218883871
0.272245408317 0.217501453146 0.604624769323
0.310419249091 0.140864714334 0.634964356878
0.33189570436 0.00916805274029 0.67955781025
0.32733703957 -0.118861615806 0.70395188512
0.324536668619 -0.19909832997 0.719233841767
0.33536821215 -0.275355924482 0.7323482658
0.308467917484 -0.285082856472 0.7347523377
0.303602743047 -0.300002944151 0.744718204296
0.154241413791 -0.166875517979 0.786591285113
0.0936826307109 -0.154679490472 0.808427131555
0.0566924486279 -0.175663205269 0.802871105434
0.0771342030843 -0.211694682818 0.803019826767
0.0711573372425 -0.278015076582 0.81158700845
-0.126877934651 -0.323427796169 0.789621302717
-0.165940036424 -0.325298716473 0.789604912935
-0.188891977488 -0.32513878011 0.785302612051
-0.255357752021 -0.27840148823 0.783515319441
-0.326470128819 -0.229583007287 0.779601246162
-0.405058653877 -0.0909660675577 0.770809723521
-0.447902798517 0.0171176703355 0.75509418129
-0.477521355215 0.112015996372 0.733789848593
-0.492350900699 0.195154778176 0.693126428482
-0.485482298292 0.192987307255 0.70393091263
-0.459826682719 0.172179104809 0.722925305441
-0.4651983557 0.186205029177 0.709749099158
-0.438591720941 0.298562311992 0.677085699853
-0.389983904209 0.359499285015 0.660623549476
-0.32417532388 0.417161036646 0.634082508009
-0.242908303603 0.442664514586 0.609710672695
-0.157347363494 0.448968916175 0.588476904519
-0.0698366395206 0.438139114946 0.583580942767
0.000647102908775 0.420245237723 0.586230385931
0.0690538073208 0.383667672931 0.590363779555
0.112583610979 0.356000219499 0.590984750299
0.170898430098 0.299758521969 0.602069458173
0.234785526303 0.219174924795 0.626013158316
0.279050992445 0.0787710442482 0.676522691887
0.298450409697 -0.0716093049149 0.722600095719
0.305975083734 -0.199157601544 0.727854403519
0.290287834961 -0.259593568716 0.729666472872
0.281420662817 -0.284447168967 0.741906167934
0.273619269385 -0.306222819457 0.731225198578
0.270507270461 -0.311146434813 0.728023261072
0.265361025762 -0.315820513544 0.731657525204
0.254180535457 -0.32177121829 0.72949040717
0.126170665288 -0.265845882335 0.779108441899
0.0688568688208 -0.26959141112 0.781349076222
0.0432081093566 -0.284484488514 0.791257801093
0.0319311827051 -0.309415061673 0.779305887559
-0.105651471744 -0.346135315008 0.760517757169
-0.118834267445 -0.314016678957 0.771458798814
-0.166095850411 -0.28764216707 0.780362965859
-0.190285354364 -0.27181353315 0.786603403294
-0.228359023132 -0.241287337893 0.775984630769
-0.279946466308 -0.233533553825 0.775478772636
-0.308592820284 -0.207053126145 0.780194922248
-0.33634405715 -0.137766319187 0.783490991768
-0.385962365728 -0.0169425918913 0.781667173159
-0.418166456863 0.0798107086915 0.753616130313
-0.442320024683 0.150273846646 0.736305701246
-0.451956797567 0.191929519406 0.707296287713
-0.461113893959 0.20461585801 0.6992126749
-0.444624228764 0.223787924076 0.696131749488
-0.435585272444 0.229894877009 0.696269980523
-0.435495692206 0.284576025263 0.677151658339
-0.413460311883 0.361287981408 0.644954608963
-0.396198787977 0.404263236227 0.628452535802
-0.325226254976 0.412011206773 0.626260641024
-0.261851390851 0.417056683682 0.632037661027
-0.231210462892 0.400782627309 0.634100156749
-0.178117236303 0.377593366781 0.646225998157
-0.143866664862 0.364590843626 0.660640798854
-0.121122444107 0.328543050546 0.676116040144
-0.0746435717148 0.297251929881 0.681552727709
-0.00418665133777 0.279334730549 0.681985898714
0.0508583569929 0.247418617134 0.695538134276
0.0705619309002 0.151905993101 0.740227393201
0.125637757037 0.13682790166 0.72617307638
0.184208822242 0.0787242230044 0.726461702287
0.25748443675 -0.00802366607709 0.730565248844
0.277394608393 -0.08863021559 0.73020305694
0.28432258844 -0.147434104328 0.740464692666
0.298609959343 -0.174356266287 0.741778062326
0.29953763204 -0.188209626937 0.737598861653
0.317041169626 -0.23950401723 0.732012159306
0.317955992584 -0.242878147836 0.743664077765
0.339089139594 -0.255176402961 0.723742834871
0.225970450522 -0.248713804863 0.758811184944
0.192464655645 -0.293836526897 0.768517808411
0.159875681603 -0.333926029607 0.774964938067
0.186153075436 -0.349957555933 0.766320843311
0.210748905927 -0.348621658344 0.763501663726
0.166730311697 -0.346596052681 0.767722030923
0.0915155050919 -0.343505652589 0.786119815153
0.0417328836559 -0.334116101912 0.791790109507
-0.0123348036259 -0.332821404792 0.808314042135
-0.0801237255318 -0.308281863745 0.806364985486
-0.139200166707 -0.200250390846 0.816812797123
-0.168459184862 -0.12393545736 0.82340029564
-0.180789655696 -0.0679436662273 0.827569006014
-0.198204995712 -0.0648550217109 0.819917719827
-0.210518881147 -0.0844328725903 0.8181913306
-0.224784548324 -0.0952838705831 0.815038547219
-0.237445997865 -0.0941831266904 0.81837913034
-0.235277641828 -0.0943160527684 0.822624289499
-0.239170353449 -0.0957489269706 0.818851794331
-0.244517202254 -0.090107030425 0.822803272479
-0.250914982156 -0.0896149637526 0.81893288364
-0.259911146234 -0.0767886924908 0.824146903785
-0.289835857464 -0.0451654415164 0.819142128266
-0.362777880179 0.0104013006398 0.791924218069
-0.422369058675 0.0801931713954 0.756207172793
-0.449933663748 0.128661450923 0.741138637007
-0.462577145224 0.157079446833 0.732703786878
-0.448148547856 0.176477727415 0.734242790945
-0.437666306214 0.194396489576 0.727576755525
-0.411577281956 0.272681252581 0.712449834274
-0.377378096649 0.349944546972 0.667761834307
-0.302530559999 0.413713251535 0.641359023875
-0.213195048341 0.440243818864 0.615952369089
-0.140661089947 0.441010307101 0.614901589634
-0.0617184997885 0.422398148689 0.616801492157
-0.0312116820908 0.406007481769 0.607782627081
-0.0108095994261 0.380431912153 0.621546195387
0.0569236804984 0.347438376955 0.633974119987
0.112778221455 0.320462194426 0.635401773099
0.206764071037 0.279821160724 0.622057918512
0.241063168256 0.229068799728 0.636849577648
0.268955631587 0.206102435311 0.633779142534
0.32357834319 0.138111888303 0.640774141225
0.35129876225 0.0519870593717 0.665084624088
0.350450173042 -0.0369765076788 0.681792974889
0.357268867003 -0.104281034788 0.698100934247
0.357841859391 -0.143659632659 0.709844432315
0.344129478752 -0.147708718639 0.70536314845
0.202142127873 -0.066676557632 0.747304275871
0.199036985058 -0.107301452829 0.773005456047
0.107282604813 -0.188520174991 0.7999876409
0.084660259789 -0.236356085417 0.802393800918
0.00793455144503 -0.255626690926 0.805115915993
-0.101047154356 -0.251688401971 0.800201875704
-0.105044033736 -0.223825432483 0.80653139005
-0.151902410614 -0.209675521216 0.799889716793
-0.187510682893 -0.1706183589 0.802983684911
-0.249589221697 -0.153489407085 0.795152156786
-0.29257659068 -0.100133461665 0.794122392419
-0.334537852741 -0.0332436585489 0.783786810606
-0.350141254813 0.0176845845695 0.771455950516
-0.359536629226 0.0595501563164 0.762392986419
-0.38176323948 0.129670469206 0.729381267075
-0.379550093325 0.156878117255 0.724067265142
-0.38357179688 0.193125114566 0.713269095057
-0.380749722204 0.235588668778 0.696147724689
-0.409137832216 0.268614465266 0.675156380062
-0.362323985363 0.309029091705 0.651598370337
-0.291589730382 0.345956295394 0.648427124275
-0.228741330744 0.3442231824 0.657748916922
-0.174849423392 0.344860432734 0.65866988274
-0.122398803485 0.342093223772 0.651483702742
-0.0621607624591 0.350599113147 0.636931100809
-0.051386598692 0.339385286384 0.635676960992
0.0294541291038 0.311999630867 0.63457071335
0.0813266382965 0.310814537715 0.611585349404
0.127852298684 0.315271341109 0.592551463606
0.180313770454 0.293617552172 0.584445576748
0.226556102608 0.218007902749 0.61375034483
0.236003123249 0.167781625289 0.642157265518
0.244682280932 0.11056685894 0.654162509412
0.280415549392 0.0170151252466 0.687917040755
0.316842208282 -0.0443960360907 0.686690195598
0.323109613582 -0.11009512528 0.689415243169
0.329756523366 -0.15865300507 0.693345276431
0.332890226016 -0.191502549665 0.694707800216
0.275633194103 -0.165812302102 0.72034807701
0.183942694616 -0.171391415922 0.759874177944
0.0784413802676 -0.20840683407 0.800045611786
0.0724288383875 -0.247456620036 0.792404815898
0.0603800530253 -0.296190381948 0.793874050114
-0.0555438652304 -0.325855868241 0.800409826881
-0.131184704222 -0.293749489774 0.80231435471
-0.144664540375 -0.270294746861 0.803787814871
-0.154077882854 -0.255746427131 0.806500284025
-0.186686562745 -0.249655419957 0.79987541513
-0.22327041829 -0.253474603246 0.79774064686
-0.269896250683 -0.211820863085 0.797053717629
-0.286201897171 -0.165739262415 0.805712528628
-0.284026424931 -0.1196683565 0.799101961396
-0.317568511055 -0.0430409266392 0.801631685914
-0.355960924 0.0165945354317 0.783384745626
-0.376021176094 0.0781745723114 0.769529597712
-0.38402690929 0.131805309067 0.749229822841
-0.393003107426 0.180356182278 0.727756997463
-0.35685613613 0.232077923918 0.714318216193
-0.325074696837 0.275634845673 0.705084256716
-0.29662382864 0.297266875329 0.704741007
-0.253006442621 0.315873220219 0.701155067833
-0.21753801414 0.333382509391 0.691955131658
-0.169624710412 0.341197127862 0.676595847358
-0.139800171188 0.355684420442 0.661879807847
-0.103424035952 0.323615747014 0.675187516523
-0.042686352492 0.338876904182 0.654873869787
-9.10776403504e-05 0.36076409124 0.630770923522
0.034942204374 0.352678176862 0.630844869609
0.0802788276502 0.335053839971 0.62273058057
0.103741263011 0.322762591425 0.620352129792
0.130489479349 0.305055660851 0.618642130346
0.177715386277 0.305951756761 0.593529985731
0.258432855674 0.25956291072 0.58042267043
0.327111516268 0.158128155056 0.616654805179
0.355211439814 0.0891445355232 0.642170273733
0.324733181951 0.0320607626526 0.67825284277
0.305935056827 -0.0123170376794 0.71074148504
0.304839335612 -0.0448074416795 0.712478779146
0.297225696547 -0.066419837402 0.717311714907
0.307502215757 -0.0759815820254 0.706907207622
0.118985728925 0.147589299389 0.718187357237
0.10138775287 0.1883111712 0.699077851814
0.109139237856 0.144949765501 0.715262296381
0.137711981783 0.0826980916521 0.732800447973
0.127768794273 -0.0208264224827 0.759849435691
0.173044657241 -0.0847012355861 0.758158328724
0.170788718844 -0.13084210783 0.758120079477
0.14910801883 -0.182028826754 0.774394430114
0.118150084476 -0.210143265468 0.789551198431
0.0456269779446 -0.22979633368 0.789682271025
0.13926526342 -0.24975877261 0.781405388788
0.160885203125 -0.244822529899 0.771554220223
0.171447910924 -0.226833801409 0.771537001282
0.199954421102 -0.196747777601 0.760714883613
0.202932309765 -0.191940772792 0.752835460322
0.237697371256 -0.200259908265 0.730746684813
0.24804350476 -0.190865106584 0.727910700867
0.254133392347 -0.181134486418 0.723233215082
0.248168761035 -0.163454566129 0.725000356254
0.256437856522 -0.172743452016 0.723648322767
0.295365848034 -0.17098914226 0.71258335175
0.334789746321 -0.0973891527412 0.685821316401
0.287053605191 -0.00424882463631 0.677855368606
0.241387385875 0.0613713590445 0.679261196742
0.210117823546 0.108570019137 0.675934070906
0.188480175869 0.158221636241 0.657801828649
0.173913732581 0.203797157079 0.635245444254
0.142318309872 0.233901251993 0.635145877046
0.0456176738236 0.232172019921 0.674476190639
-0.0645390967761 0.224531720743 0.6985291384
-0.200299836721 0.229338918299 0.722931649941
-0.24890053725 0.214605777268 0.728538073927
-0.244280757037 0.212501266096 0.728448582437
-0.272044228433 0.197787759 0.738544692468
-0.276543870697 0.189506328566 0.731668153464
-0.273394197858 0.175566686057 0.736166656269
-0.26927406008 0.166706907092 0.741838209582
-0.272631453228 0.144758692885 0.748512647182
-0.330324754181 0.123871954702 0.749548295814
-0.322952773681 0.0633693396052 0.76452775469
-0.287412993123 0.0263374131811 0.787743773656
-0.232906683809 -0.0963576041909 0.811640822372
-0.209954127536 -0.190997084651 0.806912044635
-0.20133946582 -0.229371915243 0.81540445107
-0.182729355157 -0.267062481511 0.807160747757
-0.18030987136 -0.306853870775 0.796554139068
-0.124466182266 -0.314943473328 0.79890149904
0.064462516889 -0.286186903047 0.798249038128
0.0824202915812 -0.263587055576 0.805491530692
0.197712455018 -0.232386097691 0.778724025658
0.144980764848 -0.219372879782 0.779578603192
0.172108485672 -0.219938600958 0.779073589437
0.204112232796 -0.224470814432 0.767683002225
0.234164198178 -0.220276175018 0.754866020859
0.267517914727 -0.202587315549 0.745853469845
0.307971655594 -0.180543880304 0.719721636581
0.309973345781 -0.124133677003 0.715644555524
0.312137966159 -0.0591761911119 0.709953695152
0.279298124452 0.0222978811978 0.691493748582
0.237481824514 0.0704177148859 0.691319820707
0.225728341822 0.103845608012 0.677409204605
0.208481050323 0.153278017179 0.672199824985
0.206883948891 0.187530107286 0.654850732092
0.180436768758 0.230715630863 0.636205488479
0.0733882614237 0.29308935901 0.653524354217
-0.0438665356174 0.289501833989 0.679785171957
-0.1280309784 0.259261317569 0.718685247042
-0.28343417683 0.229446959438 0.722703083037
-0.344350500575 0.268633729429 0.701735685994
-0.362211838921 0.265013750371 0.704277988929
-0.378203859559 0.244189602167 0.71650928181
-0.391606350005 0.23832517928 0.705664460298
-0.403538733078 0.244295887731 0.69023164449
-0.4158386462 0.235220589004 0.706552646554
-0.413904832525 0.1991764841 0.719754473959
-0.348060836251 0.1476625161 0.749180254136
-0.303462393524 0.0705570327256 0.785606502688
-0.279036609427 0.0171418157315 0.795256828808
-0.245815265357 -0.0387836972478 0.800010348798
-0.229139228464 -0.122335270444 0.818323662152
-0.220003220588 -0.191727993195 0.819215610065
-0.142404866319 -0.289244286586 0.813762083648
0.0179477083641 -0.309530286417 0.816363217065
0.0803649572893 -0.320043903096 0.80513606743
0.103171936229 -0.301433870031 0.799276714377
0.221495632433 -0.265379263119 0.769062330371
0.227379797587 -0.283129149737 0.76064637272
0.267414362177 -0.267771015956 0.746924400737
0.288778055795 -0.260972792119 0.747869314139
0.301711721613 -0.245025615052 0.736868628071
0.303222623352 -0.222664609452 0.752544297227
0.290427063549 -0.221680476107 0.74480351955
0.322323522464 -0.226305978019 0.7245478437
0.309563638699 -0.252592452472 0.733015043594
0.298164576222 -0.275544433958 0.742940572826
0.299065426867 -0.289421116718 0.736545099994
0.307091126006 -0.307327251525 0.730158029342
0.313301151542 -0.307982572964 0.718514513063
0.315333399441 -0.316639459522 0.726589723696
0.31517046925 -0.325186742112 0.72820350301
0.31517046925 -0.325186742112 0.72820350301
0.340239120123 -0.31711889884 0.717407006463
0.351392788376 -0.311191516204 0.717357852337
0.352093034916 -0.314752223687 0.71127959352
0.356685993076 -0.316880056969 0.708973829871
0.361305773289 -0.31898456814 0.708884338381
0.358827527061 -0.317036305156 0.71100271687
0.355688706084 -0.321983242623 0.705584507204
0.351566570429 -0.32153081359 0.714824366163
0.345869037067 -0.324599454401 0.704875718507
0.345032682389 -0.329562707397 0.714784028798
0.345396216685 -0.331331400084 0.712853035469
0.328558987384 -0.329824871378 0.721000933231
0.33101041156 -0.331796456472 0.716666282582
0.328842055523 -0.331663530394 0.712421123423
0.335911262035 -0.344146976591 0.722908393556
0.332881727145 -0.340593275687 0.711443860257
0.329149947838 -0.341886217232 0.720968998046
0.323586524737 -0.344838247495 0.722101711189
0.316488498296 -0.340785473339 0.724309581168
0.324974168078 -0.341480432419 0.725776312686
