-201 417 -45
-192 419 -44
-155 428 -47
-126 428 -78
-112 427 -96
-102 427 -104
-91 422 -109
-79 418 -121
-72 418 -127
-71 420 -132
-67 421 -140
-62 414 -139
-56 414 -144
-41 420 -142
-37 416 -141
-26 420 -135
-8 414 -121
8 397 -120
16 401 -120
23 400 -108
35 404 -100
51 401 -92
67 394 -92
94 393 -72
112 392 -51
127 390 -4
121 394 29
112 387 94
116 385 104
118 383 105
121 383 103
116 382 101
111 386 101
104 390 103
100 384 120
64 395 128
10 411 120
-26 421 105
-71 428 75
-109 421 64
-142 417 69
-149 411 74
-152 402 107
-164 408 75
-185 406 30
-195 402 4
-204 394 -18
-206 388 -38
-207 384 -49
-193 384 -50
-176 391 -43
-168 397 -43
-126 402 -72
-115 392 -101
-106 384 -117
-99 385 -112
-72 376 -112
-45 377 -100
-26 378 -104
15 372 -97
47 369 -91
71 365 -71
84 366 -42
101 366 -10
113 361 0
116 362 19
120 356 31
122 351 36
128 349 39
126 354 23
125 353 -12
136 346 -18
136 345 4
130 349 41
110 353 71
90 358 97
68 356 120
52 360 126
29 364 130
7 361 148
-39 367 144
-108 370 132
-163 361 109
-184 360 88
-191 361 63
-195 364 32
-201 362 13
-199 362 -4
-198 358 -20
-203 351 -48
-195 353 -63
-181 361 -64
-139 373 -48
-126 379 -52
-112 380 -63
-107 378 -70
-110 374 -80
-98 374 -84
-91 377 -78
-83 380 -81
-71 379 -80
-28 383 -66
26 379 -56
61 371 -26
88 368 -1
103 362 13
116 355 15
129 348 17
136 346 11
140 343 3
134 350 -6
132 351 -4
110 361 11
111 361 21
104 365 40
106 356 58
111 355 77
111 351 90
91 353 109
80 351 125
58 353 131
48 359 135
38 358 134
-1 373 123
-56 379 116
-109 378 102
-144 373 84
-175 367 64
-183 366 37
-172 365 24
-163 373 13
-154 371 15
-162 373 6
-159 372 2
-162 368 10
-168 369 7
-169 365 -20
-163 362 -48
-161 361 -70
-156 357 -81
-153 358 -91
-136 351 -110
-127 357 -104
-111 362 -102
-93 365 -101
-46 368 -90
23 367 -71
59 363 -55
89 355 -39
102 353 -15
111 351 -1
116 348 4
118 347 8
116 344 9
114 344 9
102 350 8
90 355 26
101 347 41
105 341 63
101 339 92
93 340 104
74 345 114
58 353 118
46 349 124
34 355 128
29 355 133
27 350 146
-11 355 148
-74 356 151
-138 360 123
-158 357 96
-156 363 80
-149 362 72
-154 366 69
-158 366 43
-161 365 25
-170 362 8
-169 366 18
-171 364 40
-166 367 41
-152 368 21
-150 371 -3
-164 364 -29
-167 362 -55
-175 349 -74
-165 346 -97
-172 342 -105
-167 342 -106
-153 349 -108
-126 346 -123
-70 345 -137
-15 348 -140
30 350 -121
46 353 -95
55 356 -81
75 356 -56
82 359 -32
95 355 -15
99 353 1
101 352 10
99 353 16
101 356 16
97 353 -2
130 339 -18
141 332 5
152 319 20
160 317 40
161 313 63
154 312 82
135 317 99
126 323 100
118 326 105
105 331 104
82 344 103
36 346 145
-35 345 166
-95 351 150
-117 357 129
-132 358 129
-150 354 126
-156 356 109
-162 358 101
-169 356 90
-177 364 71
-180 359 61
-198 356 48
-207 357 30
-214 350 9
-222 349 -13
-226 342 -33
-229 332 -68
-208 324 -108
-188 321 -131
-157 324 -149
-136 330 -156
-117 329 -160
-101 329 -162
-99 335 -164
-86 341 -149
-44 372 -98
-17 380 -51
-4 388 -30
21 381 -36
38 379 -27
49 377 -34
63 373 -35
81 367 -23
104 361 -15
116 357 -1
124 355 12
122 356 22
127 353 27
135 348 21
142 344 27
155 335 34
162 331 48
149 332 73
125 339 104
105 343 124
97 341 135
89 339 140
77 344 139
35 357 147
-20 374 131
-61 379 114
-88 378 110
-114 372 108
-140 367 108
-159 362 95
-173 366 78
-178 363 55
-188 366 33
-191 364 9
-190 365 -3
-184 365 2
-168 373 52
-132 377 88
-92 374 113
-46 374 127
-14 364 147
14 352 160
30 350 167
39 353 158
43 352 159
52 351 150
48 352 149
50 349 148
72 346 141
87 342 135
101 339 121
122 339 89
143 337 70
157 331 40
164 330 14
171 319 -14
172 320 -25
161 323 -43
145 328 -63
129 326 -86
118 329 -94
118 325 -98
121 315 -107
107 318 -121
78 318 -145
58 316 -157
37 330 -145
24 331 -137
11 340 -134
-21 346 -132
-42 350 -125
-56 353 -119
-71 356 -119
-88 359 -108
-111 345 -133
-156 353 -96
-164 365 -57
-174 364 -44
-175 371 -36
-164 376 -25
-141 381 -20
-129 379 -5
-115 384 16
-119 380 41
-119 376 57
-104 377 79
-91 379 71
-68 377 80
-25 376 103
-1 364 128
20 353 142
46 342 157
54 334 166
72 331 161
93 328 145
103 331 134
112 330 118
123 341 60
134 340 7
130 342 -22
125 339 -56
106 341 -78
85 344 -99
73 343 -105
66 345 -114
58 340 -134
25 341 -153
-7 353 -138
-27 362 -126
-54 374 -103
-93 379 -88
-122 376 -100
-142 369 -104
-159 362 -106
-173 356 -112
-197 344 -120
-210 345 -112
-225 342 -100
-229 349 -81
-229 355 -72
-234 360 -54
-222 362 -49
-214 373 -14
-196 379 13
-187 385 29
-189 384 43
-180 380 65
-162 384 104
-129 384 121
-92 396 107
-68 402 89
-41 405 92
-21 400 117
5 385 139
31 376 144
63 366 141
82 360 136
97 360 120
115 361 87
138 356 40
140 352 -20
122 348 -77
105 350 -106
95 348 -107
82 352 -109
71 353 -117
60 351 -119
57 356 -126
53 359 -122
45 352 -137
13 353 -146
0 364 -136
-31 382 -117
-55 381 -104
-62 385 -89
-93 390 -76
-112 394 -68
-146 382 -81
-155 374 -81
-165 370 -94
-165 361 -116
-170 353 -131
-179 367 -102
-193 375 -59
-197 383 -16
-188 386 2
-172 390 23
-151 390 37
-146 393 41
-137 391 74
-109 391 110
-69 396 96
-40 398 100
-26 395 112
-1 391 125
6 389 130
7 384 140
2 390 139
7 386 139
28 386 132
49 384 126
84 387 37
102 381 9
103 381 -32
91 375 -67
76 372 -92
50 374 -113
44 370 -129
30 369 -136
29 368 -137
22 367 -135
8 384 -118
-13 389 -111
-20 391 -111
-34 397 -112
-60 397 -109
-89 401 -106
-108 392 -116
-135 388 -127
-152 385 -123
-158 390 -114
-160 387 -109
-168 398 -95
-173 404 -74
-184 405 -50
-186 410 -12
-173 417 30
-166 414 44
-165 416 57
-171 412 73
-151 415 92
-120 424 99
-82 429 109
-43 428 117
-20 428 131
-12 422 145
15 419 148
41 415 144
58 412 135
76 408 128
75 413 117
81 412 110
54 435 47
59 436 6
53 431 -55
20 421 -108
-6 421 -112
-8 424 -108
-4 420 -111
-10 419 -114
-3 414 -135
-7 410 -141
-18 416 -134
-17 415 -139
-40 410 -150
-91 397 -163
-123 387 -169
-141 389 -163
-153 388 -155
-153 396 -141
-186 394 -120
-198 396 -104
-188 412 -79
-171 413 -76
-163 419 -71
-152 421 -52
-152 424 -32
-147 424 -19
-154 421 17
-158 418 57
-139 417 98
-109 420 101
-92 421 109
-55 423 125
-28 421 121
4 420 119
36 415 131
53 409 133
72 398 143
80 387 139
84 403 92
93 410 33
83 408 -36
60 405 -76
50 398 -106
31 391 -132
18 389 -137
11 391 -140
12 396 -130
13 399 -130
6 401 -126
-1 404 -122
-14 409 -114
-23 410 -107
-41 400 -126
-42 386 -122
-66 379 -133
-105 368 -135
-123 364 -139
-128 365 -134
-144 364 -128
-150 364 -131
-169 356 -134
-167 364 -123
-170 373 -108
-181 373 -78
-182 387 -46
-174 385 -33
-169 391 -15
-169 387 -6
-164 391 11
-157 394 37
-136 404 63
-107 414 63
-71 422 79
-37 424 95
31 411 112
63 402 123
92 395 122
111 392 110
117 392 97
115 389 102
120 398 57
106 403 26
98 405 -7
84 399 -67
70 398 -81
70 398 -86
66 393 -102
64 387 -113
60 387 -113
61 387 -104
50 388 -110
41 394 -103
23 392 -110
-4 373 -126
-40 363 -143
-69 361 -151
-105 354 -151
-127 353 -146
-155 351 -142
-178 339 -141
-206 333 -132
-213 345 -95
-209 362 -71
-189 370 -57
-172 376 -46
-161 381 -42
-158 382 -27
-154 385 -15
-152 385 4
-151 383 8
-151 380 21
-141 383 47
-113 388 51
-79 392 61
-57 393 72
-28 395 66
-7 391 81
15 385 99
27 383 108
41 377 121
66 368 128
76 362 132
63 357 143
66 366 117
41 387 67
36 395 11
34 389 0
42 382 -20
42 380 -51
44 370 -63
54 372 -62
67 364 -76
79 363 -87
62 364 -97
59 357 -103
62 360 -102
61 357 -104
62 358 -109
55 358 -113
54 355 -115
51 355 -120
50 353 -116
53 355 -122
45 363 -112
27 370 -104
-11 379 -102
-41 385 -111
-73 378 -122
-103 372 -125
-123 370 -122
-138 364 -116
-135 371 -119
-139 372 -109
-149 369 -109
-155 365 -106
-160 365 -102
-161 370 -96
-166 368 -100
-163 374 -100
-152 388 -86
-159 396 -80
-162 399 -69
-159 402 -60
-155 405 -56
-157 405 -35
-158 401 -36
-164 401 -28
-184 389 -35
-218 371 -32
-225 366 -26
-209 376 0
-175 390 22
-161 394 52
-144 390 82
-108 386 106
-83 372 107
-68 369 118
-37 363 130
-1 352 148
34 350 136
47 357 111
52 361 89
51 358 94
57 359 63
66 359 58
84 354 47
91 349 30
104 345 12
108 340 -24
88 341 -64
69 337 -93
48 333 -115
44 332 -122
34 332 -124
24 337 -127
8 342 -121
-15 345 -118
-47 357 -100
-74 364 -86
-86 367 -90
-109 364 -97
-120 363 -97
-114 364 -102
-121 368 -102
-142 356 -113
-152 363 -94
-157 361 -82
-163 368 -63
-167 366 -40
-158 374 -11
-154 379 16
-145 381 24
-131 386 31
-117 386 51
-90 395 63
-79 392 86
-68 387 113
-30 385 135
8 379 145
35 374 145
53 371 145
62 368 140
67 375 129
66 382 117
68 384 101
85 382 68
107 382 39
124 365 6
124 362 -22
109 362 -54
86 360 -75
64 365 -87
51 368 -90
50 373 -80
50 376 -73
29 383 -66
-2 385 -64
-47 397 -49
-83 401 -45
-126 401 -58
-150 398 -66
-164 389 -73
-165 391 -76
-161 391 -83
-162 389 -92
-154 395 -72
-155 395 -66
-157 394 -64
-157 398 -43
-155 398 -30
-139 399 -10
-149 400 17
-145 401 32
-157 401 10
-168 396 -24
-166 388 -62
-170 382 -89
-176 372 -101
-177 371 -103
-159 363 -138
-144 351 -165
-134 334 -189
-110 328 -197
-90 329 -199
-64 337 -189
-52 346 -182
-39 357 -163
-26 363 -143
-21 368 -140
-14 382 -109
11 395 -71
10 407 -13
45 399 -2
86 391 19
113 379 55
126 362 98
126 351 131
123 346 144
121 347 151
119 343 161
104 340 172
80 355 170
34 374 166
12 382 156
-53 392 151
-91 389 146
-113 391 120
-119 396 102
-124 391 101
-128 395 82
-130 400 70
-140 401 48
-156 395 43
-178 391 25
-200 384 0
-205 384 -38
-196 381 -70
-187 379 -89
-175 381 -102
-161 386 -104
-156 389 -106
-153 382 -119
-163 371 -137
-145 376 -133
-106 388 -124
-90 391 -108
-87 390 -103
-53 399 -87
-18 397 -69
7 389 -87
39 372 -110
69 373 -96
100 371 -58
114 374 7
106 379 49
99 369 96
94 361 128
77 360 147
72 363 151
75 366 147
78 357 157
80 350 171
56 351 180
27 359 183
3 360 177
-24 362 175
-58 368 161
-101 375 132
-126 384 110
-150 380 88
-170 377 83
-192 370 78
-214 366 63
-223 364 43
-246 357 -3
-248 355 -34
-248 351 -55
-241 351 -73
-238 343 -98
-239 337 -121
-234 337 -126
-230 337 -127
-215 350 -121
-199 356 -135
-186 359 -135
-184 357 -139
-160 372 -130
-89 398 -110
-42 408 -84
-3 409 -56
7 411 -44
13 418 -23
30 417 -3
41 411 -45
75 404 -46
93 399 -17
91 412 -11
106 403 32
111 401 70
111 396 97
112 396 106
123 396 101
121 398 111
121 392 119
94 406 134
33 422 124
-19 421 117
-62 417 116
-111 406 115
-116 396 126
-120 388 132
-129 386 128
-140 381 119
-155 376 103
-158 379 82
-166 384 58
-167 389 29
-173 392 -8
-166 387 -45
-164 383 -63
-154 380 -78
-162 378 -81
-166 372 -96
-166 368 -109
-160 372 -98
-123 384 -84
-67 395 -70
-16 390 -64
3 387 -69
21 382 -74
43 372 -75
62 363 -90
73 363 -84
76 366 -69
86 367 -51
98 362 -30
113 362 22
132 352 47
136 349 76
130 347 99
128 347 106
123 349 117
119 345 130
101 351 138
46 376 144
-15 386 145
-53 387 143
-120 383 128
-146 381 117
-148 384 87
-156 384 84
-166 384 72
-181 380 63
-212 371 38
-239 360 6
-261 347 -22
-270 335 -47
-266 326 -77
-257 324 -92
-247 327 -114
-246 329 -118
-242 328 -119
-256 314 -126
-237 317 -143
-179 333 -164
-111 344 -172
-74 350 -169
-26 354 -166
23 353 -152
49 355 -138
68 358 -122
70 360 -115
77 372 -73
77 381 -36
94 380 -9
111 373 41
113 374 66
106 380 79
100 375 90
99 376 94
98 379 98
101 378 92
110 376 106
88 381 117
58 390 126
26 398 117
-2 408 99
-49 414 73
-68 415 60
-88 416 52
-109 416 47
-127 409 58
-147 403 60
-150 403 46
-154 405 20
-165 398 14
-170 395 10
-175 395 17
-183 394 3
-186 393 -19
-187 395 -28
-192 394 -34
-201 391 -50
-202 390 -54
-208 381 -73
-211 375 -85
-210 373 -80
-213 374 -87
-209 371 -88
-193 373 -95
-163 381 -96
-131 386 -109
-86 388 -111
-69 390 -101
-28 395 -71
-9 399 -54
9 397 -40
27 397 -39
34 393 -39
36 389 -53
42 388 -73
47 387 -66
68 389 -47
92 384 -6
120 374 38
140 351 81
143 342 100
139 337 113
138 336 119
124 340 127
117 344 128
107 350 132
70 362 144
45 370 153
19 376 157
-17 391 146
-40 401 125
-70 406 102
-98 403 103
-122 400 83
-136 403 77
-145 398 82
-165 391 79
-181 391 77
-201 384 34
-212 381 -10
-214 379 -23
-212 380 -39
-208 375 -45
-200 374 -61
-197 371 -77
-187 364 -89
-150 374 -106
-107 378 -114
-68 383 -108
-32 383 -100
-9 374 -104
-2 376 -98
4 378 -110
19 376 -118
43 375 -106
37 387 -78
36 399 -38
45 397 -18
73 391 34
98 377 91
113 364 109
125 364 110
122 365 117
113 361 131
47 387 141
-25 408 130
-73 414 101
-112 409 93
-126 401 91
-121 400 112
-132 404 106
-155 392 118
-169 386 93
-198 383 41
-220 380 -4
-222 378 -24
-217 382 -35
-211 381 -55
-212 377 -75
-208 375 -84
-195 379 -93
-156 389 -101
-86 402 -92
-34 409 -91
-3 402 -91
17 395 -100
39 389 -102
57 373 -112
68 367 -112
84 367 -97
97 377 -56
117 375 -14
130 369 24
132 370 46
128 375 66
123 371 82
113 373 101
76 391 105
14 405 113
-34 419 87
-77 415 95
-124 413 83
-158 410 77
-183 400 68
-189 401 50
-201 401 31
-212 397 -42
-204 390 -78
-201 391 -86
-193 386 -110
-183 382 -124
-180 386 -130
-192 379 -134
-174 388 -135
-86 402 -139
-44 410 -119
-22 418 -100
-2 420 -84
16 417 -81
21 408 -95
49 401 -105
78 386 -101
91 399 -64
110 407 17
115 403 60
111 411 73
101 412 95
100 417 103
97 418 121
76 422 145
-3 430 161
-61 432 159
-92 431 151
-111 438 125
-108 444 106
-100 446 92
-100 443 93
-125 436 104
-157 424 103
-162 429 85
-158 435 54
-152 442 40
-171 445 28
-184 438 -8
-177 438 -32
-180 431 -48
-184 431 -54
-151 433 -74
-104 435 -73
-47 426 -70
18 413 -71
37 389 -79
50 372 -87
51 355 -114
50 344 -137
69 349 -120
79 355 -89
93 365 -51
110 367 2
117 363 53
122 355 69
129 352 79
128 350 93
113 355 115
49 374 131
-24 386 127
-74 384 127
-94 386 111
-106 391 90
-107 390 92
-98 393 106
-95 396 93
-100 400 77
-100 407 57
-97 409 54
-78 405 83
-51 403 81
-45 404 56
-40 399 65
-37 395 69
-32 396 63
-34 393 87
-29 390 83
-25 399 42
-1 398 36
28 393 -9
48 379 -47
51 373 -68
62 370 -55
74 359 -77
83 348 -98
76 347 -106
43 348 -120
-2 360 -117
-55 367 -108
-108 368 -89
-133 368 -74
-150 369 -48
-146 368 -33
-159 368 -16
-176 364 -7
-152 374 36
-153 371 87
-145 367 121
-162 369 115
-156 376 118
-143 377 117
-157 367 125
-206 359 102
-220 364 61
-222 362 57
-222 361 50
-220 365 47
-214 368 46
-212 368 44
-207 373 41
-207 370 40
-206 369 35
-205 370 42
-200 366 34
-199 372 42
-197 371 36
-195 371 33
-199 371 36
-199 371 31
-199 370 32
-195 368 30
-197 369 29
-197 368 35
-197 369 35
-194 371 34
-195 371 29
-190 372 25
-193 372 25
-193 371 29
-198 368 41
-199 366 45
-197 370 42
-195 372 35
-186 372 41
-189 371 43
-184 370 35
-185 374 41
-172 371 60
-152 376 77
-130 377 84
-89 381 80
-42 384 69
28 380 46
45 376 12
64 371 26
71 367 39
88 361 33
100 353 11
114 352 -9
119 349 -17
133 344 -27
145 331 -48
149 329 -53
147 330 -64
149 332 -71
135 338 -87
104 325 -152
70 321 -174
42 302 -205
-17 287 -231
-90 280 -235
-127 288 -227
-140 300 -207
-168 309 -182
-194 306 -175
-206 319 -158
-190 341 -134
-180 343 -132
-184 344 -125
-185 346 -121
-184 343 -115
-190 347 -119
-192 343 -111
-193 341 -114
-192 339 -116
-195 337 -115
-193 341 -114
-195 341 -110
-200 340 -107
-204 342 -102
-206 345 -91
-210 351 -74
-210 354 -67
-208 353 -78
-202 357 -69
-201 352 -90
-197 354 -93
-199 356 -95
-203 352 -96
-209 356 -83
-208 358 -65
-212 359 -65
-210 360 -60
-210 361 -40
-208 365 -1
-180 371 47
-161 373 59
-157 369 71
-144 369 93
-106 371 123
-69 369 156
-28 360 185
17 352 198
46 348 194
82 344 178
110 335 172
123 333 165
134 325 155
143 320 144
162 335 84
164 339 37
157 335 -20
125 336 -64
112 336 -78
103 340 -84
95 334 -101
67 338 -130
33 344 -139
-2 343 -158
-50 336 -177
-92 331 -184
-121 335 -177
-150 331 -171
-173 322 -165
-191 342 -134
-216 342 -107
-213 358 -59
-193 366 -28
-175 374 -6
-158 381 22
-140 382 59
-128 388 75
-103 387 114
-74 383 146
-37 372 171
-1 370 177
31 360 176
54 354 177
71 376 105
87 381 68
81 377 9
63 378 -45
54 372 -75
46 365 -91
47 361 -103
24 358 -116
1 361 -120
-29 366 -128
-68 362 -150
-110 354 -156
-131 348 -150
-129 356 -135
-140 351 -141
-169 345 -135
-182 350 -128
-187 355 -109
-188 371 -70
-194 366 -53
-201 366 -32
-196 366 -16
-198 365 7
-189 362 53
-170 363 103
-126 376 111
-96 387 106
-56 388 109
-12 387 136
28 379 148
27 371 159
29 368 170
37 361 182
68 348 185
104 347 151
129 355 92
130 367 14
99 368 -53
71 364 -86
60 359 -105
67 356 -104
59 357 -111
40 347 -143
40 349 -142
15 360 -141
-11 357 -151
-31 356 -161
-71 353 -165
-104 353 -163
-125 352 -159
-134 351 -161
-154 364 -134
-150 378 -117
-154 385 -95
-167 387 -70
-174 388 -31
-194 387 25
-214 368 62
-218 360 77
-211 359 82
-186 371 111
-145 375 127
-129 380 144
-114 382 160
-91 391 165
-76 394 177
-46 387 194
-29 386 201
-3 383 199
12 378 200
40 370 200
74 361 188
95 352 185
102 364 153
130 371 92
144 375 36
148 368 -21
128 364 -75
87 369 -104
58 375 -123
37 380 -127
34 381 -125
26 389 -117
12 392 -107
-4 396 -96
-29 397 -103
-59 388 -124
-105 377 -145
-136 357 -153
-128 351 -165
-116 349 -177
-128 343 -180
-153 347 -168
-187 365 -135
-200 372 -104
-210 381 -58
-194 388 -16
-201 384 14
-195 384 36
-192 382 44
-182 379 72
-159 383 101
-139 395 111
-115 394 129
-90 395 152
-59 392 170
-25 384 179
-12 388 174
17 379 183
29 378 173
9 407 110
17 411 82
35 405 72
70 394 64
106 379 31
95 380 -17
81 371 -66
64 372 -74
65 370 -82
60 387 -65
56 401 -14
53 410 -46
19 405 -106
-26 400 -137
-71 393 -148
-86 396 -142
-92 388 -153
-129 387 -161
-173 384 -153
-209 393 -110
-215 408 -73
-203 413 -41
-179 425 -24
-161 428 -5
-149 423 10
-142 416 29
-135 415 33
-130 420 33
-121 423 80
-100 414 115
-61 412 140
-31 401 160
9 391 169
31 387 159
41 387 160
60 388 138
80 381 125
92 386 109
97 395 75
89 400 35
86 401 9
63 399 -21
46 399 -46
34 399 -52
33 400 -43
39 401 -40
32 403 -45
39 403 -34
71 399 8
82 391 71
75 391 95
69 389 99
78 385 109
75 380 118
73 370 136
76 364 153
72 360 163
72 359 165
55 363 167
15 366 181
-28 378 188
-81 384 179
-113 400 156
-132 401 141
-159 407 126
-193 400 98
-230 395 57
-239 390 13
-229 391 -15
-230 383 -56
-207 379 -73
-191 385 -64
-177 384 -62
-180 382 -66
-175 376 -82
-166 378 -91
-166 371 -110
-167 361 -132
-161 361 -135
-147 366 -136
-132 371 -138
-107 372 -140
-77 370 -143
-46 370 -151
-7 370 -140
28 378 -106
33 381 -90
42 380 -78
44 380 -74
65 375 -70
70 376 -69
93 373 -56
111 368 -21
118 368 -8
133 367 27
147 355 52
152 350 68
150 350 95
142 352 101
142 342 112
129 342 130
110 350 137
86 354 149
70 351 159
54 357 166
44 363 154
19 366 153
-11 375 141
-46 378 125
-84 382 102
-114 381 86
-128 379 73
-135 381 69
-138 377 64
-136 376 66
-137 379 68
-133 383 69
-138 380 62
-139 381 66
-137 379 60
-129 382 58
-125 381 52
-129 381 57
-137 379 64
-146 376 73
-163 366 97
-174 363 99
-189 372 56
-195 374 23
-201 375 -9
-202 371 -42
-199 368 -64
-188 363 -94
-182 360 -99
-177 357 -117
-168 358 -125
-128 368 -131
-101 375 -129
-57 382 -109
-12 377 -99
28 368 -98
60 357 -98
85 349 -93
102 346 -91
123 337 -72
135 341 -34
144 348 -3
148 347 41
133 350 98
108 344 144
95 340 161
94 335 164
76 338 175
30 354 186
-38 371 185
-74 377 166
-105 377 153
-140 381 123
-162 379 101
-186 377 91
-219 367 85
-240 365 85
-234 378 69
-223 387 71
-239 380 51
-258 363 -5
-265 338 -70
-241 333 -119
-225 341 -122
-206 350 -123
-201 356 -118
-199 352 -125
-190 354 -139
-162 352 -153
-118 360 -158
-77 367 -155
-52 363 -152
-13 358 -141
10 360 -135
29 357 -130
42 354 -121
66 357 -99
72 364 -86
94 367 -52
96 371 -5
99 367 66
95 365 84
76 371 101
63 375 104
62 373 112
64 368 126
55 368 149
9 357 184
-44 354 199
-78 369 170
-93 385 141
-109 387 112
-132 387 86
-143 383 80
-159 383 75
-172 373 85
-186 373 88
-192 379 31
-189 376 -59
-169 376 -106
-151 372 -131
-142 358 -148
-125 355 -153
-124 355 -143
-146 350 -142
-146 361 -129
-122 370 -122
-56 371 -122
12 365 -126
54 363 -99
82 363 -77
99 354 -72
116 354 -46
141 347 15
165 337 64
167 333 95
149 334 141
130 328 163
109 338 162
91 341 171
38 359 178
24 360 175
8 366 170
4 371 174
10 368 176
10 366 177
5 362 185
-3 362 184
-14 364 186
-27 367 184
-52 362 187
-78 364 180
-95 368 166
-110 373 143
-123 372 133
-144 368 124
-182 356 123
-205 355 107
-227 359 65
-227 368 22
-222 366 -28
-219 352 -77
-209 347 -97
-199 343 -111
-207 343 -117
-195 341 -135
-176 346 -136
-147 354 -140
-113 357 -155
-62 355 -147
-20 362 -140
9 362 -130
33 363 -113
32 366 -106
40 361 -115
61 349 -127
101 334 -134
122 327 -131
127 333 -115
134 346 -69
140 354 -31
132 363 5
119 373 20
107 374 42
109 376 63
99 372 94
102 370 107
83 370 125
39 384 135
2 391 145
-44 397 128
-93 394 121
-125 388 110
-147 378 111
-158 375 112
-183 367 109
-203 366 91
-218 366 64
-226 367 33
-222 369 18
-233 367 -7
-252 350 -32
-251 352 -47
-275 332 -50
-269 336 -62
-254 343 -80
-226 351 -97
-197 358 -110
-176 363 -111
-134 369 -119
-80 377 -112
-36 380 -105
-4 387 -90
4 384 -102
18 379 -103
31 380 -94
60 377 -76
87 377 -66
115 375 -34
134 375 17
146 369 74
143 361 117
132 363 128
126 366 122
117 369 129
108 370 147
87 373 167
62 373 189
-11 385 203
-61 390 179
-82 395 170
-96 401 154
-102 400 153
-109 404 145
-107 407 144
-104 416 139
-97 425 120
-108 436 89
-118 439 53
-135 437 39
-150 436 14
-164 428 -30
-185 413 -61
-191 403 -72
-190 403 -91
-190 396 -104
-183 387 -119
-187 380 -131
-149 392 -136
-94 393 -154
-68 399 -149
-51 403 -136
-28 405 -125
-17 404 -120
-12 404 -127
1 402 -124
28 398 -122
64 392 -108
108 384 -95
140 387 -48
154 386 11
156 385 64
153 383 97
133 385 126
126 380 137
97 383 158
81 388 166
49 383 189
-2 388 200
-69 396 200
-109 398 180
-122 397 175
-132 394 177
-145 395 169
-162 398 158
-172 398 144
-177 413 113
-177 424 95
-175 434 47
-184 434 -10
-199 421 -56
-197 418 -78
-186 411 -99
-177 404 -113
-161 399 -128
-160 389 -146
-163 377 -163
-132 387 -159
-68 406 -141
-39 415 -108
-4 416 -90
14 412 -80
33 412 -69
44 409 -66
55 396 -82
70 386 -77
91 389 -37
116 381 14
132 366 71
135 362 93
130 357 98
129 356 87
129 356 94
138 352 94
119 358 103
108 357 111
94 359 121
98 356 128
103 355 139
114 349 137
119 350 143
129 358 139
131 370 140
130 379 145
129 387 144
136 392 150
137 401 154
136 399 154
130 400 155
126 398 155
125 400 158
122 402 158
123 399 159
121 402 160
124 403 159
120 412 161
121 414 158
125 420 159
124 427 166
127 432 165
130 441 168
134 447 167
130 445 168
127 441 166
127 437 163
129 439 166
131 442 163
130 444 163
129 441 165
128 438 165
