-267 322 303
-301 257 328
-389 261 239
-423 305 90
-374 350 -62
-393 344 -18
-355 365 -76
-307 365 -140
-249 387 -181
-173 390 -222
-105 392 -239
-30 421 -215
36 450 -151
71 441 -160
87 451 -139
111 477 -46
95 491 72
31 479 173
23 451 213
-8 428 244
-55 434 241
-122 425 247
-169 404 255
-207 396 249
-324 385 161
-338 412 18
-309 417 -78
-286 395 -147
-269 373 -188
-217 421 -157
-125 451 -168
-24 468 -155
15 476 -126
58 508 17
39 510 127
3 481 207
-22 418 284
-67 410 285
-139 395 289
-179 377 301
-240 323 318
-264 316 305
-383 288 242
-379 383 47
-316 421 -80
-255 453 -87
-222 408 -185
-165 418 -192
-76 427 -201
-4 436 -189
108 472 -43
169 448 50
175 451 35
146 457 77
78 462 166
0 462 204
-19 455 207
-49 448 221
-84 415 260
-127 387 296
-159 392 278
-186 381 279
-258 333 292
-397 220 271
-454 249 155
-445 308 52
-388 359 -76
-332 379 -119
-297 371 -170
-255 374 -191
-210 379 -214
-183 397 -207
-150 420 -196
-98 461 -140
-63 459 -155
-5 438 -186
75 450 -149
105 460 -95
127 476 -6
135 468 104
84 450 202
6 418 269
-45 395 291
-97 379 295
-115 393 279
-155 404 261
-190 419 225
-212 434 188
-242 429 170
-289 408 153
-351 374 114
-369 369 80
-356 378 -5
-328 387 -55
-308 386 -102
-288 391 -117
-255 413 -114
-212 429 -131
-150 434 -172
-90 429 -192
-30 428 -197
-22 435 -186
-115 436 -177
-200 428 -144
-241 421 -116
-241 430 -92
-239 447 -51
-259 445 43
-226 441 140
-185 445 168
-141 462 145
-128 478 98
-100 465 145
-49 453 187
10 468 183
41 470 184
115 452 175
176 438 148
167 453 88
173 453 63
192 436 -24
182 422 -69
147 419 -108
104 421 -129
74 415 -146
50 403 -176
47 349 -248
0 343 -266
-64 387 -220
-100 447 -139
-190 463 -20
-218 456 40
-200 463 81
-182 454 126
-133 467 125
-86 455 171
-63 468 139
-29 469 142
-16 470 124
-1 471 132
30 476 120
65 474 111
104 471 113
130 468 109
146 471 55
121 487 34
132 481 14
130 480 18
128 480 3
109 481 -25
97 476 -62
88 469 -92
60 465 -122
21 456 -147
-15 448 -169
-58 446 -163
-90 447 -149
-116 450 -134
-116 448 -137
-114 445 -141
-119 446 -144
-135 454 -143
-148 460 -127
-164 460 -114
-181 460 -112
-192 457 -102
-194 463 -100
-190 462 -94
-187 472 -89
-193 466 -84
-201 461 -84
-212 457 -84
-214 454 -82
-209 455 -76
-201 463 -78
-180 467 -79
-202 463 -88
-229 459 -73
-225 464 -60
-219 468 -59
-224 465 -38
-235 462 -25
-218 471 17
-187 475 56
-153 463 117
-125 456 160
-93 446 181
-70 436 187
-58 439 188
-46 436 192
-42 444 181
-44 455 172
12 475 144
51 484 115
106 479 104
124 481 61
112 488 46
41 506 -37
6 508 -53
12 511 -32
23 512 -25
38 508 -20
47 492 -47
16 475 -112
-66 453 -167
-116 438 -172
-167 440 -154
-160 444 -149
-167 449 -136
-192 453 -127
-223 449 -112
-227 442 -126
-235 451 -91
-236 460 -65
-254 454 -45
-255 465 -21
-248 469 12
-213 477 46
-207 478 33
-174 483 47
-131 489 56
-87 492 60
-60 491 76
-21 490 102
-5 498 83
14 501 86
31 499 92
57 499 94
71 498 96
13 256 86
-21 516 61
-29 517 46
-30 516 34
-30 515 28
-44 513 8
-51 506 -6
-64 501 -33
-44 481 -100
-36 468 -117
-64 469 -86
-79 467 -79
-96 462 -90
-110 460 -85
-116 458 -76
-136 458 -75
-179 453 -49
-201 452 -50
-221 449 -51
-189 464 -35
-172 471 -29
-165 472 -23
-169 476 -13
-164 478 28
-161 479 55
-151 478 76
-135 479 95
-100 469 143
-66 474 136
-18 471 128
28 465 114
57 465 91
73 461 71
81 457 77
82 451 96
60 457 108
54 453 119
60 456 118
68 462 104
75 470 85
66 471 62
73 474 52
79 473 48
90 469 39
84 472 33
85 470 19
89 461 -20
96 461 -36
80 466 -33
74 468 -13
86 467 -4
95 466 8
102 462 14
110 460 6
119 456 -10
103 457 -59
33 462 -103
15 459 -112
-42 460 -105
-79 455 -110
-88 451 -108
-99 446 -114
-132 438 -122
-175 431 -107
-236 411 -101
-278 409 -40
-290 406 47
-311 390 91
-324 368 128
-330 336 180
-324 293 248
-298 164 359
-244 -5 438
-186 -139 453
-115 -191 465
-50 -239 464
10 -285 454
76 -320 440
87 -247 453
120 -198 453
168 -131 440
190 -60 426
191 -21 415
167 -2 422
168 26 416
145 40 419
121 56 425
94 81 428
65 109 437
29 131 443
3 129 450
-4 140 446
-2 165 438
4 143 448
-14 113 451
-36 98 455
-53 113 450
-71 117 449
-81 150 434
-101 192 412
-111 127 433
-120 97 438
-140 75 438
-181 66 426
-211 64 420
-218 65 419
-235 43 419
-236 12 427
-238 -11 429
-242 -18 428
-250 -54 421
-243 -80 417
-238 -130 413
-225 -159 412
-228 -161 409
-221 -179 412
-210 -205 415
-196 -231 416
-172 -271 419
-144 -273 427
-118 -279 438
-91 -293 439
-80 -298 443
-61 -302 443
-42 -313 440
-37 -330 435
-49 -336 438
-51 -276 455
-26 -256 458
29 -246 455
66 -249 444
81 -247 437
97 -247 433
118 -272 424
132 -250 433
167 -221 432
176 -176 439
157 -132 451
168 -91 445
188 -47 437
165 -21 444
180 44 423
182 51 418
155 65 424
117 77 430
72 124 429
48 156 424
27 173 423
-6 157 433
-30 135 442
-63 95 453
-112 120 438
-101 201 405
-145 153 412
-200 133 401
-223 87 405
-234 38 409
-246 16 410
-234 -12 421
-237 -50 431
-215 -85 441
-177 -111 452
-158 -128 463
-117 -137 470
-92 -140 471
-90 -147 471
-96 -154 475
-97 -195 472
-129 -226 458
-127 -243 456
-107 -302 439
-168 -294 431
-164 -259 441
-122 -284 440
-62 -287 443
-20 -274 441
20 -289 439
53 -279 433
67 -300 425
86 -309 416
117 -292 416
165 -262 413
191 -216 412
196 -164 421
150 -130 447
136 -59 454
86 -61 473
71 -30 467
15 -21 473
-9 5 469
-20 33 457
-55 85 439
-106 147 414
-163 171 393
-210 171 377
-206 179 371
-218 173 376
-271 152 370
-288 107 380
-286 44 404
-241 7 431
-181 -14 450
-174 -14 450
-158 -59 453
-121 -13 457
-104 -53 457
-100 -110 459
-86 -158 459
-58 -210 467
-28 -268 460
-22 -293 452
-8 -309 441
34 -216 462
60 -186 462
100 -227 444
132 -243 428
147 -252 419
172 -257 418
139 -249 433
107 -253 450
103 -223 461
103 -132 464
135 -86 456
136 -64 448
117 -2 442
103 63 432
91 80 437
47 117 453
12 112 463
16 90 471
20 74 473
14 72 476
10 70 474
9 70 473
9 74 471
-2 81 472
-17 98 469
-26 103 465
-12 102 465
-10 98 462
10 92 461
-16 43 469
-110 122 444
-91 157 428
-164 175 403
-233 134 395
-246 73 407
-240 54 418
-240 44 416
-243 -7 430
-255 -77 435
-263 -104 437
-269 -118 427
-277 -143 426
-267 -149 431
-251 -190 432
-242 -214 431
-260 -245 413
-252 -225 425
-225 -244 430
-179 -264 434
-150 -285 433
-123 -278 436
-96 -286 439
-54 -258 449
-25 -229 463
9 -241 460
11 -247 462
0 -232 469
-12 -255 465
26 -258 464
65 -252 451
76 -237 453
96 -204 453
101 -200 450
115 -178 449
135 -155 445
118 -135 458
146 -154 448
164 -150 451
167 -130 451
174 -84 454
148 -34 459
145 11 455
119 55 450
123 45 448
83 67 451
63 92 450
40 108 443
35 115 441
30 102 444
13 98 450
14 87 455
4 74 456
-109 7 460
-172 39 444
-161 21 446
-180 78 429
-206 66 421
-232 32 415
-245 18 415
-247 10 412
-237 -32 429
-242 -76 432
-249 -118 432
-245 -135 440
-236 -141 443
-211 -142 451
-197 -141 450
-176 -164 454
-179 -200 450
-193 -246 433
-215 -290 412
-192 -320 407
-172 -343 404
-137 -327 418
-106 -316 428
-41 -279 444
6 -250 457
9 -261 456
8 -242 459
24 -267 452
65 -305 432
102 -306 416
103 -288 418
85 -280 427
60 -248 449
86 -195 463
115 -149 461
125 -107 463
119 -87 462
140 -98 454
121 -82 454
82 -23 460
58 30 453
46 68 444
27 71 447
22 84 446
29 100 441
28 131 435
24 150 430
29 133 434
13 134 437
8 97 446
-20 144 427
-44 134 431
-77 130 431
-93 122 427
-93 123 426
-93 125 427
-91 134 421
-88 136 422
-88 139 421
-91 141 420
-93 147 415
-95 153 416
-101 152 420
-103 150 417
-103 151 419
-106 148 419
-113 142 420
-118 131 423
-128 122 429
-122 112 432
-131 115 431
-123 105 433
-142 107 434
-145 112 426
-152 112 428
-155 111 428
-156 110 431
-153 110 427
-149 109 427
-162 106 425
-169 106 421
-167 106 426
-170 102 424
-170 102 426
-166 104 424
-167 103 428
-163 105 429
-161 103 429
-162 104 430
-160 101 429
-163 101 429
-164 98 424
-163 100 429
-161 103 425
-159 100 430
-159 101 432
-162 103 428
-159 100 430
-159 101 428
-158 102 427
-159 101 425
-157 100 431
-155 100 433
-155 100 431
-156 100 435
-156 103 430
-157 101 430
-154 104 427
-154 103 426
-153 102 425
-153 104 428
-151 101 431
-151 103 430
-151 100 431
-152 102 430
-153 101 433
-149 100 431
-146 103 428
-151 104 429
-149 105 424
-148 102 429
-146 102 427
-150 105 433
-149 103 428
-148 104 431
-149 106 432
-147 105 433
-146 104 424
-147 105 429
-148 104 428
-150 103 429
-149 105 429
-148 103 428
-147 102 430
-146 102 432
-145 101 430
-145 101 430
-145 99 427
-150 102 430
-147 101 424
-147 102 429
-144 101 427
-148 102 432
-149 100 428
-152 104 430
-152 101 428
-154 99 428
-151 100 430
-151 102 427
-152 100 425
-153 104 423
-150 103 430
-153 104 428
-150 102 428
-151 101 429
-152 103 427
-152 103 432
-150 105 429
-149 106 429
-147 105 424
-150 103 427
-153 104 427
-147 102 430
-150 105 427
-149 104 429
-149 104 430
-142 103 430
-144 101 428
-148 103 423
-144 102 427
-141 103 429
-143 102 429
-143 104 431
-143 105 428
-147 105 430
-144 104 432
-146 107 431
-144 106 427
-144 107 425
-145 109 428
-145 105 427
-148 106 430
-144 109 425
-146 105 425
-146 103 432
-143 107 428
-142 105 430
-144 107 424
-141 105 425
-143 106 424
-145 105 425
-144 107 428
-144 108 428
-143 105 430
-140 105 430
-141 106 430
-143 106 431
-139 108 427
-143 107 427
-143 107 426
-144 108 428
-147 107 425
-145 108 427
-147 106 430
-146 106 429
-146 107 429
-143 109 426
-143 104 422
-144 107 424
-145 107 425
-146 107 425
-145 109 427
-145 110 427
-148 108 429
-148 108 428
-145 105 426
-145 107 429
-133 100 430
-139 101 430
-134 94 431
-131 89 429
-133 86 432
-140 82 437
-133 75 438
-139 77 435
-152 77 439
-150 74 440
-110 80 440
-84 85 440
-84 35 448
-67 -27 458
-96 -58 461
-135 -78 462
-169 -83 462
-204 -61 453
-203 -61 453
-203 -62 456
-200 -63 453
-198 -66 456
-187 -65 458
-185 -61 456
-188 -56 457
-184 -55 456
-184 -55 458
-181 -54 460
-180 -58 459
-180 -56 460
-178 -54 455
-177 -53 451
-177 -50 458
-178 -51 457
-180 -52 455
-179 -54 458
-175 -52 457
-177 -51 461
-176 -48 459
-172 -52 457
-168 -49 456
-163 -48 457
-164 -45 460
-169 -41 455
-174 -42 451
-185 -44 444
-198 -52 444
-192 -61 451
-188 -73 455
-179 -85 454
-171 -84 457
-170 -79 457
-169 -83 456
-170 -92 457
-176 -87 453
-171 -77 456
-160 -78 462
-149 -81 464
-141 -100 464
-163 -132 448
-206 -137 429
-185 -139 431
-181 -150 427
-169 -169 424
-168 -195 421
-166 -210 423
-159 -251 417
-133 -241 433
-106 -232 441
-96 -253 444
-79 -256 447
-76 -251 447
-69 -238 445
-95 -230 450
-99 -211 449
-101 -212 452
-108 -199 450
-123 -188 453
-173 -162 443
-170 -161 445
-144 -177 447
-128 -187 441
-153 -172 444
-147 -156 449
-100 -144 458
-126 -95 456
-147 -60 454
-165 -55 454
-171 -48 449
-173 -23 442
-183 17 429
-191 19 431
-170 10 440
-114 66 438
-68 102 437
-115 125 429
-88 111 436
-67 96 447
-38 85 453
-8 68 455
4 61 457
37 58 456
62 33 453
99 27 445
138 54 426
129 60 432
150 39 427
191 45 408
241 29 387
202 -12 415
195 -52 421
188 -94 430
174 -145 437
177 -189 426
194 -198 422
174 -233 428
155 -242 429
148 -273 420
92 -280 440
28 -264 456
-4 -292 444
-26 -328 427
-73 -371 410
-93 -350 420
-81 -363 422
-79 -378 418
-54 -384 413
-59 -371 419
-73 -388 412
-83 -334 438
-88 -281 453
-84 -235 451
-111 -239 443
-151 -252 427
-195 -235 413
-218 -203 415
-206 -176 423
-206 -176 432
-200 -127 440
-188 -139 445
-211 -106 434
-230 -29 428
-245 1 419
-240 10 414
-220 8 420
-193 41 425
-115 112 427
-97 110 429
-81 111 432
-61 94 441
-42 84 444
-21 69 449
3 62 447
33 40 446
69 28 442
91 27 443
111 5 441
97 -18 457
95 14 458
95 -29 462
104 -65 461
118 -116 460
78 -166 464
41 -163 467
24 -166 465
15 -184 470
17 -185 469
19 -178 472
22 -184 468
15 -179 473
6 -178 468
-23 -144 473
-34 -128 472
-36 -150 471
-26 -165 469
-31 -202 465
-61 -246 455
-95 -261 439
-126 -272 426
-140 -256 424
-170 -232 421
-198 -222 412
-226 -213 401
-228 -208 400
-209 -171 416
-171 -152 431
-187 -121 432
-203 -113 433
-222 -121 427
-242 -116 423
-257 -47 416
-251 -8 418
-239 10 419
-194 22 432
-148 71 429
-126 87 432
-136 67 434
-140 19 445
-139 -69 449
-67 -134 451
-55 -128 449
-59 -166 444
-58 -223 432
-26 -262 427
-21 -272 433
-39 -262 447
-62 -253 450
-79 -250 448
-92 -244 449
-74 -258 448
-8 -203 459
75 -106 452
128 -78 430
149 -78 423
172 -104 416
191 -71 418
147 -54 440
69 -34 454
-44 48 453
-84 88 431
-100 92 424
-116 96 419
-129 99 426
-134 87 430
-114 131 418
-168 142 404
-220 61 406
-193 -39 424
-196 -54 427
-222 -84 423
-252 -149 419
-256 -180 423
-233 -205 431
-186 -235 437
-160 -264 432
-205 -263 426
-167 -282 430
-110 -288 432
-72 -299 435
-48 -342 418
-21 -341 427
2 -242 460
33 -210 463
161 -174 426
216 -115 402
228 -88 397
229 -100 396
206 -95 411
197 -92 425
166 -26 435
116 -6 448
11 53 452
-24 67 443
-35 114 434
-26 147 426
-45 153 429
-68 174 415
-119 94 430
-179 -13 434
-210 -103 424
-221 -81 417
-227 -67 424
-248 -106 423
-238 -140 431
-206 -180 439
-156 -222 446
-133 -266 436
-171 -264 431
-149 -292 420
-107 -277 427
-79 -275 429
-71 -302 425
-41 -275 435
-8 -274 434
9 -294 436
27 -307 429
60 -231 445
97 -255 427
142 -252 412
157 -222 412
175 -166 407
164 -114 415
146 -102 424
169 -111 418
191 -108 408
189 -113 414
179 -107 421
174 -82 426
175 -83 426
172 -99 428
167 -92 427
166 -80 427
151 -11 432
128 73 431
45 158 431
-87 354 330
-131 444 220
-120 474 133
-127 490 68
-110 493 20
-105 492 -3
-100 488 -13
-85 492 -22
-91 489 -33
-99 488 -40
-102 487 -37
-101 488 -35
-97 492 -34
-67 493 -5
-32 485 105
70 409 217
251 237 266
411 -90 183
409 -276 84
359 -389 66
314 -442 98
250 -508 96
119 -588 104
11 -621 88
-106 -625 61
-210 -582 121
-229 -576 115
-230 -568 128
-265 -535 159
-315 -492 183
-421 -355 183
-419 -358 185
-416 -363 195
-373 -400 219
-250 -532 201
-117 -607 166
-58 -634 128
-24 -610 180
11 -616 162
30 -616 147
31 -624 133
53 -625 134
119 -615 117
158 -617 65
-61 -667 48
-43 -668 -20
-40 -665 -33
-76 -656 -64
-92 -644 -105
-106 -638 -89
-107 -640 -82
-158 -630 -70
-170 -631 -20
-144 -638 -14
-158 -633 -28
-151 -632 -32
-122 -630 -63
-174 -607 -94
-183 -620 -31
-199 -614 30
-227 -604 53
-216 -609 84
-203 -612 77
-202 -614 75
-205 -612 72
-210 -607 73
-212 -604 70
-219 -604 75
-210 -606 77
-206 -609 80
-198 -610 89
-184 -612 96
-180 -604 124
-157 -603 145
-99 -615 168
-9 -609 200
68 -605 207
157 -602 155
212 -592 101
262 -572 39
319 -513 -37
332 -495 -53
285 -543 -80
205 -590 -114
132 -622 -96
88 -639 -82
-10 -667 -21
-139 -656 27
-144 -651 38
-175 -645 25
-211 -628 -6
-243 -611 -17
-241 -608 -37
-238 -610 29
-277 -584 97
-275 -575 127
-288 -563 110
-290 -554 109
-246 -575 131
-195 -573 183
-182 -558 223
-103 -547 269
-40 -541 289
50 -544 278
112 -542 258
180 -539 220
190 -562 188
166 -604 141
142 -635 75
164 -630 50
180 -606 124
156 -525 264
113 -529 285
65 -621 173
66 -622 164
41 -624 167
-22 -610 206
-148 -563 246
-328 -434 261
-479 -240 207
-529 -56 153
-520 85 134
-471 215 113
-355 385 59
-141 488 52
-38 499 35
46 483 38
88 470 11
72 462 -85
17 456 -128
-49 459 -113
-116 473 -40
-184 448 -39
-225 429 58
-207 437 58
-199 445 68
-174 457 89
-106 463 116
-9 451 160
54 456 131
67 468 64
88 462 -2
38 459 -70
-36 463 -102
-35 474 -69
-16 476 -73
-10 476 -64
6 463 -91
-58 447 -127
-94 457 -83
-102 467 -16
-108 466 -2
-121 465 20
-174 454 2
-242 433 21
-257 432 23
-204 449 45
-215 445 30
-223 414 153
-140 427 189
-71 450 141
-39 464 62
-51 464 68
-25 476 86
76 471 78
90 467 60
129 452 37
136 445 -9
65 457 -48
-34 462 -57
-111 451 -49
-141 448 -30
-137 451 -24
-156 450 -2
-184 450 11
-176 453 42
-160 455 57
-144 458 99
-110 460 121
-77 462 127
-21 462 123
12 466 96
45 455 79
55 443 107
48 444 113
83 442 106
95 453 78
120 447 64
115 452 50
131 443 66
122 444 65
95 457 59
76 462 16
73 458 13
88 454 26
84 453 5
62 455 -30
38 462 -52
12 466 -49
-49 480 -10
-78 477 -13
-130 470 -45
-137 468 -52
-147 469 -52
-152 465 -56
-161 473 -37
-173 475 24
-176 475 45
-167 479 33
-139 488 21
-110 483 -69
-105 475 -103
-107 467 -130
-132 452 -149
-144 426 -196
-157 391 -238
-157 367 -263
-154 349 -281
-149 345 -283
-165 341 -287
-168 337 -286
-175 336 -286
-183 327 -290
-185 327 -288
-185 330 -282
-187 330 -285
-191 340 -278
-191 342 -277
-190 341 -274
-190 342 -278
-191 336 -277
-191 337 -274
-190 338 -274
-192 336 -273
-191 341 -278
-195 340 -273
-194 336 -270
-202 337 -268
-203 347 -263
-205 348 -260
-216 345 -252
-222 351 -247
-233 350 -240
-246 340 -246
-250 324 -255
-254 317 -255
-253 314 -260
-251 308 -270
-256 300 -281
-255 296 -280
-250 292 -279
-220 269 -316
-171 231 -360
-144 193 -383
-141 188 -383
-144 184 -381
-156 206 -370
-153 210 -368
-147 208 -368
-152 229 -362
-155 236 -351
-154 243 -354
-156 237 -355
-151 222 -363
-143 215 -366
-138 224 -365
-161 250 -348
-131 268 -339
-66 297 -330
7 322 -313
109 324 -280
215 296 -242
320 236 -173
345 230 -133
337 246 -127
332 243 -142
300 278 -153
199 354 -178
93 385 -208
60 381 -237
120 355 -248
191 336 -221
243 332 -167
297 299 -133
363 238 -85
408 153 -53
430 98 -29
442 70 -13
447 63 -7
447 36 2
460 -42 28
457 -158 27
450 -198 38
442 -213 72
448 -195 58
455 -124 52
459 -103 43
457 -102 43
456 -118 44
432 -261 58
335 -450 30
255 -520 42
212 -549 47
121 -576 112
36 -602 84
-58 -593 127
-164 -578 124
-204 -586 70
-237 -574 50
-241 -579 17
-227 -585 3
-226 -583 -38
-207 -575 -106
-163 -578 -142
-110 -578 -173
-46 -590 -172
-10 -576 -187
55 -565 -189
115 -584 -123
147 -593 -57
133 -600 23
105 -586 116
39 -582 169
-57 -559 211
-101 -559 197
-122 -569 173
-167 -561 160
-129 -560 195
-38 -621 98
32 -632 -46
-21 -508 -283
-23 -625 -95
-54 -641 -36
-159 -605 -98
-147 -574 -168
-174 -603 -82
-212 -598 -11
-288 -550 -28
-272 -563 3
-272 -565 16
-261 -572 15
-230 -591 50
-290 -538 110
-301 -516 152
-286 -512 176
-234 -539 192
-124 -554 239
-96 -513 297
-91 -537 280
-145 -532 277
-90 -637 121
-22 -656 25
61 -640 -11
119 -624 6
109 -628 -7
46 -640 -45
24 -635 -76
50 -620 -101
65 -604 -146
83 -590 -166
117 -584 -152
108 -600 -126
1 -631 -96
-64 -634 -79
-115 -622 -83
-194 -584 -111
-239 -580 -64
-229 -590 -17
-210 -598 35
-219 -591 73
-253 -564 112
-256 -544 159
-224 -523 222
-117 -511 286
-4 -516 292
15 -520 286
73 -519 285
106 -561 216
132 -588 146
152 -600 79
164 -602 49
223 -572 -7
207 -579 -13
177 -585 -61
152 -590 -85
108 -582 -146
129 -571 -153
117 -556 -186
18 -555 -223
-78 -579 -189
-174 -574 -151
-255 -547 -121
-288 -548 -63
-279 -553 -27
-228 -589 46
-223 -576 103
-224 -574 113
-228 -563 136
-236 -550 161
-188 -500 266
-104 -512 286
-51 -518 296
-23 -587 216
-34 -627 142
-13 -625 138
7 -624 127
26 -626 113
70 -610 127
72 -624 95
74 -632 37
78 -631 -5
25 -630 -58
-7 -622 -107
25 -618 -114
83 -544 -224
39 -515 -269
-63 -576 -196
-124 -630 -4
-130 -630 25
-127 -631 33
-214 -598 12
-236 -582 26
-270 -548 76
-291 -527 115
-266 -518 160
-199 -505 249
-65 -526 268
-32 -498 302
-19 -507 292
26 -519 277
88 -534 243
188 -498 225
221 -549 110
202 -582 40
176 -597 -10
150 -601 -60
155 -592 -81
157 -582 -106
163 -576 -105
130 -596 -72
114 -592 -106
67 -594 -141
-14 -597 -147
-47 -612 -121
-84 -599 -145
-133 -606 -84
-177 -609 0
-249 -569 65
-227 -577 59
-219 -577 84
-223 -561 126
-213 -527 207
-171 -532 240
-167 -551 216
-146 -582 175
-47 -590 186
64 -601 148
109 -606 121
110 -626 19
106 -623 -31
144 -604 -34
170 -589 -28
169 -582 -69
154 -601 -45
90 -621 -43
9 -633 -72
-62 -629 -81
-111 -622 -64
-143 -611 -61
-169 -605 -45
-192 -593 -45
-270 -557 -8
-264 -555 39
-256 -554 66
-269 -544 71
-248 -537 139
-235 -525 193
-187 -511 247
-96 -512 276
25 -512 284
162 -504 239
208 -562 81
179 -589 29
142 -595 89
135 -588 116
143 -592 91
155 -593 36
130 -596 63
112 -612 46
88 -620 21
77 -622 -32
-7 -609 -114
-42 -609 -123
-84 -610 -112
-129 -599 -107
-155 -581 -147
-171 -596 -81
-227 -580 -37
-292 -540 -23
-296 -530 -1
-268 -547 32
-233 -559 86
-231 -543 152
-210 -538 189
-212 -538 193
-168 -545 212
-102 -550 235
22 -539 248
197 -555 126
195 -577 -40
129 -616 -5
109 -617 34
145 -591 74
159 -572 106
156 -544 175
113 -573 149
105 -606 47
43 -625 -29
-6 -613 -108
-48 -590 -160
-82 -552 -213
-134 -520 -235
-187 -536 -191
-234 -553 -116
-263 -550 -77
-285 -537 -38
-292 -531 3
-242 -564 34
-240 -562 65
-262 -547 95
-241 -535 162
-185 -534 218
-159 -533 238
-89 -478 317
71 -382 367
146 -466 283
151 -539 209
135 -593 108
139 -603 -32
155 -590 -55
156 -587 -52
163 -575 -74
165 -565 -91
120 -599 -41
64 -615 -65
21 -616 -99
-33 -606 -134
-51 -591 -163
-73 -592 -162
-121 -569 -188
-211 -575 -102
-236 -581 -2
-190 -604 11
-146 -618 1
-163 -612 27
-163 -609 37
-182 -597 71
-203 -580 84
-210 -578 102
-230 -558 132
-194 -564 166
-90 -580 199
-19 -596 173
46 -607 140
119 -604 95
177 -588 70
163 -597 63
119 -611 69
118 -611 43
132 -603 -34
150 -587 -52
128 -600 -54
98 -619 -78
28 -625 -115
-23 -616 -130
-43 -618 -124
-61 -605 -150
-147 -594 -126
-213 -592 -45
-249 -576 10
-243 -571 59
-215 -571 99
-194 -571 123
-213 -562 147
-222 -551 161
-171 -566 185
-81 -582 194
71 -588 172
180 -575 105
208 -573 25
183 -585 -39
169 -571 -113
153 -562 -142
153 -559 -142
134 -580 -115
112 -587 -137
50 -593 -163
-3 -577 -202
-46 -586 -187
-95 -583 -175
-188 -583 -116
-254 -574 -36
-259 -566 30
-210 -584 55
-204 -581 77
-217 -571 94
-225 -558 125
-195 -561 167
-129 -564 198
-65 -560 225
87 -528 242
202 -526 173
220 -555 82
192 -580 50
152 -603 5
136 -603 -53
148 -595 -44
153 -589 -40
118 -603 -59
93 -611 -87
42 -616 -114
25 -609 -134
-1 -601 -149
-70 -593 -159
-191 -590 -97
-228 -587 -28
-216 -592 1
-229 -580 15
-222 -577 47
-215 -579 53
-199 -575 103
-221 -561 142
-207 -558 167
-139 -565 197
-40 -572 214
56 -555 228
139 -560 170
187 -554 123
200 -544 120
180 -566 92
167 -585 26
153 -589 -5
142 -595 -17
106 -608 -46
45 -625 -58
-21 -629 -65
-51 -621 -84
-94 -614 -96
-183 -543 -181
-260 -546 -71
-260 -559 -13
-228 -572 37
-217 -567 83
-206 -572 91
-218 -560 111
-250 -530 158
-249 -522 186
-220 -521 215
-149 -500 278
-48 -541 255
40 -563 220
63 -549 232
119 -539 221
150 -586 87
165 -586 -7
144 -577 -95
129 -576 -107
124 -594 -58
81 -602 -91
51 -583 -157
0 -568 -195
-12 -572 -184
-56 -566 -193
-109 -568 -176
-140 -562 -170
-150 -562 -169
-185 -557 -147
-143 -584 -132
-159 -582 -125
-147 -608 -42
-186 -592 -55
-209 -579 -52
-212 -581 -49
-210 -581 -56
-163 -600 -65
-106 -624 -31
-46 -631 -29
-13 -621 -86
27 -602 -130
33 -580 -168
-26 -633 -21
-74 -630 16
-88 -623 14
-127 -613 37
-169 -595 49
-212 -573 -13
-216 -564 -54
-161 -541 -158
-119 -551 -171
-99 -562 -162
-65 -617 26
-78 -618 -24
-64 -614 -64
-22 -615 -69
-3 -611 -73
5 -612 -67
10 -613 -51
15 -612 -34
-20 -578 161
-9 -576 153
-56 -571 170
-132 -536 201
-191 -519 199
-231 -522 156
-216 -561 69
-185 -566 -81
-144 -553 -144
-140 -556 -141
-151 -567 -109
-148 -583 -67
-131 -597 -61
-82 -603 -66
-46 -600 -92
-12 -590 -122
-6 -593 -118
-13 -581 -147
-1 -581 -144
-4 -616 0
-61 -598 120
-112 -585 131
-163 -573 133
-225 -545 129
-225 -560 86
-217 -572 53
-152 -598 26
-72 -616 -9
-59 -619 1
-80 -612 -45
-64 -611 -64
1 -601 -102
-6 -584 -127
52 -578 -133
51 -576 -138
2 -606 -83
-43 -624 7
-90 -616 35
-124 -609 28
-162 -599 10
-206 -580 -11
-223 -565 -56
-235 -531 -117
-258 -492 -159
-261 -501 -137
-257 -517 -118
-231 -565 -17
-171 -586 -50
-82 -612 -53
-51 -610 -73
-39 -605 -86
-36 -597 -114
-24 -593 -115
9 -584 -136
6 -581 -142
-4 -585 -138
-33 -590 -119
-69 -595 -106
-121 -604 -36
-173 -592 -25
-188 -583 -43
-163 -589 -39
-157 -594 -21
-167 -589 4
-184 -586 2
-187 -582 7
-199 -579 12
-222 -565 -35
-216 -557 -87
-214 -560 -83
-130 -569 -145
-71 -572 -151
-41 -566 -161
-21 -563 -164
-1 -570 -159
-14 -579 -138
-51 -598 -80
-65 -600 -80
-60 -607 -46
-83 -598 -78
-71 -595 -90
-85 -592 -101
-129 -588 -77
-149 -579 -82
-148 -584 -76
-157 -585 -53
-164 -590 1
-216 -576 18
-250 -554 25
-264 -547 -16
-201 -572 -74
-117 -590 -112
-71 -599 -106
22 -596 -105
49 -595 -84
8 -604 -74
-18 -605 -80
-43 -604 -89
-93 -583 -125
-115 -575 -141
-136 -582 -114
-127 -603 -7
-140 -594 24
-168 -586 27
-203 -571 11
-257 -540 -15
-285 -512 -43
-274 -513 -72
-288 -517 -24
-299 -507 -14
-302 -514 -26
-269 -533 -38
-207 -573 -55
-133 -588 -78
-71 -594 -107
-43 -597 -96
-11 -595 -108
-7 -585 -136
-10 -571 -163
8 -585 -137
60 -575 -138
84 -596 -27
79 -599 -7
14 -607 35
-92 -603 42
-158 -588 -16
-186 -572 -27
-192 -574 1
-203 -572 17
-226 -562 -5
-216 -564 -51
-178 -574 -90
-135 -573 -133
-106 -568 -148
-130 -576 -122
-125 -571 -129
-128 -566 -140
-129 -569 -125
-131 -581 -104
-122 -579 -115
-91 -567 -157
-54 -543 -203
-22 -518 -235
4 -484 -269
54 -465 -276
104 -461 -265
139 -450 -258
164 -470 -228
177 -481 -209
183 -486 -192
178 -496 -183
179 -504 -174
175 -499 -180
156 -461 -239
147 -377 -301
134 -197 -371
114 -170 -380
98 -218 -379
41 -258 -382
41 -261 -377
7 -260 -381
-63 -270 -376
-86 -208 -385
-135 -208 -379
-169 -204 -369
-163 -182 -377
-170 -213 -374
-172 -181 -379
-151 -102 -392
-152 -38 -391
-150 -7 -386
-206 21 -370
-234 38 -354
-248 66 -338
-244 86 -334
-213 125 -337
-174 138 -346
-159 153 -346
-116 149 -363
-48 160 -369
4 139 -377
16 119 -388
17 82 -395
10 58 -400
-12 30 -403
-19 13 -407
38 4 -399
115 -20 -387
193 -49 -360
330 28 -242
297 -50 -289
269 -93 -311
244 -197 -312
169 -239 -339
106 -278 -349
9 -312 -351
-76 -322 -348
-75 -326 -346
-66 -323 -351
-80 -317 -354
-76 -334 -351
-68 -348 -347
-65 -345 -346
-98 -343 -343
-115 -306 -354
-196 -270 -348
-251 -198 -337
-297 -118 -327
-276 -18 -333
-265 38 -333
-242 85 -330
-172 141 -335
-105 123 -361
-105 110 -362
-84 123 -363
-75 113 -370
-103 130 -366
-84 149 -364
-137 132 -363
-113 103 -376
-117 111 -376
-99 124 -372
11 123 -375
65 119 -366
122 149 -335
160 89 -338
178 50 -345
167 1 -357
206 -24 -339
207 -38 -340
193 -79 -359
190 -107 -361
187 -125 -362
177 -137 -365
178 -131 -365
176 -132 -363
176 -139 -364
202 -230 -337
162 -296 -333
88 -339 -341
29 -357 -339
-2 -370 -334
-36 -363 -332
-57 -335 -346
-76 -340 -341
-69 -319 -350
-54 -342 -344
-30 -328 -352
-20 -322 -353
-46 -310 -361
-107 -304 -357
-200 -312 -329
-241 -249 -325
-234 -193 -344
-253 -199 -335
-250 -137 -349
-262 -98 -351
-265 -68 -352
-205 -28 -375
-250 56 -343
-246 122 -321
-202 193 -309
-104 188 -335
-34 134 -364
6 124 -365
-16 92 -385
8 87 -384
-43 44 -393
16 77 -383
62 13 -390
64 25 -384
77 -10 -392
99 -19 -389
108 -51 -386
113 -107 -397
140 -137 -383
162 -153 -375
163 -155 -371
186 -176 -357
237 -271 -306
198 -302 -315
119 -329 -330
69 -353 -331
19 -346 -339
-17 -329 -350
-36 -281 -367
-50 -304 -362
-51 -285 -375
-80 -289 -369
-69 -268 -379
-99 -246 -377
-121 -228 -381
-145 -233 -374
-171 -231 -363
-180 -203 -367
-200 -197 -363
-240 -172 -354
-247 -125 -362
-276 -102 -349
-285 -101 -342
-252 -50 -359
-282 69 -323
-229 108 -337
-174 135 -345
-110 137 -357
-55 137 -367
-33 130 -375
-37 97 -391
3 87 -385
16 90 -387
66 159 -354
111 78 -365
109 26 -372
123 7 -366
143 -42 -371
135 -51 -381
131 -73 -388
155 -104 -380
183 -124 -369
193 -134 -360
177 -161 -371
133 -267 -357
88 -318 -342
12 -372 -324
-67 -400 -311
-89 -405 -299
-98 -398 -300
-75 -406 -302
-103 -386 -312
-144 -361 -322
-189 -347 -315
-202 -306 -329
-219 -288 -328
-285 -254 -301
-358 -174 -269
-380 -69 -261
-314 30 -303
-234 133 -322
-180 169 -326
-133 207 -321
-148 254 -289
-159 199 -322
-143 164 -340
-114 169 -343
-73 158 -349
3 132 -361
47 97 -363
83 99 -361
125 36 -371
140 -40 -381
184 -84 -367
206 -112 -353
252 -127 -323
218 -189 -335
216 -249 -320
197 -319 -303
126 -363 -312
56 -391 -315
21 -380 -324
11 -328 -351
4 -313 -360
-5 -287 -375
-22 -308 -365
-86 -298 -363
-161 -298 -348
-190 -264 -352
-229 -215 -349
-283 -158 -336
-327 -91 -315
-307 -63 -323
-271 -8 -338
-220 51 -349
-151 78 -364
-68 118 -364
-55 150 -353
-41 174 -353
-12 157 -359
11 140 -368
22 134 -364
26 182 -342
67 121 -357
92 37 -370
124 11 -369
116 -68 -385
183 -120 -361
216 -169 -340
211 -188 -341
195 -220 -340
179 -269 -331
150 -316 -321
114 -340 -323
60 -368 -316
25 -351 -330
-39 -313 -350
-51 -316 -352
-76 -318 -354
-120 -295 -356
-119 -306 -354
-118 -308 -350
-141 -269 -354
-171 -233 -361
-213 -225 -352
-231 -209 -345
-257 -164 -337
-274 -103 -333
-279 -104 -328
-275 -76 -331
-260 -51 -338
-238 22 -344
-217 78 -345
-182 100 -352
-120 120 -365
-73 112 -375
-24 138 -366
-4 142 -364
-18 133 -371
-36 109 -372
-77 81 -380
-111 48 -385
-220 81 -342
-254 17 -342
-272 -47 -339
-276 -132 -338
-281 -196 -325
-264 -247 -319
-204 -282 -333
-129 -310 -343
-90 -335 -340
-58 -394 -311
4 -475 -252
70 -443 -268
137 -382 -289
193 -267 -315
205 -118 -341
171 -94 -363
163 -24 -367
162 17 -361
153 63 -357
121 80 -359
93 69 -375
86 141 -349
93 149 -334
81 115 -352
93 104 -357
66 92 -373
1 103 -381
27 86 -388
36 62 -394
0 49 -396
-46 62 -392
-101 79 -378
-149 90 -368
-164 92 -359
-162 88 -366
-192 71 -362
-264 -38 -348
-277 -146 -344
-244 -226 -349
-200 -289 -344
-138 -312 -350
-98 -312 -355
-64 -314 -361
-34 -392 -325
49 -403 -312
177 -382 -284
260 -335 -259
290 -259 -274
284 -225 -286
259 -188 -319
228 -125 -350
209 -71 -363
182 -22 -372
135 26 -374
112 92 -363
84 104 -364
64 137 -354
14 212 -328
-43 258 -301
-51 203 -335
-63 162 -358
-76 126 -366
-146 95 -365
-183 49 -366
-215 -11 -368
-221 -80 -369
-227 -118 -366
-212 -133 -372
-154 -143 -385
-127 -203 -384
-98 -257 -372
-57 -350 -340
-4 -394 -318
50 -422 -294
85 -419 -288
117 -426 -275
143 -404 -284
140 -388 -296
126 -334 -339
128 -250 -366
89 -172 -392
72 -142 -403
74 -107 -407
87 -68 -407
101 -52 -401
114 -43 -393
136 -35 -385
145 -14 -375
150 -4 -374
156 25 -364
122 79 -367
100 136 -359
75 153 -362
57 161 -361
36 176 -361
5 185 -365
0 168 -388
-15 173 -389
-61 196 -381
-101 198 -375
-126 153 -377
-144 111 -382
-149 79 -383
-158 71 -379
-160 62 -377
-167 66 -375
-168 73 -367
-179 62 -366
-231 37 -357
-242 -9 -361
-241 -58 -366
-250 -70 -362
-260 -78 -360
-260 -83 -358
-258 -87 -360
-236 -106 -367
-165 -170 -386
-178 -256 -358
-128 -302 -359
-73 -321 -360
-31 -346 -350
-10 -361 -348
11 -376 -345
4 -372 -347
25 -372 -343
64 -358 -345
124 -315 -345
189 -274 -332
220 -226 -331
262 -223 -305
258 -237 -307
258 -240 -309
263 -179 -323
242 -91 -344
242 -40 -340
210 -60 -360
168 -68 -380
141 -38 -389
97 -20 -402
108 7 -396
122 51 -386
173 94 -359
172 136 -337
88 190 -342
3 245 -323
-35 249 -319
-34 108 -383
-15 126 -376
-48 157 -369
-79 98 -383
-101 73 -383
-173 14 -379
-209 34 -369
-264 32 -344
-330 -3 -318
-333 -85 -313
-245 -113 -362
-157 -161 -388
-98 -204 -392
-76 -330 -359
-56 -391 -332
-10 -424 -316
33 -385 -342
21 -395 -334
-5 -413 -326
-1 -352 -361
-10 -294 -386
36 -261 -392
89 -261 -386
117 -243 -389
129 -214 -397
138 -137 -408
132 -47 -412
135 -18 -404
87 22 -406
94 40 -396
101 48 -392
160 63 -372
179 73 -359
169 84 -356
155 110 -360
116 82 -380
50 67 -395
52 71 -395
9 63 -403
-24 50 -414
-51 49 -406
-82 84 -390
-104 80 -387
-95 70 -389
-129 47 -387
-186 -2 -382
-182 -66 -393
-190 -95 -389
-225 -93 -377
-257 -111 -360
-242 -127 -367
-204 -231 -365
-157 -321 -351
-111 -400 -322
-46 -442 -305
-22 -461 -292
-11 -478 -286
-9 -459 -300
2 -415 -326
19 -361 -358
48 -337 -362
118 -292 -363
170 -261 -356
222 -265 -327
217 -254 -338
227 -239 -343
245 -214 -336
238 -183 -346
211 -143 -365
167 -85 -393
160 -13 -390
135 46 -385
103 98 -375
68 108 -379
51 96 -386
13 113 -383
-22 132 -379
-107 117 -381
-143 113 -384
-167 107 -378
-197 89 -374
-238 70 -365
-269 17 -366
-266 -21 -372
-194 -88 -404
-174 -139 -402
-166 -150 -402
-115 -180 -403
-76 -190 -403
-76 -313 -368
-51 -410 -325
-45 -421 -323
55 -397 -336
151 -336 -341
210 -284 -337
226 -266 -332
249 -241 -326
259 -173 -330
251 -64 -345
213 -1 -364
146 -48 -396
153 56 -375
145 80 -371
135 89 -370
118 101 -369
88 111 -375
32 174 -366
-83 184 -362
-98 224 -338
-90 201 -352
-112 142 -375
-178 68 -379
-221 -37 -382
-198 -147 -388
-224 -180 -376
-248 -227 -354
-232 -222 -364
-194 -175 -388
-174 -158 -397
-142 -207 -394
-88 -245 -389
-72 -319 -364
-42 -336 -357
-29 -369 -341
4 -388 -332
84 -398 -312
130 -408 -298
168 -407 -273
181 -365 -300
199 -334 -310
194 -272 -337
167 -235 -362
143 -201 -383
168 -120 -386
160 -58 -387
134 -33 -397
115 -35 -403
91 3 -403
62 13 -408
63 -4 -409
95 34 -394
107 52 -388
112 63 -380
113 72 -376
129 76 -367
132 70 -369
121 91 -367
86 103 -371
68 158 -360
52 217 -338
7 217 -342
-29 220 -346
-53 220 -351
-60 212 -354
-53 229 -336
-112 233 -334
-138 216 -341
-152 191 -351
-163 162 -359
-184 137 -358
-214 83 -365
-214 45 -375
-213 13 -379
-228 -37 -376
-234 -56 -370
-260 -69 -356
-255 -86 -358
-236 -129 -364
-278 -191 -341
-295 -187 -334
-302 -205 -326
-280 -205 -337
-272 -204 -348
-255 -229 -352
-237 -264 -348
-204 -286 -353
-154 -296 -365
-112 -304 -361
-77 -355 -350
-74 -395 -329
-45 -423 -320
-13 -462 -300
10 -462 -301
60 -435 -316
102 -403 -328
162 -309 -349
198 -215 -360
184 -167 -379
148 -134 -393
185 -60 -378
190 -13 -370
180 -25 -379
203 19 -364
208 26 -363
159 56 -381
128 89 -386
120 116 -380
94 125 -372
63 123 -371
54 121 -373
38 166 -363
21 144 -373
-8 150 -374
-90 213 -350
-147 192 -352
-158 169 -359
-164 131 -374
-176 167 -356
-192 143 -359
-188 129 -365
-185 80 -375
-191 21 -383
-224 -6 -375
-247 -36 -366
-264 -45 -358
-249 -50 -361
-252 -78 -362
-245 -91 -364
-246 -104 -360
-229 -136 -365
-217 -191 -363
-239 -232 -348
-243 -263 -343
-232 -285 -334
-186 -278 -362
-142 -297 -367
-123 -334 -360
-79 -334 -365
-13 -340 -361
10 -356 -351
32 -394 -325
82 -396 -326
128 -384 -317
164 -353 -332
204 -300 -337
234 -253 -343
246 -230 -336
223 -174 -359
183 -68 -384
137 -4 -402
105 16 -414
87 36 -407
63 86 -395
54 88 -391
52 102 -388
50 108 -380
30 59 -395
-47 73 -397
-122 125 -379
-157 106 -378
-172 98 -374
-190 62 -380
-222 2 -379
-230 -71 -382
-256 -63 -368
-210 -106 -387
-225 -137 -375
-239 -189 -356
-225 -206 -361
-219 -220 -360
-214 -270 -347
-195 -350 -328
-137 -385 -334
-128 -396 -332
1 -409 -341
66 -402 -335
96 -412 -328
115 -408 -320
190 -347 -318
254 -286 -310
280 -202 -316
292 -74 -318
259 1 -332
275 -36 -323
285 -131 -317
264 -187 -319
219 -184 -349
156 -276 -351
47 -349 -351
-26 -357 -356
-40 -341 -359
-63 -339 -357
-115 -344 -352
-141 -325 -357
-209 -282 -355
-245 -197 -353
-224 -188 -365
-210 -155 -371
-206 -102 -380
-199 -79 -377
-200 -63 -378
-220 -49 -368
-207 -117 -374
-194 -115 -383
-172 -93 -390
-160 -49 -391
-149 18 -392
-144 51 -378
-89 52 -389
-53 85 -384
-19 52 -398
27 39 -395
47 35 -396
88 41 -388
32 88 -392
84 31 -390
80 -37 -395
47 -61 -404
10 -87 -412
-41 -130 -409
-37 -142 -409
-21 -148 -408
9 -177 -404
42 -185 -401
72 -178 -394
101 -169 -391
125 -188 -383
126 -211 -380
82 -220 -392
54 -238 -391
53 -241 -388
65 -246 -385
72 -254 -384
60 -283 -376
76 -295 -369
86 -294 -367
71 -304 -368
64 -290 -375
86 -299 -365
104 -284 -368
89 -290 -370
45 -282 -382
-6 -295 -385
-44 -220 -406
-81 -135 -414
-74 -113 -416
-26 -136 -418
24 -208 -404
20 -245 -394
-10 -253 -399
-17 -263 -393
-65 -286 -385
-186 -268 -368
-189 -177 -384
-169 -65 -400
-161 15 -394
-186 71 -376
-192 150 -346
-144 203 -333
-95 225 -328
-81 185 -352
-63 173 -355
-65 160 -363
-67 119 -382
-40 80 -396
-8 44 -403
-21 28 -407
22 41 -403
-12 61 -401
1 53 -404
50 34 -399
85 12 -400
118 -37 -396
124 -80 -393
131 -127 -389
152 -152 -379
155 -144 -378
149 -133 -380
142 -134 -380
143 -109 -381
162 -123 -377
164 -149 -377
157 -173 -379
153 -188 -380
150 -193 -377
146 -192 -382
148 -187 -379
149 -215 -372
163 -236 -359
136 -271 -361
89 -253 -381
101 -266 -373
77 -260 -380
37 -251 -392
28 -241 -393
15 -303 -370
-31 -342 -357
-77 -348 -349
-82 -349 -349
-85 -378 -330
-79 -375 -330
-60 -365 -338
-72 -319 -367
-83 -315 -364
-99 -300 -368
-132 -263 -375
-160 -231 -375
-185 -195 -373
-209 -176 -366
-212 -159 -362
-214 -140 -367
-240 -117 -361
-241 -94 -361
-229 -87 -369
-222 -11 -368
-206 38 -368
-167 81 -371
-110 102 -370
-48 89 -378
-46 114 -369
-47 99 -376
-49 81 -380
-41 72 -389
-12 44 -393
0 57 -397
6 50 -399
15 67 -394
55 71 -383
111 21 -374
151 -51 -373
163 -93 -365
146 -110 -370
152 -116 -375
163 -112 -370
170 -144 -368
154 -188 -371
148 -202 -369
142 -202 -373
138 -195 -374
128 -192 -375
132 -188 -374
154 -206 -363
146 -240 -366
107 -243 -379
93 -270 -372
108 -290 -361
97 -318 -351
19 -323 -358
-74 -304 -358
-112 -305 -350
-113 -278 -360
-156 -266 -355
-163 -246 -362
-179 -241 -361
-185 -242 -359
-165 -282 -355
-156 -283 -358
-198 -202 -362
-203 -172 -365
-191 -163 -372
-226 -156 -362
-273 -96 -351
-272 -59 -355
-218 -10 -374
-198 9 -379
-209 26 -371
-229 73 -351
-190 128 -344
-150 176 -336
-102 203 -335
-76 153 -365
-55 105 -385
-35 82 -398
33 107 -381
64 40 -388
72 12 -389
54 -4 -392
24 -30 -398
67 -25 -400
120 -58 -392
146 -113 -388
117 -140 -396
90 -139 -403
65 -223 -396
110 -246 -376
172 -180 -372
144 -133 -387
85 -82 -407
85 -50 -402
83 -10 -401
109 11 -388
165 61 -364
193 90 -342
256 157 -271
286 208 -208
294 232 -180
294 243 -165
299 238 -154
310 251 -116
332 254 -8
339 207 132
334 65 246
331 -53 275
291 -182 301
225 -342 293
141 -416 300
97 -470 272
45 -500 260
58 -536 213
13 -593 125
10 -608 38
43 -601 -77
26 -606 -67
19 -605 -54
17 -594 -99
-11 -601 -80
5 -609 -38
-55 -606 -55
-120 -605 -253
-121 -601 0
-151 -592 53
-150 -588 88
-104 -604 59
54 -601 55
64 -590 86
99 -570 114
77 -562 134
38 -573 124
-22 -575 143
-65 -569 161
-103 -571 152
-139 -581 115
-142 -589 48
-149 -588 -3
-148 -578 -73
-29 -579 -122
69 -559 -138
128 -550 -115
177 -537 -82
204 -532 -44
196 -543 -11
163 -566 -23
159 -570 -18
116 -584 68
56 -599 75
30 -585 142
0 -604 106
-1 -613 62
8 -612 53
45 -605 55
68 -595 79
16 -602 84
-48 -605 55
-52 -603 77
-95 -600 76
-138 -582 127
-122 -557 188
-53 -583 159
-5 -597 116
12 -604 100
46 -605 95
22 -604 105
86 -606 24
-40 -627 6
-76 -621 4
9 -608 -63
51 -599 -89
73 -592 -93
79 -580 -108
101 -558 -144
136 -523 -168
155 -504 -175
161 -498 -177
167 -494 -182
170 -493 -179
172 -490 -184
174 -489 -181
175 -487 -176
177 -489 -178
177 -485 -179
181 -485 -177
178 -484 -174
181 -486 -176
185 -487 -176
184 -486 -180
180 -484 -183
