539046 0.55296 -33 -72 0.34999 -0.14000
539066 0.54774 -26 -57 0.69999 -0.40250
539086 0.54457 -24 -57 0.80000 -0.40250
539106 0.55710 -21 -94 0.94999 0.24500
539126 0.56561 -21 -83 0.94999 0.05249
539146 0.56464 -27 -73 0.64999 -0.12250
539166 0.56216 -31 -80 0.44999 0.00000
539186 0.56704 -26 -87 0.69999 0.12250
539206 0.56971 -25 -78 0.75000 -0.03500
539226 0.57606 -24 -86 0.80000 0.10499
539246 0.57728 -27 -80 0.64999 0.00000
539266 0.56328 -32 -50 0.40000 -0.52499
539286 0.56686 -21 -69 0.94999 -0.19249
539306 0.56523 -21 -54 0.94999 -0.45500
539326 0.56269 -30 -77 0.50000 -0.05249
539346 0.55575 -30 -64 0.50000 -0.28000
539366 0.54547 -29 -51 0.55000 -0.50749
539386 0.54833 -27 -83 0.64999 0.05249
539406 0.55535 -22 -81 0.89999 0.01750
539426 0.56065 -25 -85 0.75000 0.08749
539446 0.55326 -27 -54 0.64999 -0.45500
539466 0.55013 -27 -66 0.64999 -0.24500
539486 0.55074 -32 -91 0.40000 0.19249
539506 0.54532 -28 -62 0.60000 -0.31499
539526 0.54102 -28 -65 0.60000 -0.26249
539546 0.54069 -23 -62 0.85000 -0.31499
539566 0.53551 -29 -65 0.55000 -0.26249
539586 0.53715 -33 -96 0.34999 0.28000
539606 0.81619 -53 -962 -0.64999 15.43500
539626 3.04882 -486 -7911 -22.29999 137.04249
539646 4.28742 -200 -4326 -8.00000 74.30500
539666 5.00464 2 -2301 2.09999 38.86750
539686 5.85068 34 -2627 3.70000 44.57249
539706 6.05599 186 -374 11.30000 5.14499
539726 6.22177 349 195 19.45000 -4.81250
539746 5.58303 222 2168 13.10000 -39.34000
539766 4.96784 100 1788 7.00000 -32.68999
539786 4.30009 -109 1380 -3.45000 -25.54999
539806 4.51367 -183 -1362 -7.15000 22.43499
539826 4.79496 -105 -1349 -3.25000 22.20750
539846 5.01575 -63 -1069 -1.14999 17.30750
539866 5.96977 -200 -3611 -8.00000 61.79249
539886 6.66157 -124 -2685 -4.19999 45.58750
539906 6.81165 -19 -846 1.04999 13.40499
539926 6.44306 82 946 6.09999 -17.95499
539946 5.79515 -458 239 -20.89999 -5.58249
539966 4.40166 -161 3299 -6.05000 -59.13249
539986 2.80468 -136 4045 -4.80000 -72.18750
540006 1.78657 -133 2459 -4.65000 -44.43249
540026 1.34335 352 2228 19.60000 -40.38999
540046 0.48113 -408 1304 -18.39999 -24.21999
540066 -0.08816 -245 966 -10.25000 -18.30500
540086 -0.25598 -86 283 -2.29999 -6.35249
540106 1.16209 -1226 -7588 -59.29999 131.38999
540126 1.30020 -155 -879 -5.75000 13.98250
540146 1.80188 195 -947 11.75000 15.17249
540166 3.24760 93 -4020 6.65000 68.94999
540186 5.49922 -53 -6871 -0.64999 118.84249
540206 5.39389 -226 -625 -9.30000 9.53750
540226 5.22114 -88 -28 -2.40000 -0.91000
540246 5.08874 -1 113 1.95000 -3.37750
540266 4.85329 -28 344 0.60000 -7.42000
540286 4.52691 -8 680 1.60000 -13.30000
540306 4.26085 -77 326 -1.85000 -7.10500
540326 4.17774 1 31 2.04999 -1.94249
540346 4.28592 -26 -599 0.69999 9.08250
540366 4.33706 -54 -519 -0.69999 7.68249
540386 3.96176 -59 707 -0.94999 -13.77250
540406 3.50807 -56 966 -0.80000 -18.30500
540426 3.11886 -144 553 -5.19999 -11.07750
540446 3.03694 -26 17 0.69999 -1.69749
540466 2.75158 -55 532 -0.75000 -10.71000
540486 2.36835 -153 554 -5.65000 -11.09500
540506 1.83490 -109 1140 -3.45000 -21.35000
540526 1.44913 -105 752 -3.25000 -14.56000
540546 1.22718 -85 354 -2.25000 -7.59499
540566 1.41148 -81 -806 -2.04999 12.70499
540586 1.98217 -104 -2009 -3.20000 33.75749
540606 3.18076 -26 -3650 0.69999 62.47499
540626 4.18701 -146 -3502 -5.30000 59.88499
540646 4.10322 -32 -57 0.40000 -0.40250
540666 4.01072 -37 -41 0.15000 -0.68250
540686 3.96363 19 -8 2.95000 -1.25999
540706 3.94918 51 -9 4.55000 -1.24249
540726 3.87113 -73 -177 -1.64999 1.69749
540746 3.73055 -88 -33 -2.40000 -0.82249
540766 3.41917 -45 596 -0.25000 -11.82999
540786 3.17806 -36 435 0.20000 -9.01249
540806 2.98220 -42 300 -0.10000 -6.65000
540826 2.79388 -39 298 0.05000 -6.61499
540846 2.57150 -79 294 -1.95000 -6.54500
540866 2.46945 -64 -1 -1.20000 -1.38250
540886 2.30585 -61 193 -1.04999 -4.77750
540906 2.17550 -57 117 -0.85000 -3.44749
540926 2.04854 -45 149 -0.25000 -4.00750
540946 1.86179 -61 285 -1.04999 -6.38749
540966 1.70544 -66 193 -1.29999 -4.77750
540986 1.70588 -73 -275 -1.64999 3.41249
541006 1.94915 -45 -903 -0.25000 14.40250
541026 2.68637 -26 -2303 0.69999 38.90250
541046 2.64828 -51 -157 -0.55000 1.34749
541066 2.59257 -40 -72 0.00000 -0.14000
541086 2.55076 -35 -95 0.25000 0.26249
541106 2.50602 -35 -84 0.25000 0.07000
541126 2.49211 -9 -97 1.54999 0.29750
541146 2.64008 172 -51 10.60000 -0.50749
541166 2.49952 -111 -27 -3.54999 -0.92750
541186 2.27376 -93 281 -2.65000 -6.31750
541206 1.98824 -48 597 -0.40000 -11.84749
541226 1.81157 -53 282 -0.64999 -6.33500
541246 1.80562 -35 -154 0.25000 1.29499
541266 1.76176 -29 -26 0.55000 -0.94499
541286 1.60584 -41 269 -0.05000 -6.10750
541306 1.42614 -45 336 -0.25000 -7.28000
541326 1.30226 -103 18 -3.15000 -1.71500
541346 1.41488 -42 -490 -0.10000 7.17500
541366 1.55818 -35 -566 0.25000 8.50500
541386 1.61826 -40 -346 0.00000 4.65500
541406 1.61573 -47 -187 -0.34999 1.87249
541426 1.59498 -45 -128 -0.25000 0.83999
541446 1.59758 -44 -192 -0.20000 1.96000
541466 1.60032 -41 -184 -0.05000 1.82000
541486 1.55817 -43 -59 -0.15000 -0.36750
541506 1.50089 -32 19 0.40000 -1.73249
541526 1.43623 -54 -19 -0.69999 -1.06749
541546 1.36345 -58 -3 -0.89999 -1.34749
541566 1.31776 -49 -52 -0.44999 -0.49000
541586 1.31556 -29 -119 0.55000 0.68250
541606 1.31752 -36 -151 0.20000 1.24249
541626 1.27231 -40 -25 0.00000 -0.96249
541646 1.19458 -44 61 -0.20000 -2.46749
541666 1.11762 -42 69 -0.10000 -2.60750
541686 1.02873 -47 94 -0.34999 -3.04500
541706 0.95479 -43 67 -0.15000 -2.57249
541726 0.84475 -46 168 -0.30000 -4.34000
541746 0.72290 -54 186 -0.69999 -4.65500
541766 0.54958 -53 346 -0.64999 -7.45499
541786 0.42912 -53 202 -0.64999 -4.93499
541806 0.33435 -59 117 -0.94999 -3.44749
541826 0.23393 -52 159 -0.60000 -4.18249
541846 0.13296 -63 135 -1.14999 -3.76250
541866 0.07111 -64 24 -1.20000 -1.82000
541886 0.06249 -61 -119 -1.04999 0.68250
541906 0.04017 -58 -70 -0.89999 -0.17499
541926 0.00962 -56 -39 -0.80000 -0.71749
541946 -0.03045 -59 -18 -0.94999 -1.08500
541966 -0.07639 -63 -10 -1.14999 -1.22500
541986 -0.11426 -62 -28 -1.10000 -0.91000
542006 -0.12280 -64 -117 -1.20000 0.64749
542026 -0.13441 -61 -99 -1.04999 0.33250
542046 -0.14299 -62 -110 -1.10000 0.52499
542066 -0.13518 -57 -143 -0.85000 1.10249
542086 -0.11234 -66 -213 -1.29999 2.32750
542106 -0.09044 -63 -203 -1.14999 2.15249
542126 -0.04605 -55 -247 -0.75000 2.92249
542146 0.02444 -53 -320 -0.64999 4.19999
542166 0.11073 -54 -373 -0.69999 5.12750
542186 0.22224 -30 -383 0.50000 5.30249
542206 0.35186 -46 -488 -0.30000 7.13999
542226 0.44635 -54 -416 -0.69999 5.88000
542246 0.49941 -45 -275 -0.25000 3.41249
542266 0.53112 -44 -213 -0.20000 2.32750
542286 0.55891 -40 -192 0.00000 1.96000
542306 0.55788 -44 -121 -0.20000 0.71749
542326 0.56735 -41 -143 -0.05000 1.10249
542346 0.72897 0 -470 2.00000 6.82499
542366 0.68455 -40 7 0.00000 -1.52250
542386 0.63695 -41 16 -0.05000 -1.67999
542406 0.58315 -49 14 -0.44999 -1.64499
542426 0.57154 -41 -83 -0.05000 0.05249
542446 0.55756 -44 -84 -0.20000 0.07000
542466 0.52607 -45 -35 -0.25000 -0.78750
542486 0.48909 -46 -20 -0.30000 -1.04999
542506 0.46985 -36 -41 0.20000 -0.68250
542526 0.44713 -34 -24 0.30000 -0.98000
542546 0.41628 -48 -39 -0.40000 -0.71749
542566 0.37591 -44 2 -0.20000 -1.43499
542586 0.35879 -40 -52 0.00000 -0.49000
542606 0.34715 -40 -67 0.00000 -0.22750
542626 0.31605 -51 -41 -0.55000 -0.68250
542646 0.29312 -44 -43 -0.20000 -0.64749
542666 0.26629 -53 -56 -0.64999 -0.41999
542686 0.25689 -41 -71 -0.05000 -0.15749
542706 0.23367 -42 -33 -0.10000 -0.82249
542726 0.19455 -44 9 -0.20000 -1.55750
542746 0.16151 -47 -15 -0.34999 -1.13750
542766 0.14343 -52 -71 -0.60000 -0.15749
542786 0.13973 -51 -109 -0.55000 0.50749
542806 0.13110 -47 -83 -0.34999 0.05249
542826 0.13544 -42 -106 -0.10000 0.45500
542846 0.12827 -47 -87 -0.34999 0.12250
542866 0.12566 -46 -97 -0.30000 0.29750
542886 0.11187 -48 -70 -0.40000 -0.17499
542906 0.10983 -44 -92 -0.20000 0.20999
542926 0.10925 -45 -99 -0.25000 0.33250
542946 0.10275 -50 -96 -0.50000 0.28000
542966 0.09198 -44 -66 -0.20000 -0.24500
542986 0.07039 -50 -51 -0.50000 -0.50749
543006 0.05193 -49 -56 -0.44999 -0.41999
543026 0.05530 -39 -90 0.05000 0.17499
543046 0.04606 -49 -82 -0.44999 0.03500
543066 0.02897 -46 -50 -0.30000 -0.52499
543086 0.00649 -48 -39 -0.40000 -0.71749
543106 -0.00681 -44 -53 -0.20000 -0.47249
543126 -0.01285 -40 -62 0.00000 -0.31499
543146 -0.01686 -51 -99 -0.55000 0.33250
543166 -0.01750 -48 -100 -0.40000 0.34999
543186 -0.02411 -45 -74 -0.25000 -0.10499
543206 -0.03592 -41 -47 -0.05000 -0.57749
543226 -0.03638 -44 -88 -0.20000 0.14000
543246 -0.05628 -46 -37 -0.30000 -0.75249
543266 -0.06314 -45 -71 -0.25000 -0.15749
543286 -0.07511 -50 -70 -0.50000 -0.17499
543306 -0.07714 -45 -84 -0.25000 0.07000
543326 -0.09137 -47 -54 -0.34999 -0.45500
543346 -0.10566 -47 -53 -0.34999 -0.47249
543366 -0.11806 -45 -52 -0.25000 -0.49000
543386 -0.12892 -50 -70 -0.50000 -0.17499
543406 -0.12855 -44 -85 -0.20000 0.08749
543426 -0.11897 -43 -109 -0.15000 0.50749
543446 -0.12767 -45 -62 -0.25000 -0.31499
543466 -0.14422 -42 -30 -0.10000 -0.87500
543486 -0.16976 -48 -20 -0.40000 -1.04999
543506 -0.19978 -44 6 -0.20000 -1.50499
543526 -0.27762 -43 150 -0.15000 -4.02500
543546 -0.41843 -49 321 -0.44999 -7.01749
543566 -0.62855 -47 537 -0.34999 -10.79749
543586 -1.32760 -175 1609 -6.75000 -29.55750
543606 -3.32382 -213 5323 -8.64999 -94.55249
543626 -6.58082 -198 9158 -7.90000 -161.66499
543646 -10.25675 -133 10755 -4.65000 -189.61250
543666 -13.38204 -168 9264 -6.40000 -163.52000
543686 -16.74819 -291 9797 -12.55000 -172.84750
543706 -20.52536 -532 10503 -24.60000 -185.20249
543726 -24.84350 -459 12509 -20.95000 -220.30749
543746 -28.58248 -485 10998 -22.25000 -193.86500
543766 -31.98057 -491 10205 -22.54999 -179.98750
543786 -34.93143 -538 8965 -24.89999 -158.28750
543806 -37.72763 -586 8549 -27.29999 -151.00750
543826 -40.58374 -581 8901 -27.04999 -157.16749
543846 -43.36401 -627 8715 -29.35000 -153.91250
543866 -46.18084 -706 8758 -33.29999 -154.66499
543886 -48.47623 -741 7302 -35.04999 -129.18499
543906 -50.82901 -796 7446 -37.79999 -131.70500
543926 -53.63570 -799 8898 -37.95000 -157.11500
543946 -56.43487 -920 8694 -44.00000 -153.54499
543966 -59.27801 -889 9074 -42.45000 -160.19500
543986 -61.89818 -842 8724 -40.09999 -154.07000
544006 -64.20307 -894 7809 -42.70000 -138.05749
544026 -65.99655 -933 6341 -44.65000 -112.36750
544046 -67.91509 -988 6653 -47.40000 -117.82749
544066 -69.56911 -1032 5868 -49.59999 -104.08999
544086 -70.87611 -1020 4987 -49.00000 -88.67250
544106 -71.93377 -997 4402 -47.84999 -78.43499
544126 -72.83563 -980 4058 -47.00000 -72.41500
544146 -73.39287 -953 3183 -45.65000 -57.10250
544166 -73.94514 -981 3121 -47.04999 -56.01750
544186 -74.40840 -1046 2708 -50.29999 -48.79000
544206 -74.76303 -1058 2384 -50.90000 -43.11999
544226 -74.91819 -987 2026 -47.34999 -36.85499
544246 -74.74321 -941 1204 -45.04999 -22.46999
544266 -74.32228 -992 331 -47.59999 -7.19250
544286 -73.71823 -1051 -396 -50.54999 5.53000
544306 -73.11949 -1042 -390 -50.09999 5.42500
544326 -72.47619 -1027 -512 -49.34999 7.55999
544346 -71.95101 -1000 -128 -48.00000 0.83999
544366 -71.52349 -978 189 -46.90000 -4.70749
544386 -71.09752 -981 160 -47.04999 -4.19999
544406 -70.57771 -1047 -327 -50.34999 4.32250
544426 -70.02954 -1089 -560 -52.45000 8.39999
544446 -69.73149 -1059 223 -50.95000 -5.30249
544466 -69.20431 -985 -251 -47.25000 2.99250
544486 -68.60031 -948 -400 -45.40000 5.59999
544506 -68.07488 -970 -269 -46.50000 3.30749
544526 -67.56829 -1052 -479 -50.59999 6.98250
544546 -67.06825 -1069 -538 -51.45000 8.01500
544566 -66.58238 -1047 -463 -50.34999 6.70249
544586 -66.07535 -998 -413 -47.90000 5.82749
544606 -65.45861 -945 -611 -45.25000 9.29249
544626 -64.96833 -982 -384 -47.09999 5.32000
544646 -64.74397 -1033 217 -49.65000 -5.19750
544666 -64.52478 -1068 119 -51.40000 -3.48250
544686 -64.19910 -1035 -110 -49.75000 0.52499
544706 -63.81829 -1012 -224 -48.59999 2.51999
544726 -63.47610 -981 -45 -47.04999 -0.61250
544746 -63.15047 -986 -31 -47.29999 -0.85750
544766 -62.69439 -1037 -576 -49.84999 8.68000
544786 -62.22103 -1079 -773 -51.95000 12.12749
544806 -61.58685 -1061 -1218 -51.04999 19.91500
544826 -60.64642 -1046 -2105 -50.29999 35.43750
544846 -58.97358 -1026 -4238 -49.29999 72.76499
544866 -56.65378 -1010 -6176 -48.50000 106.68000
544886 -53.58844 -960 -8342 -46.00000 144.58500
544906 -50.17819 -955 -9512 -45.75000 165.05999
544926 -47.43822 -1009 -7911 -48.45000 137.04249
544946 -45.44125 -1083 -6116 -52.15000 105.62999
544966 -43.06311 -955 -6978 -45.75000 120.71499
544986 -39.67159 -928 -9994 -44.40000 173.49499
545006 -36.34177 -927 -10009 -44.34999 173.75750
545026 -33.14239 -835 -9560 -39.75000 165.89999
545046 -30.12995 -755 -8973 -35.75000 155.62750
545066 -26.95744 -708 -9481 -33.40000 164.51750
545086 -23.65097 -803 -10328 -38.15000 179.33999
545106 -20.40323 -765 -10241 -36.25000 177.81750
545126 -17.19227 -647 -9986 -30.35000 173.35499
545146 -13.65391 -533 -10802 -24.64999 187.63499
545166 -9.44829 -559 -13028 -25.95000 226.58999
545186 -5.89273 -643 -11618 -30.14999 201.91499
545206 -3.02270 -452 -9281 -20.60000 161.01750
545226 0.22941 -370 -10328 -16.50000 179.33999
545246 3.63699 -355 -10928 -15.75000 189.83999
545266 7.01223 -316 -10921 -13.80000 189.71749
545286 9.32179 -280 -7908 -12.00000 136.99000
545306 11.10564 -259 -6450 -10.94999 111.47499
545326 12.33173 -202 -4765 -8.10000 81.98750
545346 13.01384 -87 -2922 -2.34999 49.73500
545366 13.94588 -125 -3799 -4.25000 65.08249
545386 14.70934 -103 -3299 -3.15000 56.33250
545406 15.13491 -120 -2407 -4.00000 40.72249
545426 15.30663 -69 -1546 -1.45000 25.65500
545446 15.51554 -51 -1613 -0.55000 26.82749
545466 15.70978 -124 -1791 -4.19999 29.94249
545486 15.65582 -101 -1013 -3.04999 16.32749
545506 15.48196 -61 -546 -1.04999 8.15499
545526 15.24215 -58 -335 -0.89999 4.46250
545546 15.09460 -16 -470 1.20000 6.82499
545566 14.81882 -62 -219 -1.10000 2.43249
545586 14.44272 -65 81 -1.25000 -2.81750
545606 13.95253 -54 467 -0.69999 -9.57250
545626 13.70224 -32 -141 0.40000 1.06749
545646 13.53879 -50 -431 -0.50000 6.14249
545666 13.45093 -28 -579 0.60000 8.73250
545686 13.26134 -30 -283 0.50000 3.55250
545706 12.96260 -56 -28 -0.80000 -0.91000
545726 12.60961 -45 179 -0.25000 -4.53249
545746 12.40225 -59 -265 -0.94999 3.23749
545766 12.11559 -57 -16 -0.85000 -1.12000
545786 11.86716 -34 -45 0.30000 -0.61250
545806 11.54612 -68 84 -1.39999 -2.86999
545826 11.23984 -35 154 0.25000 -4.09499
545846 10.99755 -40 -29 0.00000 -0.89249
545866 10.82493 -5 -118 1.75000 0.66500
545886 10.66003 -57 -279 -0.85000 3.48250
545906 10.20251 -115 418 -3.75000 -8.71500
545926 9.73862 -29 709 0.55000 -13.80749
545946 9.43776 -31 255 0.44999 -5.86250
545966 9.28286 -38 -173 0.10000 1.62750
545986 9.11538 -75 -233 -1.75000 2.67750
546006 8.89010 -59 -9 -0.94999 -1.24249
546026 8.58069 -77 198 -1.85000 -4.86499
546046 8.36017 -36 74 0.20000 -2.69499
546066 8.26701 -74 -393 -1.70000 5.47749
546086 8.08540 -86 -164 -2.29999 1.47000
546106 7.81795 -80 114 -2.00000 -3.39499
546126 7.54355 -60 207 -1.00000 -5.02250
546146 7.39915 -39 -96 0.05000 0.28000
546166 7.36406 -48 -432 -0.40000 6.15999
546186 7.14485 -98 -36 -2.90000 -0.76999
546206 6.72755 -75 620 -1.75000 -12.25000
546226 6.16552 -108 972 -3.40000 -18.40999
546246 5.26189 -110 1995 -3.50000 -36.31250
546266 4.03705 -130 2927 -4.50000 -52.62250
546286 2.26350 -164 4501 -6.19999 -80.16750
546306 0.18498 -160 5505 -6.00000 -97.73750
546326 -2.01381 -182 5914 -7.09999 -104.89499
546346 -4.18883 -197 5930 -7.84999 -105.17500
546366 -6.26193 -234 5654 -9.69999 -100.34500
546386 -8.36012 -332 5568 -14.60000 -98.83999
546406 -11.04991 -359 7338 -15.94999 -129.81500
546426 -13.92032 -398 7910 -17.89999 -139.82499
546446 -17.15228 -486 8880 -22.29999 -156.80000
546466 -20.07949 -451 8280 -20.54999 -146.30000
546486 -23.00338 -528 8221 -24.39999 -145.26750
546506 -26.14119 -541 8978 -25.04999 -158.51499
546526 -29.53611 -607 9722 -28.35000 -171.53500
546546 -33.05081 -613 10252 -28.64999 -180.80999
546566 -36.60305 -708 10295 -33.40000 -181.56250
546586 -40.12645 -687 10478 -32.34999 -184.76499
546606 -43.40636 -753 9785 -35.65000 -172.63749
546626 -46.76041 -841 9941 -40.04999 -175.36749
546646 -50.21134 -869 10339 -41.45000 -182.33250
546666 -53.63568 -850 10517 -40.50000 -185.44749
546686 -57.13105 -957 10618 -45.84999 -187.21499
546706 -60.62804 -932 10898 -44.59999 -192.11500
546726 -63.76457 -932 10051 -44.59999 -177.29249
546746 -65.91992 -916 7419 -43.79999 -131.23249
546766 -67.31803 -916 5337 -43.79999 -94.79750
546786 -68.20180 -979 3739 -46.95000 -66.83249
546806 -68.59774 -1040 2194 -50.00000 -39.79499
546826 -68.84274 -1054 1737 -50.70000 -31.79750
546846 -68.89997 -1041 1241 -50.04999 -23.11750
546866 -69.01211 -1038 1413 -49.90000 -26.12750
546886 -68.91179 -1030 823 -49.50000 -15.80249
546906 -68.65805 -1031 367 -49.54999 -7.82250
546926 -68.32546 -1029 128 -49.45000 -3.64000
546946 -67.98035 -1035 55 -49.75000 -2.36249
546966 -67.54135 -1013 -176 -48.65000 1.67999
546986 -67.11153 -1012 -172 -48.59999 1.61000
547006 -66.80403 -1015 151 -48.75000 -4.04250
547026 -66.50356 -1018 145 -48.90000 -3.93750
547046 -66.24684 -1025 235 -49.25000 -5.51249
547066 -65.88980 -1014 -41 -48.70000 -0.68250
547086 -65.42176 -1038 -454 -49.90000 6.54500
547106 -65.10671 -1019 19 -48.95000 -1.73249
547126 -64.79158 -1030 -31 -49.50000 -0.85750
547146 -64.57003 -1006 292 -48.29999 -6.51000
547166 -64.16931 -994 -209 -47.70000 2.25749
547186 -63.87107 -977 115 -46.84999 -3.41249
547206 -63.60917 -987 175 -47.34999 -4.46250
547226 -63.54562 -1071 498 -51.54999 -10.11499
547246 -63.30690 -1088 -65 -52.40000 -0.26249
547266 -62.89532 -1066 -520 -51.29999 7.69999
547286 -62.48349 -1001 -359 -48.04999 4.88250
547306 -62.20495 -1032 -83 -49.59999 0.05249
547326 -62.07507 -1010 397 -48.50000 -8.34749
547346 -61.63158 -960 -382 -46.00000 5.28499
547366 -60.87591 -1016 -1478 -48.79999 24.46500
547386 -60.70900 -1118 -97 -53.90000 0.29750
547406 -60.58517 -1105 56 -53.25000 -2.38000
547426 -60.17378 -1004 -501 -48.20000 7.36749
547446 -59.30252 -946 -1700 -45.29999 28.35000
547466 -58.26426 -993 -2372 -47.65000 40.11000
547486 -56.85946 -1036 -3624 -49.79999 62.02000
547506 -55.04431 -1087 -5048 -52.34999 86.94000
547526 -52.88183 -1076 -6135 -51.79999 105.96250
547546 -49.71603 -966 -8872 -46.29999 153.86000
547566 -46.58202 -916 -8821 -43.79999 152.96749
547586 -43.78980 -904 -7973 -43.20000 138.12750
547606 -41.13991 -917 -7758 -43.84999 134.36500
547626 -38.00289 -866 -9187 -41.29999 159.37249
547646 -33.65329 -832 -12808 -39.59999 222.74000
547666 -28.04426 -849 -16782 -40.45000 292.28500
547686 -22.73267 -743 -15939 -35.15000 277.53250
547706 -18.06480 -736 -14352 -34.79999 249.75999
547726 -14.54761 -669 -11078 -31.45000 192.46499
547746 -11.37046 -548 -9946 -25.39999 172.65499
547766 -7.61045 -524 -11762 -24.20000 204.43499
547786 -3.64011 -506 -12543 -23.29999 218.10249
547806 -0.56184 -539 -10268 -24.95000 178.28999
547826 1.46260 -428 -7058 -19.39999 122.11499
547846 3.44822 -294 -6680 -12.69999 115.50000
547866 5.89815 -178 -7818 -6.90000 135.41499
547886 8.80094 -263 -9524 -11.14999 165.27000
547906 11.54258 -273 -9252 -11.64999 160.50999
547926 13.54980 -208 -7085 -8.39999 122.58750
547946 14.97235 -134 -5286 -4.69999 91.10500
547966 16.36918 -50 -5054 -0.50000 87.04499
547986 17.31315 -93 -3938 -2.65000 67.51499
548006 17.56782 -96 -1992 -2.79999 33.45999
548026 17.30315 -52 -367 -0.60000 5.02250
548046 16.74315 -14 618 1.29999 -12.21500
548066 16.37085 45 272 4.25000 -6.15999
548086 16.62560 21 -1603 3.04999 26.65250
548106 16.83219 -59 -1706 -0.94999 28.45499
548126 16.56380 -26 -239 0.69999 2.78250
548146 16.03775 -6 585 1.70000 -11.63749
548166 15.49987 9 693 2.45000 -13.52750
548186 15.11721 1 249 2.04999 -5.75750
548206 14.83956 -12 -72 1.39999 -0.14000
548226 14.41361 -64 228 -1.20000 -5.38999
548246 13.70433 -37 1156 0.15000 -21.62999
548266 13.04432 -18 1108 1.10000 -20.79000
548286 12.66069 -13 355 1.35000 -7.61250
548306 12.41516 -43 -111 -0.15000 0.54250
548326 12.04279 -70 196 -1.50000 -4.82999
548346 11.65984 -45 320 -0.25000 -7.00000
548366 11.22045 -39 524 0.05000 -10.56999
548386 11.04651 -6 -130 1.70000 0.87500
548406 11.03349 -34 -669 0.30000 10.30749
548426 10.75563 -119 -139 -3.95000 1.03250
548446 10.48731 10 218 2.50000 -5.21500
548466 10.34111 -21 -211 0.94999 2.29250
548486 10.24395 -24 -354 0.80000 4.79500
548506 9.98738 -105 -115 -3.25000 0.61250
548526 9.47648 -74 730 -1.70000 -14.17500
548546 9.05307 -27 639 0.64999 -12.58250
548566 8.79381 -26 188 0.69999 -4.69000
548586 8.63033 -48 -139 -0.40000 1.03250
548606 8.42528 -78 -94 -1.89999 0.24500
548626 8.07602 -96 287 -2.79999 -6.42250
548646 7.48535 -81 1054 -2.04999 -19.84499
548666 6.75049 -75 1526 -1.75000 -28.10499
548686 5.89812 -100 1840 -3.00000 -33.59999
548706 4.73690 -120 2733 -4.00000 -49.22750
548726 3.22219 -146 3757 -5.30000 -67.14749
548746 1.54354 -109 4429 -3.45000 -78.90750
548766 -0.01225 -132 4103 -4.59999 -73.20249
548786 -1.36818 -181 3471 -7.05000 -62.14250
548806 -2.88314 -260 3788 -11.00000 -67.69000
548826 -4.77548 -270 4948 -11.50000 -87.98999
548846 -7.03491 -294 6060 -12.69999 -107.44999
548866 -9.30398 -309 6177 -13.44999 -109.49749
548886 -11.64910 -386 6311 -17.29999 -111.84249
548906 -14.30613 -420 7260 -19.00000 -128.44999
548926 -17.38631 -514 8380 -23.70000 -148.05000
548946 -20.87225 -482 9834 -22.10000 -173.49499
548966 -24.46746 -511 10273 -23.54999 -181.17750
548986 -27.83495 -534 9753 -24.70000 -172.07749
549006 -30.87206 -589 8829 -27.45000 -155.90750
549026 -33.67389 -637 8183 -29.85000 -144.60249
549046 -36.29576 -646 7796 -30.29999 -137.83000
549066 -39.00288 -720 7986 -34.00000 -141.15499
549086 -41.79708 -764 8272 -36.20000 -146.16000
549106 -44.69400 -831 8543 -39.54999 -150.90249
549126 -47.68989 -835 8989 -39.75000 -158.70750
549146 -50.42628 -827 8430 -39.34999 -148.92500
549166 -53.15150 -855 8477 -40.75000 -149.74749
549186 -55.94718 -937 8607 -44.84999 -152.02250
549206 -58.48045 -937 8005 -44.84999 -141.48750
549226 -60.66381 -926 7164 -44.29999 -126.76999
549246 -62.35178 -912 5887 -43.59999 -104.42250
549266 -63.72644 -996 4832 -47.79999 -85.95999
549286 -65.03210 -1003 4691 -48.15000 -83.49250
549306 -65.96174 -1011 3648 -48.54999 -65.23999
549326 -66.80448 -984 3526 -47.20000 -63.10499
549346 -67.32829 -968 2691 -46.40000 -48.49250
549366 -67.55300 -992 1781 -47.59999 -32.56750
549386 -67.63455 -1001 1351 -48.04999 -25.04249
549406 -67.70728 -994 1350 -47.70000 -25.02499
549426 -67.65888 -986 1024 -47.29999 -19.31999
549446 -67.49028 -981 685 -47.04999 -13.38749
549466 -67.02723 -1004 -249 -48.20000 2.95749
549486 -66.56325 -1023 -333 -49.15000 4.42749
549506 -66.27745 -1020 168 -49.00000 -4.34000
549526 -65.93038 -987 67 -47.34999 -2.57249
549546 -65.41600 -959 -361 -45.95000 4.91750
549566 -65.09929 -985 111 -47.25000 -3.34249
549586 -64.71914 -1023 -201 -49.15000 2.11750
549606 -64.45523 -1025 110 -49.25000 -3.32500
549626 -64.12181 -1004 -48 -48.20000 -0.56000
549646 -63.72059 -963 -148 -46.15000 1.19000
549666 -63.37894 -961 8 -46.04999 -1.53999
549686 -63.00062 -1009 -256 -48.45000 3.07999
549706 -62.60673 -1019 -352 -48.95000 4.76000
549726 -62.32509 -1031 -82 -49.54999 0.03500
549746 -62.08700 -1013 80 -48.65000 -2.79999
549766 -61.76308 -979 -87 -46.95000 0.12250
549786 -61.36170 -977 -326 -46.84999 4.30499
549806 -61.04876 -995 -143 -47.75000 1.10249
549826 -60.70699 -976 -191 -46.79999 1.94249
549846 -60.48751 -1028 -3 -49.40000 -1.34749
549866 -60.24438 -1019 -59 -48.95000 -0.36750
549886 -59.87014 -1008 -424 -48.40000 6.01999
549906 -59.63417 -992 3 -47.59999 -1.45249
549926 -59.33990 -976 -135 -46.79999 0.96249
549946 -58.98106 -986 -369 -47.29999 5.05749
549966 -58.50159 -1018 -833 -48.90000 13.17749
549986 -58.19675 -1003 -309 -48.15000 4.00750
550006 -57.71882 -992 -800 -47.59999 12.60000
550026 -56.82674 -973 -1981 -46.65000 33.26750
550046 -55.32819 -1023 -3944 -49.15000 67.62000
550066 -53.83658 -1017 -3994 -48.84999 68.49500
550086 -51.78372 -963 -5563 -46.15000 95.95249
550106 -49.18573 -942 -7212 -45.09999 124.80999
550126 -47.02857 -874 -5884 -41.70000 101.56999
550146 -44.46232 -842 -7111 -40.09999 123.04250
550166 -41.33593 -917 -9108 -43.84999 157.99000
550186 -37.91892 -914 -10129 -43.70000 175.85749
550206 -33.78714 -866 -12275 -41.29999 213.41250
550226 -29.68394 -891 -12504 -42.54999 217.41999
550246 -26.69671 -805 -9244 -38.25000 160.36999
550266 -24.60561 -788 -6757 -37.40000 116.84750
550286 -22.57053 -694 -6447 -32.70000 111.42250
550306 -19.70019 -623 -8798 -29.14999 152.56500
550326 -15.68141 -620 -12305 -29.00000 213.93750
550346 -12.57120 -763 -10299 -36.15000 178.83250
550366 -10.86115 -604 -5944 -28.20000 102.62000
550386 -9.69132 -595 -4443 -27.75000 76.35250
550406 -8.31306 -503 -4856 -23.14999 83.58000
550426 -6.14358 -469 -7146 -21.45000 123.65499
550446 -3.85158 -488 -7684 -22.39999 133.07000
550466 -1.99085 -406 -6326 -18.29999 109.30500
550486 -0.33683 -370 -5729 -16.50000 98.85749
550506 1.55728 -303 -6334 -13.14999 109.44499
550526 4.10506 -255 -8213 -10.75000 142.32749
550546 7.14533 -314 -9966 -13.69999 173.00500
550566 9.05072 -283 -6746 -12.14999 116.65499
550586 10.44526 -155 -5002 -5.75000 86.13500
550606 11.54019 -154 -4207 -5.69999 72.22250
550626 12.58603 -110 -4002 -3.50000 68.63500
550646 13.46430 -141 -3663 -5.05000 62.70249
550666 14.02370 -110 -2696 -3.50000 45.77999
550686 14.32452 -24 -1729 0.80000 28.85750
550706 14.50514 -25 -1399 0.75000 23.08250
550726 14.70886 -24 -1474 0.80000 24.39500
550746 14.78939 -57 -1221 -0.85000 19.96750
550766 14.62002 -37 -440 0.15000 6.30000
550786 14.22359 -17 289 1.14999 -6.45749
550806 13.96965 -5 -69 1.75000 -0.19249
550826 13.82236 -20 -408 1.00000 5.73999
550846 13.76641 -46 -740 -0.30000 11.55000
550866 13.53391 -18 -142 1.10000 1.08500
550886 13.23118 -30 42 0.50000 -2.13499
550906 12.82965 3 442 2.15000 -9.13500
550926 12.50745 -3 217 1.85000 -5.19750
550946 12.16954 -76 73 -1.79999 -2.67750
550966 11.93752 15 44 2.75000 -2.17000
550986 11.81068 0 -292 2.00000 3.71000
551006 11.66233 -13 -259 1.35000 3.13249
551026 11.35818 -105 -59 -3.25000 -0.36750
551046 10.94281 0 583 2.00000 -11.60249
551066 10.67103 -24 120 0.80000 -3.50000
551086 10.47275 -6 -27 1.70000 -0.92750
551106 10.26344 -43 -89 -0.15000 0.15749
551126 10.11232 -32 -215 0.40000 2.36249
551146 9.88763 -37 -6 0.15000 -1.29499
551166 9.66606 -9 78 1.54999 -2.76500
551186 9.48225 -31 -82 0.44999 0.03500
551206 9.31411 -31 -117 0.44999 0.64749
551226 9.13356 -45 -111 -0.25000 0.54250
551246 8.79042 -62 325 -1.10000 -7.08750
551266 8.03935 -74 1500 -1.70000 -27.64999
551286 6.71226 -108 3126 -3.40000 -56.10499
551306 4.22019 -144 6497 -5.19999 -115.09750
551326 0.89233 -144 9079 -5.19999 -160.28250
551346 -2.07702 -110 8325 -3.50000 -147.08749
551366 -4.70344 -234 7144 -9.69999 -126.41999
551386 -7.31319 -265 7160 -11.25000 -126.69999
551406 -9.77637 -336 6682 -14.80000 -118.33499
551426 -12.56038 -406 7561 -18.29999 -133.71749
551446 -15.60090 -398 8494 -17.89999 -150.04499
551466 -18.46276 -409 8119 -18.45000 -143.48249
551486 -20.83255 -484 6637 -22.20000 -117.54750
551506 -23.08121 -533 6282 -24.64999 -111.33499
551526 -25.61197 -592 7067 -27.60000 -125.07250
551546 -28.63243 -639 8508 -29.95000 -150.28999
551566 -31.83445 -601 9322 -28.04999 -164.53500
551586 -34.42112 -673 7509 -31.64999 -132.80749
551606 -36.61816 -688 6481 -32.40000 -114.81749
551626 -38.44198 -737 5381 -34.84999 -95.56749
551646 -40.22457 -792 5210 -37.59999 -92.57499
551666 -42.19578 -786 5881 -37.29999 -104.31749
551686 -44.04951 -755 5742 -35.75000 -101.88500
551706 -45.64640 -844 4847 -40.20000 -86.22250
551726 -47.29804 -867 5034 -41.34999 -89.49500
551746 -48.92296 -871 5041 -41.54999 -89.61750
551766 -50.45104 -868 4862 -41.40000 -86.48500
551786 -51.97145 -877 4903 -41.84999 -87.20249
551806 -53.14516 -906 3898 -43.29999 -69.61499
551826 -54.13977 -946 3330 -45.29999 -59.67499
551846 -55.08229 -952 3219 -45.59999 -57.73249
551866 -56.39781 -956 4350 -45.79999 -77.52500
551886 -57.78728 -940 4688 -45.00000 -83.44000
551906 -58.92738 -926 4082 -44.29999 -72.83499
551926 -59.87989 -978 3453 -46.90000 -61.82749
551946 -60.84211 -1021 3414 -49.04999 -61.14500
551966 -61.83453 -1020 3561 -49.00000 -63.71749
551986 -62.82313 -980 3722 -47.00000 -66.53500
552006 -63.43812 -949 2779 -45.45000 -50.03250
552026 -63.93586 -956 2453 -45.79999 -44.32749
552046 -64.33045 -1010 2027 -48.50000 -36.87250
552066 -64.37918 -1019 1016 -48.95000 -19.18000
552086 -64.32978 -1014 747 -48.70000 -14.47249
552106 -64.15563 -1011 389 -48.54999 -8.20750
552126 -63.78456 -1006 -181 -48.29999 1.76750
552146 -63.46432 -1009 -63 -48.45000 -0.29750
552166 -63.07448 -1020 -316 -49.00000 4.13000
552186 -62.76972 -1004 -45 -48.20000 -0.61250
552206 -62.43175 -994 -131 -47.70000 0.89249
552226 -62.07006 -986 -197 -47.29999 2.04749
552246 -61.81454 -1004 40 -48.20000 -2.09999
552266 -61.50004 -1038 -244 -49.90000 2.86999
552286 -61.06619 -1026 -576 -49.29999 8.68000
552306 -60.61961 -980 -507 -47.00000 7.47249
552326 -60.19126 -986 -497 -47.29999 7.29750
552346 -59.79182 -991 -452 -47.54999 6.51000
552366 -59.52728 -1026 -182 -49.29999 1.78499
552386 -59.27709 -995 -67 -47.75000 -0.22750
552406 -59.09389 -1018 48 -48.90000 -2.24000
552426 -58.86477 -1029 -128 -49.45000 0.83999
552446 -58.50112 -1012 -485 -48.59999 7.08750
552466 -58.15023 -970 -349 -46.50000 4.70749
552486 -57.79278 -974 -400 -46.70000 5.59999
552506 -57.29975 -1010 -919 -48.50000 14.68249
552526 -56.71324 -1026 -1266 -49.29999 20.75499
552546 -55.82319 -1027 -2188 -49.34999 36.88999
552566 -54.44810 -999 -3574 -47.95000 61.14500
552586 -52.54716 -973 -5113 -46.65000 88.07749
552606 -50.43286 -944 -5763 -45.20000 99.45249
552626 -48.21327 -946 -6199 -45.29999 107.08249
552646 -45.75690 -902 -6893 -43.09999 119.22750
552666 -42.90235 -854 -8060 -40.70000 139.64999
552686 -39.50571 -825 -9724 -39.25000 168.77000
552706 -36.07101 -895 -10233 -42.75000 177.67750
552726 -32.46330 -851 -10812 -40.54999 187.80999
552746 -28.79828 -833 -11138 -39.65000 193.51499
552766 -25.29643 -805 -10796 -38.25000 187.52999
552786 -22.59946 -823 -8705 -39.15000 150.93750
552806 -20.58668 -701 -6519 -33.04999 112.68250
552826 -18.36621 -658 -7119 -30.89999 123.18250
552846 -15.73106 -584 -8246 -27.20000 142.90499
552866 -12.71767 -517 -9311 -23.85000 161.54249
552886 -9.67982 -615 -9838 -28.75000 170.76499
552906 -8.26686 -551 -5095 -25.54999 87.76249
552926 -7.32806 -474 -3575 -21.70000 61.16249
552946 -6.24080 -408 -3874 -18.39999 66.39499
552966 -4.33591 -346 -6144 -15.30000 106.12000
552986 -1.63568 -359 -8611 -15.94999 149.29249
553006 0.84756 -449 -8393 -20.45000 145.47749
553026 1.73045 -351 -3592 -15.55000 61.45999
553046 2.08304 -284 -1906 -12.19999 31.95499
553066 2.72792 -233 -2633 -9.64999 44.67750
553086 4.12023 -182 -4704 -7.09999 80.91999
553106 5.97925 -223 -6263 -9.14999 108.20249
553126 7.46829 -221 -5287 -9.05000 91.12249
553146 8.18275 -225 -3127 -9.25000 53.32249
553166 8.82269 -116 -2640 -3.79999 44.79999
553186 9.50486 -112 -2789 -3.59999 47.40750
553206 10.37277 -121 -3396 -4.05000 58.02999
553226 11.42751 -88 -3897 -2.40000 66.79750
553246 12.34463 -55 -3463 -0.75000 59.20249
553266 12.99037 -36 -2671 0.20000 45.34249
553286 13.41935 -13 -2011 1.35000 33.79249
553306 13.96838 -27 -2426 0.64999 41.05500
553326 14.42098 -12 -2134 1.39999 35.94499
553346 14.61055 -9 -1385 1.54999 22.83749
553366 14.85587 22 -1470 3.09999 24.32500
553386 14.98888 23 -1154 3.15000 18.79500
553406 15.02357 8 -918 2.40000 14.66499
553426 15.03112 44 -738 4.19999 11.51500
553446 14.93840 29 -489 3.45000 7.15749
553466 14.88233 40 -559 4.00000 8.38249
553486 14.76015 47 -343 4.34999 4.60249
553506 14.58931 47 -194 4.34999 1.99500
553526 14.37994 49 -66 4.44999 -0.24500
553546 14.12914 42 47 4.09999 -2.22250
553566 13.96416 45 -180 4.25000 1.75000
553586 13.83501 46 -272 4.30000 3.35999
553606 13.66797 53 -134 4.65000 0.94499
553626 13.38080 11 106 2.54999 -3.25500
553646 13.05653 52 348 4.59999 -7.48999
553666 12.70715 25 363 3.25000 -7.75250
553686 12.44718 58 217 4.90000 -5.19750
553706 12.31216 57 -135 4.84999 0.96249
553726 12.03495 11 156 2.54999 -4.13000
553746 11.83727 48 46 4.40000 -2.20499
553766 11.53746 8 241 2.40000 -5.61749
553786 11.24635 44 336 4.19999 -7.28000
553806 10.98977 46 258 4.30000 -5.91499
553826 10.49763 16 874 2.79999 -16.69499
553846 9.83330 21 1419 3.04999 -26.23250
553866 9.03966 -2 1769 1.89999 -32.35749
553886 7.95668 -24 2596 0.80000 -46.83000
553906 6.43633 -64 3820 -1.20000 -68.25000
553926 4.68781 -79 4531 -1.95000 -80.69249
553946 2.69937 -153 5121 -5.65000 -91.01750
553966 0.09028 -164 7015 -6.19999 -124.16249
553986 -2.60073 -171 7386 -6.55000 -130.65499
554006 -5.28076 -207 7408 -8.35000 -131.03999
554026 -7.72565 -237 6793 -9.85000 -120.27749
554046 -9.84027 -225 6007 -9.25000 -106.52249
554066 -11.82813 -339 5435 -14.94999 -96.51249
554086 -14.00242 -357 6043 -15.85000 -107.15249
554106 -16.27963 -386 6387 -17.29999 -113.17250
554126 -18.51052 -430 6259 -19.50000 -110.93250
554146 -20.87568 -433 6772 -19.64999 -119.91000
554166 -23.34363 -499 7021 -22.95000 -124.26750
554186 -25.85199 -529 7197 -24.45000 -127.34750
554206 -28.37652 -582 7239 -27.10000 -128.08250
554226 -31.08891 -590 7911 -27.50000 -139.84249
554246 -33.79780 -639 7919 -29.95000 -139.98249
554266 -36.11188 -661 6863 -31.04999 -121.50250
554286 -37.72204 -635 5020 -29.75000 -89.25000
554306 -38.95111 -720 3760 -34.00000 -67.19999
554326 -40.13777 -755 3608 -35.75000 -64.54000
554346 -41.74787 -764 4886 -36.20000 -86.90499
554366 -43.67696 -793 5827 -37.65000 -103.37249
554386 -45.48245 -806 5542 -38.29999 -98.38500
554406 -47.15628 -845 5152 -40.25000 -91.55999
554426 -48.80643 -862 5132 -41.09999 -91.20999
554446 -50.24497 -846 4657 -40.29999 -82.89749
554466 -51.66057 -853 4654 -40.65000 -82.84500
554486 -53.09657 -888 4696 -42.40000 -83.58000
554506 -54.45323 -871 4597 -41.54999 -81.84750
554526 -55.39443 -914 3342 -43.70000 -59.88499
554546 -56.12336 -942 2698 -45.09999 -48.61500
554566 -57.03434 -954 3237 -45.70000 -58.04750
554586 -58.13521 -956 3838 -45.79999 -68.56500
554606 -58.98989 -925 3273 -44.25000 -58.67750
554626 -59.87122 -935 3372 -44.75000 -60.40999
554646 -60.70720 -927 3314 -44.34999 -59.39500
554666 -61.38607 -971 2779 -46.54999 -50.03250
554686 -62.03569 -997 2659 -47.84999 -47.93249
554706 -62.53756 -1003 2249 -48.15000 -40.75749
554726 -62.74123 -997 1426 -47.84999 -26.35499
554746 -62.95919 -1007 1451 -48.34999 -26.79249
554766 -63.34788 -983 2030 -47.15000 -36.92499
554786 -63.44704 -986 1200 -47.29999 -22.39999
554806 -63.24634 -1003 283 -48.15000 -6.35249
554826 -62.98866 -1030 28 -49.50000 -1.88999
554846 -62.71036 -1024 -30 -49.20000 -0.87500
554866 -62.59491 -978 560 -46.90000 -11.19999
554886 -62.48662 -963 617 -46.15000 -12.19750
554906 -62.28485 -983 281 -47.15000 -6.31750
554926 -62.08492 -1021 166 -49.04999 -4.30499
554946 -61.85149 -1030 31 -49.50000 -1.94249
554966 -61.51773 -1017 -238 -48.84999 2.76500
554986 -61.26747 -954 166 -45.70000 -4.30499
555006 -61.01193 -975 76 -46.75000 -2.73000
555026 -60.75341 -993 1 -47.65000 -1.41750
555046 -60.51340 -1064 -163 -51.20000 1.45249
555066 -60.25833 -1021 -98 -49.04999 0.31499
555086 -59.98490 -989 -75 -47.45000 -0.08749
555106 -59.72938 -931 127 -44.54999 -3.62249
555126 -59.20193 -971 -795 -46.54999 12.51249
555146 -58.85623 -1012 -413 -48.59999 5.82749
555166 -58.37182 -1051 -949 -50.54999 15.20750
555186 -57.78876 -1022 -1182 -49.09999 19.28499
555206 -56.65743 -983 -2703 -47.15000 45.90250
555226 -54.99890 -934 -4166 -44.70000 71.50499
555246 -52.95837 -923 -5345 -44.15000 92.13749
555266 -50.77524 -970 -6014 -46.50000 103.84500
555286 -48.10947 -938 -7457 -44.90000 129.09750
555306 -44.60672 -886 -9904 -42.29999 171.91999
555326 -40.56697 -864 -11611 -41.20000 201.79249
555346 -36.50664 -861 -11898 -41.04999 206.81500
555366 -33.05128 -861 -10371 -41.04999 180.09249
555386 -30.57828 -808 -7557 -38.40000 130.84750
555406 -28.54934 -770 -6298 -36.50000 108.81500
555426 -26.61924 -778 -6151 -36.90000 106.24250
555446 -24.79512 -775 -5946 -36.75000 102.65499
555466 -23.05158 -701 -5606 -33.04999 96.70500
555486 -21.18287 -621 -5844 -29.04999 100.87000
555506 -19.34806 -608 -5817 -28.39999 100.39749
555526 -17.57705 -629 -5798 -29.45000 100.06500
555546 -16.32636 -617 -4350 -28.85000 74.72499
555566 -15.33230 -552 -3489 -25.60000 59.65750
555586 -14.10784 -529 -4153 -24.45000 71.27749
555606 -12.55830 -467 -4995 -21.35000 86.01249
555626 -10.47595 -479 -6673 -21.95000 115.37750
555646 -8.49400 -505 -6576 -23.25000 113.68000
555666 -7.12833 -476 -4812 -21.79999 82.80999
555686 -6.29349 -399 -3124 -17.95000 53.27000
555706 -5.15013 -372 -3995 -16.60000 68.51249
555726 -3.70654 -344 -4857 -15.19999 83.59750
555746 -2.13972 -326 -5249 -14.30000 90.45749
555766 -0.55774 -344 -5436 -15.19999 93.73000
555786 0.43620 -294 -3671 -12.69999 62.84249
555806 1.21353 -241 -2946 -10.05000 50.15499
555826 2.06979 -223 -3170 -9.14999 54.07500
555846 3.11272 -210 -3727 -8.50000 63.82249
555866 4.19123 -186 -3823 -7.30000 65.50250
555886 5.39067 -210 -4307 -8.50000 73.97250
555906 6.15079 -190 -3039 -7.50000 51.78250
555926 6.49675 -147 -1753 -5.34999 29.27750
555946 6.76778 -131 -1509 -4.55000 25.00749
555966 6.93206 -114 -1165 -3.70000 18.98749
555986 7.16332 -113 -1367 -3.65000 22.52249
556006 7.41549 -116 -1450 -3.79999 23.97500
556026 7.56931 -88 -1098 -2.40000 17.81500
556046 7.70355 -59 -967 -0.94999 15.52250
556066 7.78036 -76 -856 -1.79999 13.57999
556086 7.77616 -85 -650 -2.25000 9.97500
556106 7.67444 -81 -354 -2.04999 4.79500
556126 7.72622 -64 -747 -1.20000 11.67249
556146 7.94772 -63 -1242 -1.14999 20.33499
556166 8.09967 -85 -1115 -2.25000 18.11249
556186 7.89411 -68 -33 -1.39999 -0.82249
556206 7.69051 -52 19 -0.60000 -1.73249
556226 7.51078 -43 -13 -0.15000 -1.17250
556246 7.42569 -39 -267 0.05000 3.27250
556266 7.35146 -51 -328 -0.55000 4.34000
556286 7.10614 -64 138 -1.20000 -3.81500
556306 6.80535 -57 334 -0.85000 -7.24499
556326 6.62828 -65 -32 -1.25000 -0.83999
556346 6.43368 -48 78 -0.40000 -2.76500
556366 6.35724 -63 -298 -1.14999 3.81500
556386 6.19609 -60 -38 -1.00000 -0.73500
556406 5.93840 -54 270 -0.69999 -6.12500
556426 5.71869 -52 180 -0.60000 -4.55000
556446 5.67546 -50 -316 -0.50000 4.13000
556466 5.59052 -70 -249 -1.50000 2.95749
556486 5.43701 -71 -47 -1.54999 -0.57749
556506 5.23654 -58 136 -0.89999 -3.77999
556526 5.02284 -56 192 -0.80000 -4.76000
556546 4.79934 -63 213 -1.14999 -5.12750
556566 4.57159 -67 227 -1.35000 -5.37249
556586 4.31013 -77 310 -1.85000 -6.82499
556606 4.00122 -73 475 -1.64999 -9.71249
556626 3.51984 -95 933 -2.75000 -17.72750
556646 2.91622 -78 1366 -1.89999 -25.30500
556666 2.33473 -108 1251 -3.40000 -23.29249
556686 1.45219 -104 2174 -3.20000 -39.44499
556706 0.38513 -150 2632 -5.50000 -47.45999
556726 -0.87319 -158 3229 -5.90000 -57.90750
556746 -2.48346 -225 4137 -9.25000 -73.79750
556766 -4.75590 -250 6090 -10.50000 -107.97499
556786 -7.77184 -270 8333 -11.50000 -147.22749
556806 -10.95080 -304 8887 -13.19999 -156.92250
556826 -14.05051 -316 8807 -13.80000 -155.52250
556846 -17.01766 -370 8447 -16.50000 -149.22250
556866 -19.65185 -389 7595 -17.45000 -134.31250
556886 -22.17887 -451 7259 -20.54999 -128.43249
556906 -24.62017 -483 7065 -22.14999 -125.03749
556926 -26.57673 -496 5757 -22.79999 -102.14749
556946 -27.88681 -522 3912 -24.10000 -69.86000
556966 -28.95034 -595 3061 -27.75000 -54.96749
556986 -30.10005 -621 3300 -29.04999 -59.15000
557006 -31.36030 -654 3595 -30.70000 -64.31250
557026 -32.93354 -640 4621 -30.00000 -82.26750
557046 -34.53631 -648 4776 -30.39999 -84.98000
557066 -35.85880 -688 3938 -32.40000 -70.31500
557086 -36.89523 -708 3124 -33.40000 -56.06999
557106 -38.04461 -738 3428 -34.90000 -61.38999
557126 -39.50822 -779 4294 -36.95000 -76.54499
557146 -41.25895 -769 5245 -36.45000 -93.18750
557166 -42.98682 -780 5249 -37.00000 -93.25749
557186 -44.50774 -770 4775 -36.50000 -84.96250
557206 -45.54966 -811 3350 -38.54999 -60.02500
557226 -46.60062 -866 3280 -41.29999 -58.79999
557246 -47.98764 -859 4341 -40.95000 -77.36750
557266 -49.58137 -855 5036 -40.75000 -89.52999
557286 -50.98123 -885 4478 -42.25000 -79.76499
557306 -52.28867 -898 4253 -42.90000 -75.82749
557326 -53.30359 -881 3525 -42.04999 -63.08750
557346 -54.23735 -926 3219 -44.29999 -57.73249
557366 -55.47182 -925 4153 -44.25000 -74.07749
557386 -56.46155 -929 3500 -44.45000 -62.65000
557406 -57.14056 -965 2549 -46.25000 -46.00749
557426 -57.92076 -947 2935 -45.34999 -52.76250
557446 -58.78682 -948 3228 -45.40000 -57.88999
557466 -59.70270 -964 3378 -46.20000 -60.51499
557486 -60.86701 -966 4150 -46.29999 -74.02500
557506 -61.83561 -971 3633 -46.54999 -64.97750
557526 -62.33850 -994 2266 -47.70000 -41.05500
557546 -62.79364 -993 2159 -47.65000 -39.18249
557566 -63.26027 -979 2259 -46.95000 -40.93249
557586 -63.68242 -982 2148 -47.09999 -38.99000
557606 -64.08007 -1002 2044 -48.09999 -37.16999
557626 -64.46740 -1015 2000 -48.75000 -36.40000
557646 -64.75537 -1023 1710 -49.15000 -31.32500
557666 -64.80594 -1004 1089 -48.20000 -20.45750
557686 -64.73835 -1008 736 -48.40000 -14.27999
557706 -64.96621 -1005 1602 -48.25000 -29.43499
557726 -65.36968 -1017 2093 -48.84999 -38.02750
557746 -65.48947 -1021 1278 -49.04999 -23.76499
557766 -65.18040 -1009 69 -48.45000 -2.60750
557786 -64.85919 -1019 -13 -48.95000 -1.17250
557806 -64.64701 -1025 269 -49.25000 -6.10750
557826 -64.41933 -1015 240 -48.75000 -5.59999
557846 -64.04474 -970 -73 -46.50000 -0.12250
557866 -63.72846 -969 78 -46.45000 -2.76500
557886 -63.48711 -1046 58 -50.29999 -2.41499
557906 -63.25469 -1060 30 -51.00000 -1.92499
557926 -62.84338 -1040 -448 -50.00000 6.44000
557946 -62.51144 -953 8 -45.65000 -1.53999
557966 -62.28482 -948 310 -45.40000 -6.82499
557986 -62.15804 -1019 385 -48.95000 -8.13749
558006 -62.01502 -1073 176 -51.65000 -4.48000
558026 -61.88452 -1079 187 -51.95000 -4.67250
558046 -61.62752 -991 62 -47.54999 -2.48499
558066 -61.19494 -955 -362 -45.75000 4.93499
558086 -60.55017 -996 -1123 -47.79999 18.25250
558106 -60.03928 -1033 -876 -49.65000 13.93000
558126 -59.32458 -1047 -1540 -50.34999 25.54999
558146 -58.21115 -985 -2567 -47.25000 43.52249
558166 -56.18428 -915 -5095 -43.75000 87.76249
558186 -53.00637 -936 -8629 -44.79999 149.60749
558206 -51.07423 -952 -5228 -45.59999 90.08999
558226 -49.86444 -978 -3309 -46.90000 56.50749
558246 -48.59692 -1047 -3745 -50.34999 64.13749
558266 -46.49577 -965 -6015 -46.25000 103.86250
558286 -42.71949 -967 -11027 -46.34999 191.57249
558306 -38.96783 -942 -11104 -45.09999 192.91999
558326 -36.61263 -889 -7100 -42.45000 122.84999
558346 -35.38141 -843 -3829 -40.15000 65.60749
558366 -33.94501 -808 -4399 -38.40000 75.58249
558386 -31.04685 -727 -8513 -34.34999 147.57749
558406 -26.16414 -712 -14425 -33.59999 251.03750
558426 -20.76226 -805 -16489 -38.25000 287.15750
558446 -16.68907 -716 -12676 -33.79999 220.42999
558466 -13.68641 -621 -9521 -29.04999 165.21749
558486 -11.66166 -670 -6985 -31.50000 120.83750
558506 -10.41952 -561 -4510 -26.04999 77.52500
558526 -8.77332 -508 -5609 -23.39999 96.75749
558546 -6.56387 -460 -7210 -21.00000 124.77500
558566 -4.32784 -483 -7482 -22.14999 129.53500
558586 -2.73081 -416 -5558 -18.79999 95.86499
558606 -1.83090 -421 -3633 -19.04999 62.17750
558626 -1.06531 -350 -3091 -15.50000 52.69250
558646 0.09117 -324 -4201 -14.19999 72.11750
558666 1.60472 -348 -5378 -15.39999 92.71499
558686 2.71477 -340 -4267 -15.00000 73.27249
558706 3.31815 -274 -2666 -11.69999 45.25500
558726 3.95734 -236 -2697 -9.80000 45.79750
558746 4.73814 -223 -3110 -9.14999 53.02500
558766 5.57173 -212 -3278 -8.60000 55.96500
558786 6.74763 -216 -4336 -8.80000 74.48000
558806 7.71380 -182 -3696 -7.09999 63.27999
558826 8.52688 -140 -3186 -5.00000 54.35499
558846 9.24878 -179 -3079 -6.94999 52.48249
558866 9.69189 -139 -2194 -4.94999 36.99499
558886 9.81812 -132 -1276 -4.59999 20.93000
558906 10.18815 -84 -1857 -2.20000 31.09749
558926 10.83787 -77 -2674 -1.85000 45.39500
558946 11.54544 -81 -2892 -2.04999 49.20999
558966 12.17831 -56 -2644 -0.80000 44.86999
558986 12.30729 -76 -1269 -1.79999 20.80750
559006 12.31673 -13 -748 1.35000 11.68999
559026 12.40614 -39 -1056 0.05000 17.07999
559046 12.45888 -27 -920 0.64999 14.69999
559066 12.47283 -41 -850 -0.05000 13.47500
559086 12.33774 -29 -382 0.55000 5.28499
559106 12.07942 -21 8 0.94999 -1.53999
559126 11.89320 -8 -150 1.60000 1.22500
559146 11.64980 -60 -121 -1.00000 0.71749
559166 11.39784 -3 81 1.85000 -2.81750
559186 11.13505 -36 33 0.20000 -1.97749
559206 10.94077 -25 -120 0.75000 0.69999
559226 10.75076 2 -44 2.09999 -0.62999
559246 10.54305 -28 -67 0.60000 -0.22750
559266 10.28765 -13 127 1.35000 -3.62249
559286 10.13197 -12 -146 1.39999 1.15499
559306 9.95525 -16 -87 1.20000 0.12250
559326 9.72229 -35 33 0.25000 -1.97749
559346 9.49369 -50 -9 -0.50000 -1.24249
559366 9.23433 -15 194 1.25000 -4.79500
559386 9.02412 -2 103 1.89999 -3.20250
559406 8.89749 -12 -157 1.39999 1.34749
559426 8.70170 -40 -28 0.00000 -0.91000
559446 8.42129 -25 273 0.75000 -6.17749
559466 8.09347 -42 379 -0.10000 -8.03250
559486 7.70257 -42 582 -0.10000 -11.58500
559506 7.21826 -48 860 -0.40000 -16.45000
559526 6.22389 -95 2241 -2.75000 -40.61750
559546 4.55140 -116 4216 -3.79999 -75.18000
559566 1.94418 -146 6953 -5.30000 -123.07749
559586 -1.21217 -174 8626 -6.69999 -152.35499
559606 -4.42218 -185 8935 -7.25000 -157.76249
559626 -7.45258 -251 8410 -10.55000 -148.57499
559646 -10.30674 -280 7990 -12.00000 -141.22500
559666 -12.94976 -344 7358 -15.19999 -130.16499
559686 -15.49513 -376 7136 -16.79999 -126.27999
559706 -17.83647 -386 6661 -17.29999 -117.96749
559726 -19.68136 -455 5153 -20.75000 -91.57749
559746 -21.13410 -502 3983 -23.10000 -71.10250
559766 -22.72395 -583 4236 -27.14999 -75.52999
559786 -25.48049 -631 7593 -29.54999 -134.27749
559806 -28.96085 -610 9924 -28.50000 -175.07000
559826 -32.55663 -600 10492 -28.00000 -185.00999
559846 -35.85206 -642 9706 -30.10000 -171.25500
559866 -38.59750 -700 8129 -33.00000 -143.65750
559886 -40.75130 -755 6407 -35.75000 -113.52249
559906 -42.50162 -760 5342 -36.00000 -94.88500
559926 -44.20198 -813 5147 -38.65000 -91.47250
559946 -45.86344 -780 5227 -37.00000 -92.87249
559966 -47.02603 -784 3858 -37.20000 -68.91500
559986 -47.63180 -795 2271 -37.75000 -41.14250
560006 -47.91529 -867 1161 -41.34999 -21.71750
560026 -48.10814 -907 799 -43.34999 -15.38249
560046 -48.40160 -910 1095 -43.50000 -20.56250
560066 -48.68391 -857 1231 -40.84999 -22.94249
560086 -49.17332 -855 1857 -40.75000 -33.89749
560106 -49.83390 -879 2316 -41.95000 -41.93000
560126 -50.49107 -924 2216 -44.20000 -40.18000
560146 -51.27156 -939 2571 -44.95000 -46.39250
560166 -52.33618 -954 3402 -45.70000 -60.93500
560186 -53.54394 -937 3930 -44.84999 -70.17500
560206 -54.87171 -900 4456 -43.00000 -79.37999
560226 -56.02740 -902 4026 -43.09999 -71.85500
560246 -57.22308 -951 4070 -45.54999 -72.62500
560266 -58.66974 -983 4780 -47.15000 -85.05000
560286 -59.93522 -1003 4279 -48.15000 -76.28250
560306 -61.11032 -973 4175 -46.65000 -74.46250
560326 -62.00012 -975 3406 -46.75000 -61.00500
560346 -62.71615 -1001 2877 -48.04999 -51.74750
560366 -63.38267 -1026 2703 -49.29999 -48.70249
560386 -64.25936 -994 3446 -47.70000 -61.70500
560406 -64.96871 -971 3075 -46.54999 -55.21250
560426 -65.46582 -988 2449 -47.40000 -44.25749
560446 -65.75405 -1023 1769 -49.15000 -32.35749
560466 -65.95836 -1036 1504 -49.79999 -27.71999
560486 -66.25041 -1045 1746 -50.25000 -31.95499
560506 -66.75811 -984 2566 -47.20000 -46.30500
560526 -67.16969 -988 2304 -47.40000 -41.72000
560546 -67.67790 -1004 2564 -48.20000 -46.27000
560566 -68.17292 -1010 2538 -48.50000 -45.81499
560586 -68.65499 -1023 2492 -49.15000 -45.00999
560606 -69.16364 -1026 2589 -49.29999 -46.70750
560626 -69.49634 -1021 2120 -49.04999 -38.50000
560646 -69.72650 -997 1909 -47.84999 -34.80749
560666 -69.67080 -990 1109 -47.50000 -20.80750
560686 -69.06790 -1043 -641 -50.15000 9.81750
560706 -68.54194 -1070 -529 -51.50000 7.85750
560726 -67.95603 -1017 -583 -48.84999 8.80249
560746 -67.12077 -990 -1267 -47.50000 20.77249
560766 -66.40982 -1020 -1039 -49.00000 16.78249
560786 -65.79021 -1021 -817 -49.04999 12.89750
560806 -65.12405 -1013 -966 -48.65000 15.50500
560826 -64.22656 -1036 -1745 -49.79999 29.13750
560846 -63.10309 -1058 -2519 -50.90000 42.68249
560866 -62.09117 -1004 -2105 -48.20000 35.43750
560886 -60.66153 -954 -3239 -45.70000 55.28250
560906 -58.85398 -976 -4487 -46.79999 77.12249
560926 -56.70758 -1027 -5726 -49.34999 98.80500
560946 -54.19178 -1056 -7011 -50.79999 121.29250
560966 -50.98663 -1010 -9036 -48.50000 156.72999
560986 -47.06752 -957 -11153 -45.84999 193.77749
561006 -42.66295 -921 -12694 -44.04999 220.74499
561026 -38.77046 -871 -11315 -41.54999 196.61250
561046 -35.76942 -780 -8683 -37.00000 150.55250
561066 -32.58086 -736 -9279 -34.79999 160.98249
561086 -29.12752 -847 -10554 -40.34999 183.29499
561106 -25.67004 -899 -10916 -42.95000 189.63000
561126 -22.53181 -835 -10004 -39.75000 173.66999
561146 -20.12950 -775 -7870 -36.75000 136.32499
561166 -18.65533 -678 -5027 -31.89999 86.57250
561186 -17.43472 -571 -4068 -26.54999 69.79000
561206 -15.84785 -606 -5307 -28.29999 91.47250
561226 -14.16443 -613 -5701 -28.64999 98.36750
561246 -12.51605 -613 -5697 -28.64999 98.29750
561266 -11.28019 -574 -4479 -26.70000 76.98249
561286 -10.29067 -552 -3770 -25.60000 64.57499
561306 -9.38642 -511 -3462 -23.54999 59.18500
561326 -8.21785 -478 -4191 -21.89999 71.94249
561346 -6.67684 -485 -5365 -22.25000 92.48750
561366 -5.50769 -476 -4345 -21.79999 74.63749
561386 -4.84114 -454 -2885 -20.70000 49.08750
561406 -4.37398 -416 -2234 -18.79999 37.69499
561426 -3.58467 -342 -2989 -15.10000 50.90750
561446 -2.20610 -349 -4773 -15.44999 82.12750
561466 -0.91414 -418 -4798 -18.89999 82.56500
561486 -0.38008 -388 -2578 -17.39999 43.71500
561506 -0.40580 -340 -840 -15.00000 13.30000
561526 -0.34217 -291 -959 -12.55000 15.38249
561546 0.14050 -266 -2113 -11.30000 35.57749
561566 1.29772 -271 -4122 -11.55000 70.73500
561586 2.53116 -276 -4426 -11.80000 76.05500
561606 3.05614 -265 -2401 -11.25000 40.61750
561626 3.42401 -227 -1865 -9.35000 31.23749
561646 4.01571 -206 -2479 -8.30000 41.98249
561666 4.74189 -203 -2897 -8.14999 49.29750
561686 5.76925 -178 -3746 -6.90000 64.15499
561706 6.52905 -191 -3063 -7.55000 52.20249
561726 6.95183 -161 -2039 -6.05000 34.28250
561746 7.20503 -149 -1535 -5.44999 25.46249
561766 7.54486 -109 -1688 -3.45000 28.13999
561786 7.92208 -122 -1854 -4.09999 31.04500
561806 8.29568 -125 -1874 -4.25000 31.39500
561826 8.50996 -106 -1377 -3.29999 22.69750
561846 8.31771 -108 -210 -3.40000 2.27500
561866 8.11578 -91 -122 -2.54999 0.73500
561886 7.99365 -83 -320 -2.15000 4.19999
561906 7.86861 -86 -313 -2.29999 4.07749
561926 7.56478 -103 167 -3.15000 -4.32250
561946 7.18539 -89 445 -2.45000 -9.18750
561966 6.93863 -93 69 -2.65000 -2.60750
561986 6.77551 -75 -109 -1.75000 0.50749
562006 6.55189 -104 -6 -3.20000 -1.29499
562026 6.04067 -107 837 -3.34999 -16.04750
562046 5.37370 -94 1358 -2.70000 -25.16500
562066 4.79803 -110 1085 -3.50000 -20.38750
562086 4.33638 -130 729 -4.50000 -14.15750
562106 3.90856 -142 623 -5.09999 -12.30249
562126 3.25587 -138 1315 -4.90000 -24.41250
562146 2.53332 -140 1551 -5.00000 -28.54249
562166 1.71159 -145 1868 -5.25000 -34.09000
562186 0.59563 -189 2648 -7.44999 -47.74000
562206 -0.54263 -188 2781 -7.40000 -50.06750
562226 -1.68073 -238 2704 -9.89999 -48.72000
562246 -2.69146 -224 2439 -9.19999 -44.08250
562266 -3.54908 -220 2063 -9.00000 -37.50249
562286 -4.33300 -247 1821 -10.35000 -33.26750
562306 -5.36770 -290 2475 -12.50000 -44.71250
562326 -7.06271 -343 4309 -15.14999 -76.80750
562346 -9.51704 -353 6593 -15.64999 -116.77749
562366 -11.97108 -365 6701 -16.25000 -118.66750
562386 -14.15843 -361 6078 -16.04999 -107.76499
562406 -15.86594 -413 4658 -18.64999 -82.91500
562426 -17.48691 -425 4471 -19.25000 -79.64250
562446 -19.21071 -472 4731 -21.60000 -84.19249
562466 -21.21274 -502 5557 -23.10000 -98.64749
562486 -23.33120 -522 5956 -24.10000 -105.62999
562506 -24.99161 -577 4587 -26.85000 -81.67250
562526 -26.22746 -570 3466 -26.50000 -62.05500
562546 -27.39601 -564 3359 -26.20000 -60.18249
562566 -28.66265 -626 3536 -29.29999 -63.27999
562586 -30.14774 -607 4301 -28.35000 -76.66750
562606 -32.03551 -624 5513 -29.20000 -97.87750
562626 -34.07662 -644 6013 -30.20000 -106.62750
562646 -35.88110 -692 5305 -32.59999 -94.23750
562666 -37.74837 -746 5439 -35.29999 -96.58249
562686 -39.74103 -771 5842 -36.54999 -103.63500
562706 -41.90429 -795 6387 -37.75000 -113.17250
562726 -44.12327 -812 6627 -38.59999 -117.37249
562746 -46.05737 -792 5983 -37.59999 -106.10250
562766 -47.86709 -847 5576 -40.34999 -98.98000
562786 -49.68065 -856 5667 -40.79999 -100.57250
562806 -51.17560 -864 4821 -41.20000 -85.76750
562826 -52.33460 -901 3823 -43.04999 -68.30249
562846 -53.44910 -909 3738 -43.45000 -66.81500
562866 -54.65533 -941 3979 -45.04999 -71.03250
562886 -55.98400 -925 4452 -44.25000 -79.30999
562906 -57.36852 -916 4718 -43.79999 -83.96499
562926 -58.44202 -930 3852 -44.50000 -68.80999
562946 -59.38259 -979 3387 -46.95000 -60.67250
562966 -60.72353 -950 4692 -45.50000 -83.51000
562986 -61.92834 -962 4339 -46.09999 -77.33249
563006 -62.76237 -1002 3214 -48.09999 -57.64500
563026 -63.51750 -991 3064 -47.54999 -55.02000
563046 -64.30039 -998 3169 -47.90000 -56.85749
563066 -65.23717 -1010 3629 -48.50000 -64.90750
563086 -66.14022 -994 3631 -47.70000 -64.94249
563106 -66.77139 -994 2891 -47.70000 -51.99250
563126 -67.40199 -986 2949 -47.29999 -53.00749
563146 -68.11994 -997 3209 -47.84999 -57.55749
563166 -68.69216 -1011 2786 -48.54999 -50.15499
563186 -69.17213 -1022 2519 -49.09999 -45.48249
563206 -69.53867 -971 2362 -46.54999 -42.73500
563226 -69.79984 -998 1999 -47.90000 -36.38249
563246 -69.86321 -1015 1389 -48.75000 -25.70750
563266 -69.84941 -1024 1142 -49.20000 -21.38500
563286 -69.79659 -1028 1016 -49.40000 -19.18000
563306 -69.70465 -1029 896 -49.45000 -17.07999
563326 -69.47670 -1035 477 -49.75000 -9.74750
563346 -69.21142 -994 472 -47.70000 -9.65999
563366 -68.58101 -1022 -688 -49.09999 10.64000
563386 -67.85727 -1035 -1034 -49.75000 16.69499
563406 -67.10116 -1053 -1222 -50.65000 19.98500
563426 -66.34332 -1026 -1194 -49.29999 19.49500
563446 -65.46970 -996 -1490 -47.79999 24.67499
563466 -64.33734 -977 -2241 -46.84999 37.81750
563486 -62.86229 -985 -3329 -47.25000 56.85749
563506 -61.58059 -1022 -2957 -49.09999 50.34749
563526 -60.48172 -1006 -2453 -48.29999 41.52750
563546 -58.95055 -967 -3666 -46.34999 62.75500
563566 -56.67158 -984 -5984 -47.20000 103.31999
563586 -53.69168 -1001 -8209 -48.04999 142.25750
563606 -50.51791 -1008 -8968 -48.40000 155.53999
563626 -47.63290 -995 -8274 -47.75000 143.39500
563646 -45.11308 -957 -7269 -45.84999 125.80750
563666 -42.26522 -896 -8198 -42.79999 142.06500
563686 -39.08404 -860 -9233 -41.00000 160.17750
563706 -36.14459 -893 -8808 -42.65000 152.74000
563726 -33.87536 -903 -7054 -43.15000 122.04499
563746 -32.23951 -901 -5334 -43.04999 91.94499
563766 -31.21502 -880 -3587 -42.00000 61.37250
563786 -30.18510 -842 -3554 -40.09999 60.79499
563806 -28.76966 -758 -4498 -35.90000 77.31500
563826 -27.07442 -774 -5442 -36.70000 93.83499
563846 -25.78216 -753 -4306 -35.65000 73.95500
563866 -24.64867 -693 -3747 -32.65000 64.17250
563886 -22.98416 -674 -5307 -31.70000 91.47250
563906 -20.81168 -667 -6865 -31.35000 118.73750
563926 -18.57667 -716 -7314 -33.79999 126.59500
563946 -16.90497 -695 -5742 -32.75000 99.08499
563966 -15.54061 -649 -4812 -30.45000 82.80999
563986 -14.34819 -581 -4196 -27.04999 72.02999
564006 -12.91963 -546 -4854 -25.29999 83.54499
564026 -11.40561 -549 -5195 -25.45000 89.51249
564046 -9.90604 -536 -5204 -24.79999 89.66999
564066 -8.64947 -522 -4543 -24.10000 78.10250
564086 -7.90990 -536 -3149 -24.79999 53.70750
564106 -7.38513 -479 -2403 -21.95000 40.65250
564126 -6.52213 -428 -3274 -19.39999 55.89500
564146 -5.26841 -431 -4472 -19.54999 76.86000
564166 -3.74777 -398 -5229 -17.89999 90.10749
564186 -2.70904 -424 -3987 -19.20000 68.37249
564206 -1.88786 -377 -3279 -16.85000 55.98249
564226 -1.11334 -341 -3088 -15.05000 52.63999
564246 -0.41340 -290 -2770 -12.50000 47.07500
564266 0.24514 -284 -2673 -12.19999 45.37749
564286 0.79565 -273 -2365 -11.64999 39.98749
564306 1.43168 -262 -2615 -11.10000 44.36249
564326 2.25447 -252 -3168 -10.60000 54.04000
564346 3.35721 -232 -3975 -9.60000 68.16249
564366 4.29030 -244 -3579 -10.19999 61.23249
564386 4.93445 -223 -2731 -9.14999 46.39250
564406 5.37074 -185 -2054 -7.25000 34.54499
564426 5.74960 -171 -1872 -6.55000 31.36000
564446 6.34452 -185 -2564 -7.25000 43.47000
564466 7.14050 -149 -3082 -5.44999 52.53499
564486 7.81706 -123 -2706 -4.15000 45.95500
564506 8.49127 -134 -2770 -4.69999 47.07500
564526 9.40660 -87 -3378 -2.34999 57.71500
564546 9.99090 -75 -2432 -1.75000 41.15999
564566 10.08401 -96 -1094 -2.79999 17.74500
564586 9.70465 -75 338 -1.75000 -7.31500
564606 9.30878 -73 414 -1.64999 -8.64500
564626 9.00633 -54 219 -0.69999 -5.23250
564646 8.80792 -66 -101 -1.29999 0.36750
564666 8.57037 -68 19 -1.39999 -1.73249
564686 8.22560 -72 334 -1.60000 -7.24499
564706 7.85587 -87 384 -2.34999 -8.11999
564726 7.47174 -76 479 -1.79999 -9.78250
564746 7.05506 -95 542 -2.75000 -10.88500
564766 6.44351 -127 1043 -4.34999 -19.65250
564786 5.52834 -135 1941 -4.75000 -35.36750
564806 3.99079 -143 3786 -5.15000 -67.65499
564826 2.26139 -122 4495 -4.09999 -80.06250
564846 0.84725 -131 3651 -4.55000 -65.29250
564866 -0.44447 -211 3148 -8.55000 -56.49000
564886 -1.99055 -233 3902 -9.64999 -69.68499
564906 -3.73478 -241 4547 -10.05000 -80.97250
564926 -5.55594 -262 4813 -11.10000 -85.62750
564946 -7.23494 -264 4499 -11.19999 -80.13249
564966 -8.67142 -314 3747 -13.69999 -66.97250
564986 -10.05061 -358 3538 -15.89999 -63.31499
565006 -11.74158 -376 4476 -16.79999 -79.73000
565026 -13.52717 -373 4859 -16.64999 -86.43250
565046 -15.32016 -382 4959 -17.10000 -88.18250
565066 -17.00355 -431 4604 -19.54999 -81.97000
565086 -18.48084 -450 4047 -20.50000 -72.22250
565106 -20.29947 -553 4834 -25.64999 -85.99500
565126 -22.72636 -550 6722 -25.50000 -119.03500
565146 -25.61315 -534 8250 -24.70000 -145.77499
565166 -28.30950 -547 7826 -25.35000 -138.35499
565186 -30.34795 -532 6108 -24.60000 -108.29000
565206 -31.89327 -643 4472 -30.14999 -79.66000
565226 -33.30625 -669 4102 -31.45000 -73.18499
565246 -34.93729 -682 4783 -32.09999 -85.10250
565266 -36.58281 -666 4966 -31.29999 -88.30500
565286 -37.84236 -633 4031 -29.64999 -71.94249
565306 -38.37226 -688 1820 -32.40000 -33.25000
565326 -38.50876 -800 384 -38.00000 -8.11999
565346 -38.87877 -781 1127 -37.04999 -21.12249
565366 -39.50323 -813 1799 -38.65000 -32.88249
565386 -40.51994 -750 3159 -35.50000 -56.68249
565406 -41.76284 -752 3872 -35.59999 -69.16000
565426 -42.89866 -792 3518 -37.59999 -62.96500
565446 -44.14724 -827 3813 -39.34999 -68.12750
565466 -45.70014 -897 4573 -42.84999 -81.42749
565486 -47.74191 -884 6126 -42.20000 -108.60500
565506 -49.74574 -867 6183 -41.34999 -109.60250
565526 -51.59273 -821 5974 -39.04999 -105.94499
565546 -52.91587 -867 4423 -41.34999 -78.80249
565566 -53.82509 -941 3082 -45.04999 -55.33499
565586 -55.14558 -955 4294 -45.75000 -76.54499
565606 -56.36854 -957 4081 -45.84999 -72.81749
565626 -57.78388 -956 4716 -45.79999 -83.93000
565646 -59.28062 -887 5233 -42.34999 -92.97750
565666 -60.18721 -938 3454 -44.90000 -61.84500
565686 -61.20709 -958 3780 -45.90000 -67.55000
565706 -62.16075 -990 3555 -47.50000 -63.61249
565726 -63.18830 -1039 3686 -49.95000 -65.90499
565746 -64.37086 -956 4435 -45.79999 -79.01249
565766 -65.16408 -943 3406 -45.15000 -61.00500
565786 -65.65949 -964 2524 -46.20000 -45.56999
565806 -66.20737 -1021 2543 -49.04999 -45.90250
565826 -66.77335 -1009 2662 -48.45000 -47.98500
565846 -66.99422 -989 1746 -47.45000 -31.95499
565866 -66.96450 -973 1074 -46.65000 -20.19499
565886 -66.81929 -976 727 -46.79999 -14.12250
565906 -66.49720 -1012 100 -48.59999 -3.15000
565926 -66.27240 -1048 262 -50.40000 -5.98500
565946 -66.35742 -1061 1115 -51.04999 -20.91250
565966 -66.40452 -1023 1118 -49.15000 -20.96500
565986 -66.42957 -971 1205 -46.54999 -22.48749
566006 -66.40085 -959 1084 -45.95000 -20.37000
566026 -66.31655 -985 846 -47.25000 -16.20499
566046 -66.34590 -1024 1061 -49.20000 -19.96750
566066 -66.33057 -1049 861 -50.45000 -16.46750
566086 -66.46489 -1025 1365 -49.25000 -25.28750
566106 -66.49358 -998 1142 -47.90000 -21.38500
566126 -66.23049 -991 313 -47.54999 -6.87750
566146 -65.95472 -1042 115 -50.09999 -3.41249
566166 -65.78903 -1050 397 -50.50000 -8.34749
566186 -65.62352 -1030 445 -49.50000 -9.18750
566206 -65.23054 -994 -125 -47.70000 0.78750
566226 -64.44283 -985 -1273 -47.25000 20.87750
566246 -63.31219 -1011 -2393 -48.54999 40.47750
566266 -61.88841 -1043 -3405 -50.15000 58.18750
566286 -60.59807 -1036 -3079 -49.79999 52.48249
566306 -59.17158 -981 -3394 -47.04999 57.99499
566326 -56.86169 -993 -6087 -47.65000 105.12249
566346 -53.92900 -961 -7946 -46.04999 137.65499
566366 -51.08509 -976 -7901 -46.79999 136.86749
566386 -49.22662 -975 -5191 -46.75000 89.44249
566406 -47.86910 -981 -3856 -47.04999 66.08000
566426 -46.42965 -953 -4094 -45.65000 70.24500
566446 -44.26087 -955 -6310 -45.75000 109.02500
566466 -41.43001 -946 -8341 -45.29999 144.56750
566486 -38.96148 -930 -7404 -44.50000 128.16999
566506 -37.74007 -930 -3912 -44.50000 67.05999
566526 -36.90579 -913 -2806 -43.65000 47.70500
566546 -35.75715 -837 -3554 -39.84999 60.79499
566566 -33.72739 -829 -6167 -39.45000 106.52249
566586 -30.71456 -797 -9060 -37.84999 157.14999
566606 -27.91418 -876 -8842 -41.79999 153.33500
566626 -26.48575 -844 -4914 -40.20000 84.59500
566646 -25.77298 -801 -2788 -38.04999 47.38999
566666 -25.12365 -742 -2476 -35.09999 41.93000
566686 -23.90337 -724 -4127 -34.20000 70.82250
566706 -21.90959 -705 -6399 -33.25000 110.58249
566726 -19.77967 -734 -6995 -34.70000 121.01249
566746 -18.61419 -730 -4296 -34.50000 73.77999
566766 -17.82908 -653 -3035 -30.64999 51.71250
566786 -16.98226 -616 -3155 -28.79999 53.81250
566806 -15.70960 -573 -4323 -26.64999 74.25250
566826 -13.45751 -564 -7227 -26.20000 125.07250
566846 -11.41853 -620 -6897 -29.00000 119.29750
566866 -10.38073 -585 -3997 -27.25000 68.54750
566886 -10.13803 -532 -1588 -24.60000 26.38999
566906 -9.87955 -477 -1491 -21.85000 24.69249
566926 -8.70755 -396 -3938 -17.79999 67.51499
566946 -6.35319 -350 -7322 -15.50000 126.73500
566966 -3.38266 -397 -9390 -17.85000 162.92500
566986 -1.26494 -452 -7234 -20.60000 125.19499
567006 -0.04066 -408 -4627 -18.39999 79.57250
567026 1.00340 -303 -3873 -13.14999 66.37750
567046 2.54016 -242 -5196 -10.10000 89.52999
567066 4.53290 -193 -6475 -7.65000 111.91249
567086 6.67846 -219 -7111 -8.94999 123.04250
567106 8.20736 -242 -5504 -10.10000 94.91999
567126 9.14111 -200 -3738 -8.00000 64.01499
567146 9.81828 -161 -2933 -6.05000 49.92750
567166 10.33551 -99 -2329 -2.95000 39.35749
567186 10.78500 -69 -2076 -1.45000 34.93000
567206 11.07704 -77 -1666 -1.85000 27.75499
567226 11.28361 -125 -1571 -4.25000 26.09250
567246 11.01144 -148 -253 -5.40000 3.02749
567266 11.01739 -57 -788 -0.85000 12.39000
567286 12.57966 36 -5060 3.79999 87.15000
567306 14.71329 -12 -6954 1.39999 120.29499
567326 16.53544 -112 -6456 -3.59999 111.58000
567346 17.49558 76 -3512 5.80000 60.06000
567366 17.54409 110 -813 7.50000 12.82750
567386 17.58751 159 -661 9.94999 10.16749
567406 18.19244 211 -2152 12.55000 36.25999
567426 18.47426 62 -1671 5.09999 27.84250
567446 18.18352 33 -101 3.65000 0.36750
567466 17.66521 57 648 4.84999 -12.73999
567486 16.91824 42 1302 4.09999 -24.18499
567506 16.19674 100 1437 7.00000 -26.54750
567526 15.33278 96 1883 6.80000 -34.35250
567546 14.70816 72 1167 5.59999 -21.82250
567566 14.02386 47 1306 4.34999 -24.25499
567586 12.76759 -41 2762 -0.05000 -49.73500
567606 10.88064 -6 4774 1.70000 -84.94499
567626 9.30509 51 4139 4.55000 -73.83249
567646 9.38658 -69 -943 -1.45000 15.10249
567666 7.48629 -1042 2050 -50.09999 -37.27500
567686 7.89909 -222 -2240 -9.10000 37.79999
567706 8.47772 -30 -2199 0.50000 37.08250
567726 8.00986 -161 444 -6.05000 -9.17000
567746 8.15689 284 -50 16.20000 -0.52499
567766 8.10023 34 -179 3.70000 1.73249
567786 8.14893 -7 -600 1.64999 9.10000
567806 8.28289 -3 -840 1.85000 13.30000
567826 8.26418 20 -337 3.00000 4.49749
567846 8.00952 27 372 3.34999 -7.90999
567866 7.67700 75 751 5.75000 -14.54249
567886 7.00920 -101 1245 -3.04999 -23.18750
567906 6.44595 -44 1142 -0.20000 -21.38500
567926 6.09761 126 1034 8.30000 -19.49500
567946 6.28436 -61 -1040 -1.04999 16.79999
567966 6.55376 -242 -1809 -10.10000 30.25749
567986 5.97649 -188 798 -7.40000 -15.36499
568006 5.58055 -132 463 -4.59999 -9.50249
568026 5.63931 -94 -731 -2.70000 11.39249
568046 6.16602 -113 -2153 -3.65000 36.27750
568066 7.13217 -21 -3202 0.94999 54.63499
568086 7.85134 -149 -2904 -5.44999 49.41999
568106 7.70161 -203 -567 -8.14999 8.52250
568126 7.62838 -114 -527 -3.70000 7.82250
568146 6.73689 -17 2140 1.14999 -38.84999
568166 6.21109 -39 1063 0.05000 -20.00250
568186 5.93653 -178 -36 -6.90000 -0.76999
568206 5.66850 -115 141 -3.75000 -3.86750
568226 5.47805 -98 -21 -2.90000 -1.03250
568246 5.31204 -148 -224 -5.40000 2.51999
568266 5.09947 -124 -10 -4.19999 -1.22500
568286 4.89835 -117 -11 -3.84999 -1.20749
568306 4.71611 -119 -60 -3.95000 -0.34999
568326 4.53545 -112 -34 -3.59999 -0.80500
568346 4.36791 -124 -96 -4.19999 0.28000
568366 4.19347 -125 -69 -4.25000 -0.19249
568386 4.03013 -126 -94 -4.30000 0.24500
568406 3.87436 -123 -98 -4.15000 0.31499
568426 3.70725 -122 -53 -4.09999 -0.47249
568446 3.53231 -125 -29 -4.25000 -0.89249
568466 3.37601 -126 -76 -4.30000 -0.07000
568486 3.21657 -131 -72 -4.55000 -0.14000
568506 3.06428 -128 -75 -4.40000 -0.08749
568526 2.90848 -127 -53 -4.34999 -0.47249
568546 2.75716 -127 -57 -4.34999 -0.40250
568566 2.56854 -102 132 -3.09999 -3.71000
568586 2.45072 -133 -152 -4.65000 1.25999
568606 2.32032 -129 -97 -4.44999 0.29750
568626 2.18405 -131 -78 -4.55000 -0.03500
568646 2.09573 -137 -227 -4.84999 2.57249
568666 1.96184 -151 -129 -5.55000 0.85750
568686 1.85013 -136 -143 -4.80000 1.10249
568706 1.72895 -135 -106 -4.75000 0.45500
568726 1.61440 -130 -104 -4.50000 0.41999
568746 1.49886 -133 -103 -4.65000 0.40250
568766 1.37333 -148 -110 -5.40000 0.52499
568786 1.25184 -137 -83 -4.84999 0.05249
568806 1.12659 -144 -85 -5.19999 0.08749
568826 1.01841 -140 -116 -5.00000 0.62999
568846 0.89357 -141 -64 -5.05000 -0.28000
568866 0.77412 -144 -81 -5.19999 0.01750
568886 0.65334 -145 -73 -5.25000 -0.12250
568906 0.54654 -143 -101 -5.15000 0.36750
568926 0.43873 -142 -89 -5.09999 0.15749
568946 0.33284 -137 -74 -4.84999 -0.10499
568966 0.22353 -143 -75 -5.15000 -0.08749
568986 0.11435 -143 -69 -5.15000 -0.19249
569006 0.01073 -142 -76 -5.09999 -0.07000
569026 -0.09380 -144 -73 -5.19999 -0.12250
569046 -0.19718 -146 -76 -5.30000 -0.07000
569066 -0.30716 -151 -65 -5.55000 -0.26249
569086 -0.39857 -142 -87 -5.09999 0.12250
569106 -0.49835 -144 -63 -5.19999 -0.29750
569126 -0.59114 -141 -69 -5.05000 -0.19249
569146 -0.69059 -142 -47 -5.09999 -0.57749
