-16 224 1001
-15 225 1014
-11 224 1011
-14 229 1008
-7 223 1009
-16 229 1014
-11 227 1015
-12 229 1005
-13 226 1020
-10 227 1015
-9 225 1017
-13 224 1015
-14 224 1012
-11 226 1015
-15 223 1011
-15 226 1016
-17 218 1019
-14 227 1004
-4 225 1012
-200 120 1331
19 164 1069
-32 196 984
-48 127 1067
-127 135 1045
39 182 1187
-30 226 1056
-44 134 1067
-134 175 919
28 228 1069
-5 217 972
18 213 1025
18 226 1017
12 219 1016
-152 23 924
-40 333 926
123 -74 1515
229 151 1198
13 -220 898
-71 -525 815
-160 -764 579
-183 -881 395
-199 -762 494
26 -974 318
146 -1003 -109
100 -1049 -254
37 -1057 -352
294 -1022 -77
248 -955 143
-32 -868 91
-293 -965 298
-282 -932 62
-371 -958 -127
-582 -966 214
-430 -939 -142
-156 -674 -481
-207 -862 -565
260 -687 -931
134 -927 -484
-44 -907 -380
142 -970 -353
279 -902 -342
288 -1092 -257
313 -810 -77
425 -838 130
547 -945 334
374 -1031 242
97 -979 317
-140 -980 230
-148 -1017 238
-249 -982 157
-276 -1039 48
-120 -1018 66
48 -933 281
295 -950 217
496 -882 143
399 -1010 -270
539 -1520 -672
-362 -985 -200
-368 -855 -353
-472 -872 -135
-275 -873 -80
-360 -1028 269
-261 -827 536
-358 -594 823
-165 -905 686
65 -888 706
152 -191 -77
45 -867 104
145 -1040 7
242 -948 -76
77 -894 -358
-72 -983 -291
-157 -1051 -280
97 -1007 -409
354 -967 -113
241 -939 102
258 -920 277
-207 -852 393
-380 -976 316
-457 -1018 196
-440 -1051 131
-406 -1037 18
-303 -958 -177
-244 -798 -197
-204 -985 -115
-147 -1103 -129
-160 -874 -397
64 -931 -523
146 -1230 -123
-125 -1082 20
-345 -1056 368
-184 -467 563
-136 -51 997
252 578 912
467 898 491
457 852 132
302 881 -93
585 1024 -547
314 866 -618
254 939 -299
429 924 262
-82 452 859
382 596 808
136 245 1192
115 -91 986
-56 -342 897
-144 -844 520
-235 -989 241
-128 -1008 -385
-235 -920 -186
-335 -752 -611
-112 -589 -840
55 -380 -1054
-122 -427 -1024
-27 -34 -1198
-139 641 -826
-234 1031 -251
-359 848 423
-113 534 477
-25 599 913
63 219 1155
-76 -89 997
241 -337 1087
163 -706 755
156 -887 502
343 -1009 49
237 -941 -269
132 -900 -294
-31 -826 -526
-49 -573 -996
108 -345 -995
226 -231 -946
327 -170 -1090
113 20 -1078
-196 560 -208
-198 841 -316
-382 764 508
-455 527 691
-273 101 932
-446 199 776
-330 70 873
-210 -455 873
-145 -906 535
-30 -1075 110
26 -1090 -178
44 -987 -467
282 -586 -684
346 -346 -980
460 -40 -858
78 -87 -836
170 90 -1008
257 348 -835
111 734 -717
141 912 -869
15 893 -327
-211 738 307
-188 852 891
-143 560 1045
-227 256 1111
-300 -15 1085
-296 -222 987
-393 -283 985
-304 -607 857
-178 -881 417
-39 -1016 -329
82 -336 106
278 -410 -840
212 -391 -1036
213 -212 -1119
116 154 -1112
150 451 -916
-167 817 -165
-200 954 445
-11 936 1084
-134 269 972
-273 0 1507
-94 67 1199
-357 -147 960
-425 -736 734
-331 -941 178
-66 -853 -480
76 -802 -668
172 -479 -925
234 -215 -1035
194 4 -1046
177 227 -1045
126 806 -881
-213 945 -48
-275 768 295
-163 387 506
188 289 1025
150 81 851
-22 141 1179
-179 119 1029
-253 -80 1001
-278 -437 824
-461 -811 869
-382 -860 528
-236 -1022 123
-109 -1019 -229
-17 -912 -554
-59 -786 -773
16 -637 -818
-95 -554 -937
-137 -500 -983
-14 -417 -998
2 -675 -820
-180 -910 -485
-195 -1022 -199
-181 -1023 121
-167 -1006 133
-203 -974 85
-35 -1029 -90
93 -991 -216
357 -929 -86
7 -1472 -617
-245 -1073 -17
-154 -865 49
82 -1051 39
104 -1078 26
86 -1068 124
22 -1073 75
93 -953 -233
20 -1107 -92
94 -969 -163
141 -925 -257
117 -1118 -120
-35 -1024 247
-214 -871 73
-396 -839 307
-225 -962 184
-126 -1054 -73
-267 -961 73
313 -1169 286
-272 -835 -200
219 -985 13
251 -949 106
535 -986 -238
551 -562 88
748 -659 -10
819 -647 18
744 -673 -16
521 -720 -101
1838 -1729 1182
1258 -91 413
-2034 1257 -1750
606 -133 -773
2040 -141 1975
1171 -430 -29
-1754 -467 -1804
-614 -115 -1019
2040 -273 1071
1343 -99 -618
-1410 -377 -466
-1390 -364 -447
1995 75 -661
1678 37 -575
-178 3 -568
-2039 -521 -653
-268 306 -1034
2040 673 -136
1143 421 -653
-2002 922 -1130
-1825 612 -1033
1634 1836 -398
2040 857 -181
-635 533 -580
-402 407 -1131
2010 926 -53
1362 368 -307
133 -138 -1376
-458 737 32
1435 1297 476
1755 247 -1153
-1124 1647 164
2019 1213 627
1633 342 -1425
-623 1883 297
2017 1594 528
292 889 -1978
925 1911 1148
2040 1479 -333
-635 638 -889
835 2025 703
2040 1450 47
-496 735 -1598
660 2039 936
1225 1457 -598
-284 668 -1356
10 2035 890
1475 1933 -778
-775 614 -1170
662 2039 757
1060 1479 -553
-100 587 -1454
1144 1933 671
736 1585 541
498 1252 -1821
1951 1425 -408
132 1618 1775
197 1204 -1512
2040 1362 -283
599 1535 1769
-333 1185 -1634
2038 1574 18
549 1498 1302
-210 1372 -1173
2036 1684 -341
570 1644 1119
-433 1465 -1259
2037 1646 -565
745 1487 1215
-420 1604 -1227
2031 1701 -687
1133 1463 1050
18 1537 -735
1526 1544 -1262
1143 1468 784
-381 1517 -289
1617 1659 -1450
993 1535 692
-251 1222 -153
1207 1366 -1880
1214 1901 428
-168 1583 7
1251 1298 -1779
1188 1979 136
-7 1619 245
996 1173 -2039
1501 1801 -303
-68 1379 744
650 1194 -2000
1655 1667 -311
556 1160 979
15 1200 -1429
1965 1240 -779
1496 1246 1263
-200 1252 -1261
1975 1744 -1583
1220 1322 1512
-173 1208 -1091
1958 1516 -1183
778 1717 865
-149 1357 -457
1618 1533 -1966
888 1799 653
-139 1319 93
1040 1426 -2039
979 1732 501
-33 1380 625
655 1386 -2037
1204 1595 -250
235 1293 1252
0 1261 -2009
1428 1495 -672
808 1166 1400
-202 1483 -1559
2030 1506 -760
844 1445 1477
-533 1218 -1497
2035 1642 -800
417 1569 1770
176 1434 -2025
1164 1568 -845
367 1561 1749
56 1481 -2001
1650 1555 -768
453 1348 1182
458 1326 -2033
1577 1656 -458
182 1455 751
627 1219 -2038
1397 1549 -160
152 1535 409
274 1227 -2033
1009 1546 -467
488 1536 1529
-268 1105 -1646
1832 1018 289
369 762 -105
1234 667 -887
692 866 -848
521 82 198
1331 -31 -142
1112 205 217
737 249 -768
1031 -265 -1204
826 -182 -126
772 479 530
596 1528 -400
2035 891 -169
994 661 -195
1287 818 -251
1185 1505 -87
199 29 104
163 958 516
1485 1565 -332
-173 804 -525
1376 1050 -23
715 1876 241
-22 -6 166
153 1568 -16
2038 1202 574
857 916 -120
1664 1738 -21
-486 271 10
-115 841 811
1161 1681 -571
384 1305 3
264 768 92
705 844 441
1424 555 -82
365 438 -267
-383 -392 -869
-712 -146 -1188
-951 111 -1599
-643 -117 -1264
197 116 -537
751 684 -1
1386 750 -108
1660 932 -204
1093 562 -370
344 223 -309
-858 -69 -1011
-1236 101 -1312
-1022 96 -1242
-734 68 -578
518 278 -116
1093 741 -296
1822 769 40
1327 670 -47
855 201 -72
7 -7 -912
-1081 115 -1122
-1017 146 -1361
-1061 60 -1273
138 630 -498
1037 899 -102
2036 834 219
1314 831 -496
820 504 -254
-99 197 -635
-758 94 -896
-1040 222 -1280
-906 49 -1145
-369 59 -739
595 331 -129
1293 764 -208
1644 792 2
1229 620 19
758 265 -250
-178 293 -789
-869 -49 -1135
-1074 -24 -1410
-852 -182 -822
173 52 -549
772 293 -491
1650 491 -525
1315 494 -489
921 131 -357
167 185 -644
-663 -426 -1485
-36 -321 -997
537 -515 -416
764 -654 412
607 -395 999
379 -374 935
321 -394 873
-35 -600 837
-46 -743 662
-75 -1121 401
-85 -852 529
0 -881 610
-378 -1051 -121
-288 -970 37
-70 -1068 101
50 -1111 146
215 -975 350
379 -903 236
499 -914 102
535 -839 -133
487 -842 -384
101 -1055 -333
215 -1013 -361
-55 -833 -559
-140 -759 -629
-459 -926 -634
-575 -837 -337
-652 -826 -322
-496 -782 -470
-43 -1037 -569
627 -1015 -77
889 -610 82
550 -865 217
399 -920 362
187 -813 436
-56 -1004 616
-266 -1022 269
-401 -970 -24
36 -1044 -339
-151 -935 -472
108 -1027 -405
152 -877 -101
49 -1007 -78
0 -1170 -499
23 -851 -689
92 -1021 -656
202 -953 -400
263 -916 -210
154 -1039 -211
231 -1015 1
146 -1105 37
55 -1110 2
399 -1007 -19
425 -848 -247
261 -966 -401
94 -864 -551
10 -877 -429
51 -1203 166
-335 -931 112
-157 -951 176
-4 -1016 283
240 -836 531
383 -781 575
399 -850 444
304 -856 460
518 -833 41
590 -947 -4
435 -940 97
510 -811 22
584 -837 334
566 -798 297
989 -773 184
250 -939 -300
130 -977 -320
-18 -792 -667
127 -613 -748
105 -745 -1035
-12 -582 -735
34 -774 -505
291 -973 -479
402 -893 -392
444 -768 -388
227 -1014 -338
257 -775 -449
412 -790 -675
163 -1068 -242
366 -1559 -420
515 -696 -671
346 -320 -1560
279 -188 -916
-12 -445 -906
249 -256 -962
37 88 -1043
17 485 -802
-108 806 -612
-140 1066 -122
-220 883 88
-283 418 488
-540 -205 1037
-194 -346 967
86 -543 780
153 -724 859
179 -841 601
295 -1076 -27
353 -823 -799
125 -203 -898
78 153 -954
172 97 -1068
-77 319 -1071
-173 729 -597
-293 933 3
-755 545 986
-521 144 1095
-16 -137 983
72 -429 884
68 -580 817
4 -569 867
78 -749 310
143 -701 782
206 -737 596
228 -718 598
311 -637 661
348 -752 682
405 -869 615
633 -923 684
324 -910 249
290 -818 -9
199 -1007 -466
323 -790 -407
622 -709 -318
794 -667 -359
824 -831 -891
2040 2034 -1193
-1892 1583 -603
-455 -721 -873
-321 -517 -968
-348 -364 -860
-314 -364 -801
-332 -414 -877
-368 -439 -925
-325 -404 -970
-369 -364 -927
-348 -318 -933
-269 -351 -964
-253 -378 -902
-186 -332 -935
-306 -56 -950
-1211 958 -1085
-1989 2040 -1440
1602 2040 -352
2040 642 -341
605 200 -903
670 203 -697
750 228 -746
674 270 -790
1323 384 -683
1703 1201 -285
795 1518 -764
-117 1231 -869
-1400 1126 -835
-888 703 -901
-606 450 -871
-354 293 -937
-381 277 -1001
-389 387 -1094
-945 866 -1275
-829 1235 -1095
362 2028 -446
2013 1994 465
1351 895 185
737 708 -467
1354 825 -228
1645 1189 -150
1124 1378 -502
282 1403 -399
-681 1370 -772
-1350 1275 -1098
-1243 1128 -1198
-1040 1238 -940
-110 1346 -636
880 1758 -524
2039 1461 32
2040 1428 95
1660 1500 -144
210 1458 -525
-113 694 -472
-971 916 -990
-1542 1543 -1739
-823 826 -1168
164 291 173
565 677 314
1294 1106 443
1836 2037 90
269 1997 1113
609 1328 -816
2037 1297 -352
1359 2035 -164
1134 1566 1396
56 1729 975
1887 1205 -1221
1941 982 162
1519 2040 183
1669 1951 409
648 1172 104
-433 641 -816
1959 -764 -1168
1621 -148 -1241
-1782 321 -1663
1454 1299 171
1802 592 622
749 188 -1774
2017 1151 -287
1087 1201 481
615 712 -1079
1719 603 -920
2040 1327 -23
1544 1049 883
630 444 -851
-817 -31 -1288
-1234 291 -1742
986 1121 -488
2039 425 354
1623 430 -453
-545 782 -1878
237 1203 293
2040 226 1209
795 730 -855
-260 313 -1148
2033 1049 491
845 476 -395
509 -420 -1564
1403 151 143
1262 7 -436
724 -234 -76
765 -206 598
769 6 902
820 -5 1038
482 -232 821
416 -223 977
347 -377 987
257 -432 881
471 -670 947
251 -740 556
148 -534 488
583 -714 758
105 -1238 409
166 -1117 338
49 -1236 162
-24 -882 -367
169 -634 -756
180 -380 -863
23 -191 -1117
74 -38 -1056
74 23 -1030
67 -208 -1039
77 -949 -24
226 -1000 409
66 -997 877
-255 -520 873
-191 -121 1002
-182 97 1038
-107 234 1111
156 422 888
-10 657 791
-84 712 632
140 782 831
-234 751 848
29 804 232
506 905 -612
244 474 -1060
-217 -33 -1113
7 -199 -1019
-254 -269 -873
-220 -749 -795
-207 -949 -437
60 -946 291
-36 -755 823
-95 -391 1001
21 -226 1124
37 -220 986
486 478 869
749 690 314
775 557 -714
633 211 -1421
37 -40 -1075
14 -222 -998
42 -225 -1028
398 -249 -1191
264 -628 -708
-57 -1047 -246
-171 -844 479
-89 -549 893
-174 -270 1109
-153 -24 1315
378 428 854
445 612 318
572 764 -864
287 307 -939
-6 -122 -1203
-55 -334 -1168
-234 -566 -341
25 -957 -413
-66 -905 38
83 -745 649
-176 -888 998
-92 -397 983
220 -199 927
261 -167 1053
583 98 603
591 479 551
746 744 -93
546 231 -614
316 -166 -1092
-214 -217 -868
-156 -401 -828
-171 -663 -823
-53 -682 -813
99 -664 -616
175 -800 -705
413 -877 -648
395 -783 -538
363 -709 -684
328 -456 -887
633 -201 -684
497 -72 -868
531 -4 -884
613 46 -870
577 24 -878
586 24 -871
