-0.43130322624 0.0356156176999 -0.676288901043
-0.436653540867 0.0396800953594 -0.67648923842
-0.436447537159 0.0486879947834 -0.678193567741
-0.439710798439 0.0435779429343 -0.674458778058
-0.435301236384 0.043091168548 -0.684585454893
-0.437153342495 0.0414433612931 -0.684084124245
-0.436976790441 0.0415968755103 -0.669495851932
-0.440328327748 0.0364100665526 -0.673055198406
-0.442826906696 0.0474246191035 -0.677291075134
-0.450353032511 0.0407310472727 -0.685011267417
-0.432243978812 0.0391933209731 -0.686615915255
-0.436624115525 0.0397056810623 -0.674057859701
-0.445325967458 0.0385833497641 -0.677817543552
-0.44115137895 0.0400901126372 -0.673656697742
-0.431332651583 0.0355900319971 -0.678720279762
-0.446589969604 0.0440778331881 -0.681151171275
-0.439710798439 0.0435779429343 -0.674458778058
-0.447589599171 0.0387755655516 -0.677616962572
-0.442621384803 0.0365766966372 -0.675285996145
-0.453585904819 0.0753582249069 -0.686263915635
-0.441003235986 0.0975872839398 -0.706366581472
-0.442120593234 0.0833538739879 -0.693833907292
-0.452880073172 0.0914316579011 -0.699097339483
-0.455938268063 0.0644466611996 -0.708372042854
-0.460288979433 0.0649846069916 -0.693382608581
-0.468020653453 0.0603101581232 -0.684383899501
-0.459319257023 0.0504054670351 -0.695638787694
-0.421133269402 -0.0303431230588 -0.674786265904
-0.486747744587 0.025995386647 -0.658942283349
-0.483190659076 0.0291630726424 -0.672101838239
-0.482867409502 0.0272462924915 -0.679095224727
-0.487335822242 0.0276818954722 -0.67383130533
-0.479721875903 0.0234252020252 -0.673831548933
-0.476370312285 0.0374408104868 -0.688996182811
-0.491420207465 0.105675177268 -0.685535648222
-0.537395835094 0.194923392357 -0.653499093932
-0.460226966533 0.133396135597 -0.564693866493
-0.429477365163 0.253489565137 -0.907441844144
-0.46583030889 0.693229262831 -0.844318234943
-0.41167053715 0.926660616448 -0.600876970622
-0.375919214629 0.995932595567 -0.451685236359
-0.333701613055 1.03346364032 -0.341145574674
-0.488890557237 1.01887591418 -0.0685270320376
-0.498355313892 0.889016899836 0.36651243743
-0.33719626635 0.813951767941 0.519809731115
-0.266524442384 0.759887592194 0.581067955933
-0.531487272813 0.850706669665 0.411280020477
-0.695500552257 0.932118787887 0.00341501071694
-0.524054126051 0.981034401368 -0.311464218124
-0.329618462789 0.966533288881 -0.468104849671
-0.182747685067 0.942781968984 -0.518039593868
-0.0790317227031 0.937978288685 -0.49382851621
0.0232432036461 0.918659755704 -0.483829930279
0.152152001759 0.878916491613 -0.482555172339
0.506836488736 0.737746608326 -0.261510626043
0.550111851948 0.681316074691 0.0225828158564
0.49349284244 0.66620415381 0.182553559873
0.471944860103 0.675703559312 0.222057849519
0.244437534049 0.711513078704 0.417200596622
-0.0605349201825 0.702684311755 0.570233903394
-0.376238637655 0.721850644287 0.563047558452
-0.563679205993 0.848566287977 0.305277611184
-0.671393581382 0.867476095745 0.22030744693
-0.715638421988 0.878882395691 0.103276599004
-0.737069990534 0.881889475357 0.0512907463403
-0.73389629286 0.880328101451 -0.0609538366837
-0.620540195904 0.8951949099 -0.299983296743
-0.449151919863 0.895483000716 -0.439904296118
-0.353345041959 0.881454911567 -0.488759886483
-0.212147802126 0.872513648985 -0.550625561921
-0.15561586 0.867657082893 -0.560502843852
-0.250100314267 0.874043637141 -0.537189420721
-0.537463490116 0.87426920933 -0.412079627964
-0.711376845031 0.873871247025 0.0135159237856
-0.610627876114 0.831060488798 0.32808824205
-0.256940557009 0.801525046334 0.496671994796
0.252080958352 0.724939569968 0.382183771033
0.581478106148 0.656289566163 -0.0369996278523
0.68013269913 0.576454748942 -0.281193847009
0.625419522416 0.545491931637 -0.540448285294
0.497803346027 0.59302745125 -0.640883102286
0.228754150495 0.664758923949 -0.770089786691
-0.062198111364 0.648601887146 -0.836683132133
-0.335035853479 0.763231392678 -0.724706260901
-0.414613790004 0.824787028736 -0.671789611021
-0.55892668259 0.848601989874 -0.597741660617
-0.641970827131 0.929084833843 -0.340663985674
-0.600369064406 0.959412094235 -0.0750425544048
-0.49021243822 0.924968300796 0.249180004214
-0.350542898901 0.874913121935 0.375657831883
-0.0183189564473 0.757908863487 0.489647414442
0.2499634371 0.667890471481 0.439408022931
0.272452653824 0.674669184597 0.406521339187
0.0221315738938 0.699022102378 0.540328499337
-0.510968879822 0.798365989926 0.41403592983
-0.735925214135 0.790238784939 0.112199025175
-0.679426481154 0.792059025716 -0.259928548087
-0.415259991513 0.7866748144 -0.530444383889
-0.143891720815 0.706045313766 -0.685207922537
0.0474304356581 0.717409014246 -0.660973517143
0.103933381634 0.714725085333 -0.639543625398
0.153145630845 0.714381069716 -0.625106876539
0.204860532227 0.793436903521 -0.452579122216
0.187868380271 0.798181017386 -0.478521720601
0.185516901724 0.800494698947 -0.451876723383
0.218237229801 0.805329754145 -0.422049134689
0.362935603565 0.779577368312 -0.19087133428
0.308581618592 0.806183098305 -0.00478143546725
0.326660038304 0.824511516168 -0.166205060266
0.396006889787 0.773728337532 -0.300559962935
0.498391852875 0.593539165308 -0.59225552791
0.587427484918 0.277915443082 -0.803592166694
0.524442623114 -0.254613820972 -0.851199315162
0.262558564295 -0.69505312083 -0.478121718456
0.284372241316 -0.838988378423 -0.0949442568108
0.26426688021 -0.850325226229 0.187346635903
0.339029545383 -0.801517971853 0.414341271153
0.37886763589 -0.719788964583 0.575414287113
0.363499019863 -0.548196393292 0.754737908969
0.317781282515 -0.659438440688 0.658334212498
0.318063929641 -0.866425970165 0.123753303407
0.337581292025 -0.826916215023 -0.229598552344
0.205673412816 -0.725818781188 -0.422525059741
0.364747992043 -0.491566108414 -0.756100035162
0.351639600498 -0.328922736465 -0.865609393798
0.265921280366 -0.0588046412005 -0.968096922547
0.335931020913 0.422613994947 -0.90923624269
0.416313112505 0.628631840993 -0.656095575677
0.466144660418 0.661906192295 -0.545556157595
0.523943206157 0.673573279576 -0.368392477786
0.520508061321 0.674832566207 0.0293260766328
0.532179384831 0.552773545531 0.353373993687
0.486493971932 0.421629445998 0.570467464109
0.521063944424 0.311175599991 0.655788724408
0.594465492678 0.0940855588161 0.717946589435
0.730859585578 -0.362556647488 0.701192078259
0.875160529823 -0.708389388684 0.311661176156
0.940329464499 -0.742949915235 -0.171658912892
0.868951529342 -0.515122029159 -0.699488386403
0.760832049809 -0.183273716752 -0.945325490466
0.570632147663 0.0446406101343 -1.07535859419
0.433407907896 0.25126953169 -1.09718435947
0.317378388492 0.395119222285 -1.0753470769
0.314037003822 0.676670903344 -0.842205740202
0.116901470807 0.856421689844 -0.65029481775
-0.0911720477706 0.955844658976 -0.44467398621
-0.133031718871 0.978116292382 -0.229808948335
0.420586514466 0.762431905685 -0.00343115940307
0.462390557936 0.687064487899 0.196541307261
0.505720382879 0.43432512965 0.55633014209
0.442836358813 0.287890222173 0.734170771406
0.357082647386 0.257911272524 0.80483262612
0.390801720333 0.254823350089 0.782372881673
0.488309617875 0.0481533665434 0.825430254953
0.685438326551 -0.436065324931 0.741622989894
0.782765274867 -0.700186249533 0.507602488321
0.945945334038 -0.786531673324 0.0115208395051
0.987247526942 -0.69674917239 -0.373012501071
0.993953247428 -0.507637249488 -0.552956672843
0.987075600641 -0.421083495051 -0.626949232046
0.879188580337 -0.225823027371 -0.793630895796
0.667003170236 0.170053494596 -0.950305657138
0.536694867657 0.570298068788 -0.760222458501
0.416466642581 0.791966882419 -0.452458653838
0.33236310678 0.845042242573 -0.226738671715
0.233266012166 0.831808833447 0.100747565393
0.134988411876 0.614103028477 0.585869022471
0.0833338148404 0.455603262568 0.740398038689
0.0886507180524 0.248522626564 0.861462165586
0.215767785116 0.293236590807 0.800800845626
0.33062053584 0.0887600984517 0.846514829169
0.36218695935 -0.183185972343 0.86718891656
0.429799274536 -0.279658612942 0.836680761175
0.435587272647 -0.389213083157 0.790683163698
0.622665408097 -0.668344029855 0.535454730274
0.768999907588 -0.787330832165 0.0667447456819
0.805744500718 -0.719243530131 -0.349847955739
0.738307415479 -0.498978274284 -0.720565442905
0.766093448728 -0.260243570434 -0.836365998821
0.766978749628 -0.116052892378 -0.875591580568
0.79164608137 -0.0345522183371 -0.844609529544
0.792089844269 0.0562818771528 -0.807961909959
0.704460838667 0.273926419615 -0.768728430989
0.593726882738 0.512903662621 -0.6164224201
0.445836939633 0.729777624155 -0.14144435922
0.274862580173 0.679037251063 0.332276566659
0.188108520566 0.544441016351 0.578697861557
0.231556467853 0.433064792977 0.648628525625
0.248105180859 0.304369608489 0.746557978228
0.350288458478 0.145983565167 0.77522828617
0.49494484519 -0.265812005837 0.785821066233
0.750809708055 -0.662410301818 0.413632292159
0.777846311077 -0.799269909646 -0.119769991243
0.680302926872 -0.641058231163 -0.600150516066
0.648791815261 -0.421961970036 -0.810974343771
0.596261816729 -0.239247981159 -0.878647715524
0.614079402649 -0.157221831162 -0.851926678999
0.719327033505 -0.0658123912251 -0.787308054302
0.644461961695 0.337457745373 -0.715787130545
0.602287345332 0.595447759898 -0.298562330823
0.429169972728 0.672965676249 0.1441042607
0.271334359257 0.629552930368 0.407748849635
0.242552901219 0.520074358374 0.587318841228
0.284882983133 0.365780103654 0.692215568137
0.370809260543 0.192921994878 0.759437153975
0.373331430435 -0.0739944336602 0.848065269843
0.495674425647 -0.452667651807 0.745035999411
0.716852928539 -0.723490976441 0.360292126995
0.815536220033 -0.763552656205 -0.0425677199942
0.742950540165 -0.691259821278 -0.419253159776
0.473520628979 -0.43669030399 -0.853331717387
0.436658965943 -0.29298876074 -0.895840059297
0.51141905596 -0.257370843658 -0.871276738416
0.677723938798 -0.259454488453 -0.78337494402
0.662145324773 -0.160797820047 -0.812374062636
0.600827983924 0.10453681375 -0.838461782845
0.584785905103 0.396874068098 -0.703577768984
0.608924360134 0.45582424674 -0.592711489053
0.49233929801 0.652088790055 -0.422057904393
0.436958106453 0.726303555758 -0.193530867778
0.37025768746 0.726452558602 0.118313811765
0.392834864479 0.627362434778 0.317409028405
0.385249730113 0.567644894518 0.417169960798
0.445073421543 0.537041121701 0.394684104169
0.493990348456 0.46141440726 0.467121803869
0.463210752778 0.434015740796 0.533997514136
0.434756014043 0.635988909079 0.272390101632
0.452363891386 0.742195950736 -0.115175386191
0.457064728826 0.735406272706 -0.355882122954
0.367220894805 0.70187091036 -0.623181910152
0.313011487698 0.724244031079 -0.646090412467
0.273326445452 0.785994243344 -0.599817098279
0.271448479095 0.846050630964 -0.425458628952
0.248434379951 0.880649425911 -0.102660646507
0.0918928862704 0.92225400023 0.0132476977414
-0.0862574811521 0.997630892251 -0.0797911091861
-0.136731770721 0.952658909175 0.202199138672
-0.0914003647205 0.922379366319 0.259222217571
-0.199584310631 0.929816872481 0.274013611706
-0.217369606631 0.958122440024 0.246191484394
-0.322731592466 0.996772611004 0.164605467007
-0.396461261062 0.999563614419 0.183983032269
-0.365152430196 0.886162031471 0.460455824578
-0.322408387297 0.838135662663 0.528382279255
-0.429093120717 0.917544343677 0.363703955297
-0.454198565136 0.939335439309 0.345181286734
-0.564059168505 1.00048558031 0.142778764178
-0.485891694846 1.02595391758 -0.0604056777947
-0.282609277835 0.975225551986 -0.313650552815
-0.192595916709 0.920770065409 -0.45923544951
-0.243806995861 0.912707768635 -0.432865228567
-0.263916648895 0.879388692007 -0.487959859803
-0.226084571147 0.811594226722 -0.601208948133
-0.178050781076 0.750659317321 -0.672899123097
0.128221240896 0.82893830442 -0.44144759166
0.0781587400377 0.870414293342 -0.346396397656
0.0696611224189 0.851849370931 -0.449366659702
-0.027702644543 0.904197153633 -0.383114768121
-0.30033671309 0.955041847651 -0.310467125718
-0.559595179248 0.933923750991 -0.106250777407
-0.58714134187 0.918240127296 -0.0980037682895
-0.471165075551 0.950807531449 -0.0381488455437
-0.344224665786 0.960052783459 -0.0385025164074
-0.325293287715 0.99458256283 -0.200602671461
0.123932516115 0.889058979314 -0.279045434947
0.546054272506 0.589425436708 0.18164873605
0.0798962017509 0.905004916969 -0.157901337119
-0.479964532291 0.797500168468 -0.533024501616
-0.224696543202 0.942922800509 -0.340497836234
-0.00858861856897 0.857079396904 0.218863379643
-0.195647647397 0.935587211446 0.0188441526913
-0.659081346448 0.852069186479 -0.241554828158
-0.430361686117 0.95183117242 -0.123097630884
0.207953355394 0.86448375952 -0.0734583720922
0.133871090815 0.895652355896 -0.105690740117
-0.489832860496 0.927570953765 0.00717010008918
-0.573176216381 0.904158293465 0.0373257346707
0.0218375227401 0.908459210563 0.032900631299
0.393628832381 0.738431196542 0.0721674044426
-0.149639808781 0.930184315386 0.0418784486709
-0.769058434324 0.754162685626 0.0370269706847
-0.451586147553 0.90863922363 0.0554957067824
0.523359454957 0.567008247547 0.268702281862
0.392982017502 0.636319162796 0.310841941647
-0.660136656267 0.776013535455 0.21426484579
-0.885922244534 0.392035721807 0.255923027152
-0.442854406556 0.781751593836 0.410023579426
-0.294071384459 0.766293921246 0.465665919204
-0.855344123838 0.511867913205 0.359621346984
-0.873102964316 0.394577736598 0.412658989306
-0.706321923417 0.628975102848 0.461211391092
-0.700088243366 0.828740584865 0.10370154193
-0.935085953563 0.0527196217886 0.121992234668
-0.917096423248 0.00697146313256 0.0506037837843
-0.937958152499 0.500265549762 -0.14913673815
-0.81958900752 -0.219554342303 0.0973705653739
-0.978947782903 0.0843143577617 0.0328599017765
-0.973116868638 0.530748486176 -0.114569749654
-0.795895760832 -0.311005724822 0.182717450649
-1.04758398459 0.349729188294 0.1172872975
-1.0365921852 0.299982131316 -0.0379961662654
-0.75091976277 -0.405556207547 0.154215105062
-1.05201909116 0.517865751603 0.0765833487864
-1.05387869582 0.269155190137 -0.0133566304289
-0.772025480274 -0.382447771234 0.278943199927
-1.04381671691 0.487634373701 0.181382620616
-1.04973457522 0.204438325015 0.0519635943385
-0.797306618362 -0.356413744054 0.313309363841
-1.02764665252 0.526281949701 0.199304903045
-1.05890484987 0.293356932418 0.00947878979126
-0.724665924234 -0.439610614011 0.372486609153
-1.05912951291 0.635061756718 0.148123113498
-1.06149609379 0.10793473184 0.0687814123988
-0.866214235673 -0.316237894286 0.315442185317
-1.0912916968 0.599829985599 0.153186556728
-1.14013065819 0.335822170108 -0.0363138078773
-1.169937264 0.397519918904 0.0772357865182
-1.15712733065 0.100062290434 0.102196130991
-0.804835687688 -0.499899846234 0.36529358212
-1.17313918658 0.518226546423 0.0111143510333
-1.19951294317 0.375638527971 0.00391874918101
-0.769031383409 -0.556270387722 0.286710676563
-1.16270886955 0.229651682458 0.161503971191
-1.19263521745 0.315571172047 0.0217393673272
-0.701741406789 -0.628772203398 0.293225051751
-1.16159199412 0.22402927052 0.15268070532
-1.17529279965 0.209656754283 0.0616669994911
-0.669757220398 -0.653261412166 0.284701561137
-1.12575748504 0.145594361987 0.200178224328
-1.14401315733 0.175688781167 0.16719258991
-0.692861180786 -0.583388268338 0.371631296085
-1.11899363249 0.235442438869 0.197322041474
-1.15350488585 0.301803458762 0.210483440374
-0.719318955999 -0.573837045398 0.379928824346
-1.12390401242 0.180323236401 0.244720609808
-1.16452533935 0.468497546471 0.153662333236
-0.912900784423 -0.390846756953 0.251323812044
-1.0722568794 -0.0384735215784 0.314348541407
-1.18022406382 0.467772762615 0.133484741293
-0.929158187515 -0.398688245785 0.237412557192
-1.06637921244 -0.106041368022 0.301964815861
-1.21062150662 0.456166086415 0.160781861805
-1.01099868688 -0.261913552143 0.208215050022
-1.02322270663 -0.125024915595 0.381497183939
-1.1547630536 0.563225403876 0.12518895223
-1.07740577167 -0.144500167861 0.181022134636
-1.02095953042 -0.136244153768 0.366282030917
-1.1420038064 0.59443677663 0.100950578353
-1.13567003342 -0.0087929816278 0.0739447467377
-0.972101454188 -0.211922039616 0.433856973179
-1.14215187043 0.56342600384 0.0774885210258
-1.16238915876 0.174833921234 -0.0405019130476
-0.861335795398 -0.395738584988 0.359055201222
-1.11728485119 0.378151293723 0.192436511459
-1.15571039371 0.34179439771 0.05444977224
-0.882295568525 -0.343781690791 0.319828611087
-1.11993342143 0.278731785923 0.179576210643
-1.10281803134 0.571963251197 0.00592500932543
-0.95711068102 -0.229433003661 0.279451246643
-1.09747221091 0.336223579502 0.151853903603
-1.08644480152 0.518141394287 0.00695145158725
-0.899493189751 -0.310532055452 0.254432973009
-1.04132678431 0.128043826631 0.233663866567
-1.06787090829 0.216941580023 0.219829625432
-0.758886139009 -0.459011693298 0.323583771295
-0.954606881044 -0.048519913932 0.299055573022
-1.03626646571 0.275939490443 0.232337683025
-0.842960362929 -0.302163376275 0.293308815515
-0.887963885386 -0.137043991197 0.323266129496
-1.03867519163 0.390742263293 0.130647815763
-0.929858211074 -0.167663016592 0.187009100971
-0.791660175675 -0.298456676132 0.360433815871
-1.03268033143 0.294592138267 0.150422993755
-0.995175944829 0.014696858105 0.152447888109
-0.749241151742 -0.371016755325 0.337847408161
-1.02012708794 0.316795611597 0.127888949198
-1.05449164378 0.381086337121 0.119468689297
-0.763176554251 -0.398855110429 0.332307738076
-1.01854186872 0.194645862445 0.213962745082
-1.06146010722 0.324140227478 0.150348937248
-0.716228471189 -0.436520331157 0.388102436929
-1.05114203373 0.306849858518 0.13786566901
-1.06564082777 0.108651777552 0.100790497703
-0.776698206262 -0.391055975652 0.439589638577
-1.0768351003 0.341354485362 0.119468550508
-1.07090383 0.0730813685401 0.115303113102
-0.809592835185 -0.349738232639 0.488970618136
-1.06492650763 0.420328408042 0.152255586746
-1.05679238356 0.0723886164667 0.157864444161
-0.82937543675 -0.243785113304 0.434655294639
-1.03638406184 0.311152345647 0.147716246741
-0.99564816944 -0.0364511793073 0.105950073185
-0.829728461926 -0.217605743227 0.349306808957
-1.01760098459 0.235212156692 0.130669857532
-0.944497439039 -0.105665118617 0.123293280439
-0.742390039408 -0.338461164123 0.387152138787
-0.966596627763 0.134951536616 0.278229197391
-0.998350527199 0.00303298674274 0.215939346696
-0.645441144439 -0.519130877511 0.327841375353
-0.78972158924 -0.33201140181 0.288444352857
-0.980947813273 -0.0432627939453 0.249601511368
-1.03264258368 0.676310693623 -0.00382547055316
-0.944243867113 0.743979370495 -0.237915541849
-1.02282750034 0.583594433893 -0.129005628914
-0.993221003006 0.64741127719 -0.0269374770828
-0.973197909228 0.689446488239 0.155817227576
-0.975725484325 0.702633677969 0.182888524524
-0.891794698683 0.790593779712 -0.0496470356845
-0.912053326755 0.704209885521 -0.158232868332
-1.05899743591 0.123406577801 0.0168453480699
-0.517800798265 -0.628334684025 0.100740863735
-0.535760903237 -0.582560939666 0.174560693337
-0.591969569478 -0.57079235422 0.158720608428
-1.04315086612 0.223574307597 -0.123045397874
-0.790495153183 0.730791090705 -0.419821510718
-0.882134914814 0.508091988019 -0.475970364759
-0.612374447783 -0.505016362476 -0.246591231408
-0.407796878296 -0.691483303447 -0.0257946523745
-0.47050449008 -0.742846125046 -0.0730680870168
-1.02116212523 0.28952143741 -0.362071934699
-0.785236197866 0.684775897249 -0.606913235205
-1.00120514389 0.163901918377 -0.443137120511
-0.390188913803 -0.69785243246 -0.136209843222
-0.431521906779 -0.681679017075 -0.132473835525
-1.00741304263 -0.124054157028 -0.203312468971
-0.728321218163 0.708936566689 -0.607615982455
-0.804408900224 0.506690141234 -0.659453546456
-0.627923610155 -0.397505308863 -0.291882951657
-0.498661112657 -0.520833093794 -0.00671474077846
-0.596202263748 -0.464206471569 -0.0412522066519
-0.727812885183 -0.34746562053 0.026304939904
-0.990558662295 0.0320108746716 0.275571091533
-0.62691309302 0.796671107776 0.521595739468
0.265399050258 0.677177875541 0.572657415984
0.700095995028 0.300602006441 0.570761392896
0.696742907034 0.200532533797 0.653226192761
0.430023745068 0.536843315333 0.581675033972
-0.22812946314 0.981659600063 0.169741539103
-0.859634284187 0.799375060294 -0.15221672779
-1.00134757579 0.179125642063 -0.0654459574087
-0.944348735328 -0.00182572691273 0.0307020473425
-0.990108644023 0.520033223915 -0.069325834939
-0.481395302208 0.965976434636 -0.052109993544
0.413385249752 0.727299247216 0.191705392814
0.766210079447 0.319761203455 0.3602579206
0.686160294881 0.314709425975 0.437863268654
0.22044818561 0.749771715146 0.266205616341
-0.571590357484 0.854837163227 0.00734624013035
-0.881311881706 0.35652057325 -0.123322647038
-0.814676139579 -0.038669631872 -0.0247469855657
-0.87820005716 0.191629099076 -0.12455363588
-0.788875200445 0.688018398867 -0.0387975894909
-0.0844648045666 0.804993939012 0.326772370479
0.60943422559 0.427359134444 0.393124477421
0.697271433484 0.247371204826 0.4834314704
0.486260172502 0.53396502307 0.427544327315
-0.336698242332 0.924800580652 0.0965761300324
-0.917526616402 0.49858677908 -0.14607920953
-0.835960362708 -0.103966796841 0.118954450578
-0.94434584444 0.117309204428 0.00844559748429
-0.853136644316 0.708020430006 0.130047183143
-0.127295380411 0.870565241744 0.367782008873
0.671934896348 0.438831212343 0.430797077651
0.82506287435 0.193394530783 0.497238902521
0.671257902985 0.367612345145 0.524667209937
0.0591748965519 0.851149086791 0.354367246588
-0.750563933974 0.880921304308 0.0260498159804
-0.990174108558 0.286144543567 -0.115876777802
-0.901281924669 -0.0716246977611 0.0953445238409
-1.00084638134 0.219272242792 -0.0315313358086
-0.885033386754 0.737018749623 0.0596637247713
-0.193939847824 0.890693053834 0.37342365768
0.582185128347 0.504579900607 0.459600764925
0.718058990889 0.373963193424 0.474685113435
0.468065330782 0.661191500224 0.347135856392
-0.253470415542 0.967930812056 0.206663762198
-0.876683885788 0.706915300235 0.176619890195
-0.973535481687 0.139832609204 0.180472961594
-0.970389063392 0.149236764006 0.234489761826
-0.945008138346 0.582161620292 0.155839895341
-0.456728925878 0.868702895714 0.319613112131
-0.01955353325 0.763428932614 0.488745165437
-0.151608346777 0.787137465281 0.485916140013
-0.404106665246 0.889056236587 0.271285451801
-0.531931367878 0.93205211849 -0.0673243109447
-0.50148124096 0.859962048721 -0.449754525433
-0.29332124206 0.725336546657 -0.726863489339
-0.220618780047 0.770154578951 -0.703803916799
-0.0987040951347 0.805799796124 -0.647583615048
-0.175723288138 0.871815519188 -0.50307665417
-0.473314141798 0.891570532353 -0.170772714692
-0.525702287269 0.864827208456 -0.204209681797
-0.46685134891 0.824586215916 -0.441885245725
-0.321565545387 0.863381271526 -0.413087370944
-0.169549493117 0.866269218326 -0.468536265062
-0.214441822811 0.832968635289 -0.54543754304
-0.504862711735 0.826065032667 -0.433311861964
-0.71720378144 0.769490260434 -0.295671831055
-0.76826601711 0.770348783703 -0.122190506939
-0.757738961873 0.768625074839 0.118515742618
-0.614833922467 0.714789654645 0.41122957217
-0.320295333932 0.672338366618 0.598162603906
-0.0145567782359 0.748030404134 0.444754386146
0.240085403545 0.66131235833 0.424594275471
0.415353532856 0.6429955331 0.268229743028
0.529150501822 0.629561505697 0.0881043524122
0.533265109934 0.677395225542 -0.126157098514
0.377869269131 0.779636923893 -0.233909589026
0.357114080578 0.789863051347 -0.282436263905
0.405327076793 0.768757391968 -0.193278793243
0.304788324578 0.816071879931 -0.115997975822
0.0768111566748 0.891183671858 0.0328238951606
-0.294923063457 0.895749797566 0.234235868611
-0.671453798578 0.83434385718 0.170400973365
-0.701382047424 0.849668858712 0.0267500223878
-0.692977856146 0.841778349428 -0.282436480462
-0.438983224292 0.831758390814 -0.558341298516
-0.307248445501 0.895984594506 -0.462140862657
-0.241810014245 0.868177191977 -0.515006506187
-0.165813604343 0.915896730965 -0.373310707074
-0.0844392501764 0.924298087956 -0.307765460388
-0.00953388177319 0.907107044504 -0.312379553731
0.178642127731 0.85829201604 -0.19607951406
0.337566942592 0.774615886131 -0.0214262803241
0.353706968263 0.749238057018 0.0913939334574
0.362232618402 0.72591869847 0.170475838447
0.251755623654 0.594460265534 0.516358672874
0.12073093391 0.698523493337 0.430112079436
0.0500885352864 0.752613254787 0.371285233337
-0.0824072291839 0.778136224793 0.365724079525
-0.221899787255 0.830543140754 0.287573076564
-0.290690938153 0.881884263694 0.160767795026
-0.263027126783 0.880012631193 0.199694261489
-0.11891905557 0.818469241262 0.303462218999
0.101122817368 0.820125410989 0.165520325221
0.178114109406 0.840137966405 -0.0487181803615
0.14377546643 0.860382096063 -0.268443539646
-0.141618146953 0.921961191964 -0.298915977523
-0.316714979767 0.878737658808 -0.457929880096
-0.339941196561 0.838238235963 -0.53087138045
-0.503891140999 0.864422781759 -0.394233733258
-0.579737314596 0.867533929477 -0.362498693421
-0.63744500915 0.869132936597 -0.329936922704
-0.661375209266 0.865496969807 -0.348710691392
-0.660903089898 0.881329809203 -0.227316955058
-0.621477970437 0.905331373845 -0.0554164638379
-0.479013294917 0.908481410896 0.155959907607
-0.233510780108 0.881987028829 0.271857949698
-0.213050221551 0.886964420472 0.224884324289
-0.360010641812 0.877557916102 0.222481216201
-0.540603602075 0.853694400241 0.13360175949
-0.637794461012 0.817979518072 0.0943253470429
-0.508765281129 0.826843132102 0.232861012819
-0.0275512966188 0.760758343277 0.355921828511
0.261221457399 0.660283552492 0.33232670341
0.287002747375 0.608198083749 0.395465918773
0.371314809419 0.559662361304 0.407920882403
0.294528286132 0.559720635673 0.481791440775
0.315018778158 0.593408234413 0.414815805423
0.237557075306 0.705418300311 0.30929254622
0.0383296099576 0.817190367591 0.238488147382
-0.0510389424812 0.867848201841 0.216408081168
-0.0477171807766 0.897297600726 0.127625555471
-0.0899321545715 0.890613492278 0.182069247451
0.0343615332823 0.853376125536 0.21018958359
0.221006242647 0.831951169893 0.02394635129
0.229471859767 0.837301169308 -0.0779460797522
-0.0184962353324 0.797502901025 0.313962135578
-0.00288741651273 0.676781865574 0.469041678759
0.0469702892832 0.606406247363 0.533082412319
0.143217504761 0.526563901465 0.584288260412
0.104236472147 0.56027945718 0.557669862581
0.00319553554215 0.518906901129 0.627178855374
0.329031943921 0.0719190943718 0.786406891453
0.338905667455 -0.0913763899842 0.815881333348
0.424562964627 -0.381365570569 0.763537323037
0.512513047527 -0.620746807097 0.567341675957
0.638947357545 -0.737630204049 0.293017169615
0.850638652427 -0.641834857549 -0.21288838959
0.857267389111 0.0745146077506 -0.63523493146
0.600070370947 0.333276740679 -0.773788358966
0.392172782837 0.507915973799 -0.789572183074
0.347607828562 0.580770611591 -0.757059679509
0.238516252074 0.697685184826 -0.667495305231
0.155182785716 0.872723019503 -0.213399183951
0.0499415138182 0.787800524288 0.284232418333
0.151331173795 0.494057543573 0.64805484369
0.154913619643 0.267773844117 0.816793776815
0.161498029258 0.238333475441 0.821605771507
0.385621264977 -0.00128256548925 0.81124457224
0.551119452119 -0.414362799359 0.705255993054
0.693541676865 -0.669220400683 0.347710534079
0.940924042544 -0.407051543952 -0.373508022108
0.804434543423 -0.073945655912 -0.716624681884
0.548502009219 0.199177815482 -0.855553889976
0.423304921877 0.489279448294 -0.767389999349
0.416309871357 0.533785085282 -0.72374961927
0.424923876456 0.537028882353 -0.693545519181
0.347932847528 0.605304321977 -0.666546817122
0.264973974665 0.670476362878 -0.638344872788
0.236429146105 0.689202115327 -0.633982471587
0.215644935092 0.692772080456 -0.632477992437
0.206795474631 0.671665998754 -0.644685161571
0.186746038793 0.67147916069 -0.649873319242
0.177279530839 0.663061024496 -0.664386317034
0.1024063208 0.746439787968 -0.567253412716
-0.0139746911857 0.863460143642 -0.364742543786
-0.0201748545782 0.902026017985 -0.202992405553
-0.188858039838 0.928415895436 -0.0829732474328
-0.307948671331 0.917316858485 -0.0294302380267
-0.435918538888 0.909374329758 -0.0804362699258
-0.552365234115 0.860938178233 -0.108006739073
-0.654524386353 0.800935766465 -0.09344217689
-0.477927482664 0.920526920238 -0.0464208876185
0.717586950454 0.384616752539 0.297119436045
0.655147355278 0.41067335897 0.37683041417
0.677665410285 0.362306637881 0.424980438864
0.682074946029 0.352991063991 0.433577742382
0.683368373517 0.34752216627 0.439342748824
0.683280071179 0.338616609657 0.45077259302
0.684867296587 0.322376546579 0.465836814607
0.691922564302 0.311003148156 0.472102908094
0.685454892427 0.300834215863 0.484435244898
0.702093432148 0.267098452169 0.503634687319
0.701563697052 0.240151511006 0.516041811438
0.730078592144 0.192715551461 0.53168142018
0.751948781492 0.115101323516 0.548774501722
0.787076066098 -0.021316884674 0.582785708803
0.833283750074 -0.240522367867 0.577442062079
0.832200662627 -0.0473431737099 0.536588051529
-0.168658578182 0.908803024174 0.245437592005
-0.815455758285 0.410621065054 0.184108310515
-0.707420252975 0.387632162227 0.0746683459541
-0.706863422677 0.341811978155 0.0270677010458
-0.738262317056 0.280794944772 -0.00215925791027
-0.761076605368 0.231824922263 -0.0223374758486
-0.75857899005 0.181098725932 -0.0106827825012
-0.674695369861 0.502737441287 0.254641655074
-0.192735283423 0.829976379098 0.450499857685
0.637242999614 0.266732947361 0.627561293887
0.870616831959 -0.319814720461 0.561523153419
0.862557677277 -0.465959588175 0.536004002365
0.860323444596 -0.474570586188 0.557359942416
0.845243134133 -0.454902248394 0.584531895258
0.834278105991 -0.444805341519 0.59598736443
0.803381317069 -0.443621729399 0.630704171159
0.732976064267 -0.371705591294 0.707558584037
0.64826192874 0.0139849954694 0.751682567011
0.00987416082621 0.780785949267 0.482428204391
-0.726261112028 0.538548021573 0.00453723969707
-0.769377645085 -0.104218142496 -0.20261574384
-0.793630639271 -0.0949103067497 -0.199381553996
-0.753355083985 -0.0502391188852 -0.268036868105
-0.672029725504 0.286795331354 -0.0980121498369
-0.615071768808 0.745539629249 0.0957273262881
0.267982498002 0.657483096544 0.295555029357
0.788631238385 -0.0684294697571 0.430435198007
0.743524232319 -0.468142746242 0.422007598924
0.697750780191 -0.519904407347 0.463291110019
0.754052943488 -0.339668593404 0.501793780734
0.586235243769 0.219174014702 0.524691792548
-0.139410405981 0.780385196757 0.302960749561
-0.75119117851 0.450150591611 0.157813502884
-0.704317801613 -0.0860877547099 -0.0396142802169
-0.814345338836 0.224133941197 0.0212529771048
-0.529875369494 0.80148294108 0.0763755247916
0.263631331127 0.64699401995 0.295529891587
0.827142429149 -0.0628427529371 0.410732719717
0.733001950824 -0.424580986665 0.514977465006
0.671657865033 -0.110767403262 0.613993759038
0.0972989584235 0.589412797422 0.523681323264
-0.754038043419 0.659416334629 0.0873069984334
-0.690740005628 -0.151169052895 -0.250844835888
-0.669455932148 -0.277907254131 0.051119848114
-0.737577640969 0.660878162709 -0.136655942799
-0.674988991822 0.714372772354 -0.219047660569
-0.590318954783 -0.198585883669 -0.337851168184
-0.659109747203 -0.310595505539 -0.041423718238
-0.844798557254 0.393412621459 -0.109636972146
-0.642003756731 0.745924497389 -0.223509604463
-0.73862059779 0.245280442247 -0.417474450923
-0.525028342541 -0.317007432634 -0.24937245418
-0.613042760265 -0.357893004831 0.113831789336
-0.870844833177 0.392295021853 -0.0823147138645
-0.427600582917 0.87708297976 -0.153328225548
-0.236952091509 0.799498398084 0.309580652702
-0.792169376916 0.466595127456 0.344404245139
-0.508740183901 0.509103751611 0.601999304357
0.303346315059 0.4748914456 0.562576805487
-0.284812526268 0.922460234181 -0.0425651423521
-0.904853149007 0.516424333507 0.0809915358631
-0.901451512613 0.137771121335 0.212354930406
-0.901039076004 0.157985143065 0.242684824159
-0.690359053293 0.826397877974 -0.0285958137842
-0.66757434819 0.822369517756 0.101494907549
-0.937435670934 0.220546363068 -0.0871787572705
-0.88269839515 0.0242919257788 0.234034531492
-0.769088183615 0.787254075056 -0.0740388818383
-0.113038769049 0.920810900302 0.122739609086
0.522475712962 0.378637663995 0.555225955302
0.548433712858 0.379678506493 0.520609560864
-0.270670419531 0.910730137449 0.141091185316
-0.924348321487 0.318165404896 0.159093656947
-0.911293506975 0.365056102829 0.24166074709
-0.386616314973 0.770008594093 0.428295043054
-0.489597160119 0.88582986475 0.153979583996
-0.927262762368 0.152317583477 0.187941705338
-0.844465926278 0.561261714891 0.329743516727
-0.686124002573 0.801433505766 0.190277920452
-0.98670012245 0.324442946545 0.249808179538
-0.965090556406 0.381156846766 0.305254079586
-0.94671555313 0.472533832596 0.205769141483
-0.922699267355 0.308535273895 0.433914483089
-0.902765631939 0.379214257204 0.433263472997
-0.941716415353 0.547585614063 0.161955300996
-0.791378255498 0.615249126068 -0.249351127702
-0.579952235984 0.560724609674 -0.458831429387
-0.43737374814 0.535364184093 -0.522652534269
-0.4659172365 0.578342204196 -0.454522436587
-0.433167053888 0.585401067979 -0.38852491678
-0.474468878439 0.6192217601 -0.266127301136
-0.649473335692 0.675318185529 -0.28271591917
-0.89650280609 0.768842468247 -0.401219669987
-0.806743804677 1.10684079441 -0.556674056202
-0.921983176169 1.07267890197 -0.435804873441
-1.02337703271 1.09280091401 -0.52654028774
-0.96331836773 1.06020360394 -0.563313667014
-0.801337451321 1.01017895533 -0.585526452587
-0.778782946021 1.04998218308 -0.107472092969
-0.640728709035 0.901331180069 0.398600068905
-0.582790447982 0.553487270983 0.77462962942
-0.563245737163 0.321563958063 0.884212905772
-0.49875204455 0.0943436861659 0.94431541627
-0.4112384628 -0.0682680871764 0.970429282638
-0.327045065756 -0.156617796213 0.980577548012
-0.359965265504 0.043520936219 0.997851882375
-0.550124642475 0.876036120968 0.432887547857
-0.704206643496 0.926671826774 -0.375178157787
-0.523269452401 0.80976111888 -0.725929420473
-0.320020797064 0.580304770567 -0.948220999425
-0.283635081602 0.270752612303 -1.01615510772
-0.306630284612 0.0340978790607 -0.998812942834
-0.353080064111 -0.00722523082419 -0.998436570229
-0.368984950153 -0.0699307111278 -0.904565950737
-0.287557071573 -0.288721023027 -0.774630474855
-0.155121655854 -0.391520229118 -0.725355892847
-0.305106535641 -0.258012546979 -0.749263020021
-0.124018863224 -0.383695941813 -0.761777028897
-0.132488037224 -0.589838290987 -0.50285087722
-0.68086040495 -0.327833414419 0.344589241297
-0.559142666293 -0.0983132479535 0.740253273926
-0.401620333936 0.171953171568 0.851370617122
-0.299900713508 0.284508686841 0.841669681976
-0.246364742884 0.391709048685 0.801414595943
-0.352135389742 0.542505374544 0.715995359381
-0.422569489046 0.808629516034 0.37849082579
-0.477812785644 0.905241702874 -0.272865239508
-0.426579919468 0.761185402801 -0.626947727865
-0.375846154401 0.570316017402 -0.808804115143
-0.339661677122 0.432656579608 -0.874680016512
-0.428713751704 0.19458732774 -0.833097772526
-0.551279158635 -0.119674097308 -0.583520309891
-0.783927169672 -0.130467390428 0.0818805652393
-0.786656272373 -0.0425042747709 0.316973852991
-0.676170133022 0.179260836212 0.585980717096
-0.460473663275 0.260806423342 0.755547004215
-0.426104771099 0.375218094829 0.730582589329
-0.561364879917 0.380642501784 0.687597986587
-0.755098600579 0.382604241821 0.546482203084
-0.775055590141 0.647286330035 0.294225150864
-0.56088873829 0.895248651192 -0.0183958820876
-0.383828912458 0.922708367307 -0.42742259431
-0.250399499299 0.778976932375 -0.782835441435
-0.271633447381 0.530703911986 -0.97572005772
-0.363800158464 0.364877601462 -0.966822316091
-0.63026728264 0.096879290139 -0.732806646835
-0.676486145381 -0.31497689734 -0.233928449547
-0.825553715552 -0.16312618333 0.241123772653
-0.676610760016 0.147958298417 0.691883062513
-0.50956636279 0.314189670819 0.792170078049
-0.475019446805 0.497151121698 0.751941730194
-0.564887187503 0.613572041292 0.624937468084
-0.651872995944 0.853941237914 0.286655853157
-0.650258122804 0.950338839182 -0.126677033444
-0.595762292986 0.853338365596 -0.61185276564
-0.439314594 0.661675166525 -0.877782149852
-0.467305001335 0.535301625449 -0.90247335201
-0.532395470578 0.397974812644 -0.891971554562
-0.656780106642 0.247568317787 -0.721599181785
-0.728837217314 0.0974034848832 -0.620158848216
-0.797159271286 0.00129851835872 -0.5096940418
-0.874032748493 -0.122359065411 -0.0273037047202
-0.882813871623 0.0616670958905 0.336829837535
-0.626038900169 0.475349082854 0.586410529197
-0.28860649615 0.563737659521 0.666364044485
-0.292044758796 0.653356757141 0.569486415517
-0.362335498754 0.648186081355 0.550964338972
-0.45076423594 0.664383368056 0.527906123236
-0.536546680407 0.724865050626 0.442635348104
-0.649552948931 0.745692284577 0.328589051515
-0.831001574264 0.648294072395 0.13157471245
-0.806454195099 0.683386091197 0.0590344080327
-0.787138649739 0.700554977722 0.119668326961
-0.693916665024 0.646654201899 0.359043348152
-0.701651790679 0.476502601287 0.450179856457
-0.661788348053 0.467842792288 0.459829122399
-0.653351806016 0.44887903037 0.44541580609
-0.671079696775 0.417668303648 0.433584661145
-0.676606589767 0.412750467587 0.437520031808
-0.667846342653 0.402896947904 0.431127901053
