-116 371 175
-126 376 163
-124 375 162
-122 381 151
-113 392 133
-101 392 123
-98 392 122
-88 390 128
-88 389 137
-80 392 129
-52 389 138
-28 392 137
-16 393 134
-11 394 134
-7 394 125
-5 396 123
3 391 132
12 393 126
29 390 129
47 385 122
72 377 113
116 370 86
150 354 53
160 355 21
152 356 -25
126 360 -66
112 352 -106
103 344 -130
56 339 -161
-1 349 -165
-25 373 -133
-19 379 -124
-33 392 -91
-86 395 -80
-138 389 -74
-152 395 -54
-150 397 -53
-156 395 -66
-162 394 -61
-162 396 -57
-173 394 -44
-168 397 -36
-154 405 -16
-138 406 5
-125 405 17
-111 403 31
-102 395 34
-98 393 50
-94 390 59
-82 388 83
-60 387 94
-38 386 101
-15 382 107
-6 386 113
-3 382 111
-7 382 116
-6 380 115
7 381 114
35 374 105
51 375 96
48 374 82
46 373 78
42 381 44
54 380 48
67 381 28
74 382 2
67 385 -21
68 385 -41
69 388 -52
73 386 -69
75 383 -90
69 372 -117
59 371 -124
36 376 -128
-1 371 -138
-49 372 -130
-66 377 -123
-70 379 -116
-72 386 -104
-77 391 -98
-84 399 -85
-99 396 -86
-105 398 -83
-114 400 -69
-120 396 -75
-115 401 -58
-133 407 -26
-149 403 -15
-146 412 -1
-142 409 23
-114 419 29
-110 420 54
-111 416 73
-111 415 82
-118 413 93
-93 414 113
-71 412 118
-39 405 133
-8 396 132
18 394 132
31 397 119
27 400 95
24 404 86
30 406 70
34 409 62
38 405 83
43 400 92
40 402 98
19 407 106
4 408 99
-13 411 106
-35 411 100
-32 412 103
-44 412 99
-93 418 57
-86 420 38
-82 421 12
-87 419 -1
-82 415 -15
-91 410 -33
-87 408 -50
-87 408 -66
-78 404 -63
-55 411 -50
-39 409 -43
-47 406 -40
-52 406 -43
-52 405 -39
-41 404 -53
-22 403 -57
-21 403 -54
-24 405 -53
-20 406 -66
-23 409 -62
-1 406 -63
46 396 -67
82 386 -68
117 380 -41
129 382 -11
128 384 11
116 390 24
103 399 38
92 407 66
51 406 84
6 415 84
-21 428 85
-50 438 74
-57 444 64
-50 442 64
-47 442 70
-38 446 57
-61 447 64
-83 451 37
-96 453 -16
-102 446 -39
-107 446 -63
-107 441 -78
-121 442 -75
-138 438 -72
-126 452 -28
-104 453 -71
-83 435 -132
-87 392 -199
-85 322 -276
-74 244 -337
-82 191 -365
-96 133 -385
-107 -48 -416
-163 -259 -380
-215 -421 -285
-218 -523 -183
-215 -580 -67
-234 -580 34
-252 -559 110
-259 -527 173
-292 -466 238
-292 -367 315
-250 -209 400
-210 16 421
-180 243 351
-163 403 211
-170 449 59
-194 418 -119
-187 300 -274
-123 196 -360
-83 68 -405
-60 -31 -418
-51 -80 -420
-69 -121 -419
-112 -199 -402
-141 -354 -351
-166 -521 -215
-249 -557 -81
-305 -534 66
-319 -495 151
-295 -462 232
-242 -413 310
-245 -349 350
-227 -291 386
-244 -213 396
-244 -46 412
-195 221 355
-182 417 154
-201 432 -61
-193 382 -201
-178 295 -290
-181 174 -354
-174 113 -383
-185 83 -394
-167 15 -411
-184 -126 -410
-254 -329 -335
-264 -436 -267
-290 -492 -179
-313 -532 -59
-303 -551 35
-287 -551 98
-280 -535 154
-265 -516 200
-247 -462 274
-248 -293 371
-222 -71 422
-155 232 364
-113 459 108
-148 435 -121
-187 318 -263
-189 219 -334
-178 129 -372
-176 80 -381
-182 60 -385
-177 29 -393
-172 -18 -398
-171 -163 -395
-188 -325 -348
-206 -443 -274
-217 -523 -180
-232 -559 -98
-223 -583 -11
-234 -578 36
-245 -559 103
-253 -525 170
-249 -478 221
-251 -411 266
-231 -287 345
-204 -64 384
-206 182 315
-184 353 152
-127 394 0
-81 358 -143
-96 278 -236
-111 222 -278
-119 152 -312
-134 89 -338
-133 58 -343
-139 13 -353
-143 -39 -355
-173 -209 -332
-189 -356 -263
-201 -447 -183
-204 -506 -95
-209 -528 24
-202 -513 107
-203 -470 192
-199 -404 268
-194 -348 308
-187 -261 351
-210 -108 379
-180 162 332
-136 337 208
-145 397 -7
-160 352 -144
-164 267 -239
-144 189 -303
-128 99 -347
-105 28 -367
-128 -5 -365
-120 -46 -374
-148 -236 -344
-205 -397 -245
-231 -489 -120
-225 -528 15
-194 -506 157
-194 -428 253
-202 -355 303
-201 -323 324
-199 -262 348
-189 -120 383
-182 55 373
-177 210 312
-166 318 218
-151 369 124
-141 397 30
-123 395 -48
-124 397 -27
-166 371 121
-204 312 206
-179 341 173
-153 375 121
-195 375 65
-214 367 -28
-221 320 -135
-154 345 -148
-105 353 -161
-66 381 -112
-38 405 -12
-31 405 44
-26 403 78
4 393 109
10 382 129
1 381 135
-3 388 121
-3 389 111
-12 389 116
-82 387 124
-155 372 123
-248 339 92
-221 361 0
-184 367 -74
-130 367 -116
-100 358 -135
-73 345 -155
-56 348 -153
-32 338 -162
-7 331 -162
-48 348 -138
-15 354 -126
25 359 -108
68 362 -60
97 355 -24
75 360 56
50 337 146
23 333 167
5 339 161
4 343 154
5 359 126
-1 364 121
-16 375 104
-85 378 91
-141 379 51
-197 363 46
-222 350 48
-221 349 29
-209 353 29
-214 345 6
-199 345 -60
-136 345 -106
-78 344 -122
-40 341 -134
-22 334 -141
2 334 -139
8 333 -142
11 334 -137
32 326 -132
30 352 -88
30 360 -64
58 358 -24
79 360 16
87 356 32
72 357 62
13 359 121
-38 339 173
-86 332 181
-97 327 180
-100 337 170
-96 360 131
-91 360 133
-93 361 142
-97 364 145
-114 361 141
-132 359 136
-175 346 134
-222 349 71
-235 344 -19
-176 339 -112
-116 334 -151
-89 338 -149
-70 332 -160
-43 334 -160
-9 328 -164
-10 337 -153
-16 335 -158
-12 334 -157
-5 336 -156
10 339 -152
35 341 -138
70 339 -123
102 341 -86
116 352 -23
82 365 47
47 364 106
-2 363 139
-18 353 165
-34 350 168
-40 347 176
-50 346 177
-46 356 164
-30 364 153
-51 363 158
-70 361 167
-82 362 166
-95 362 160
-123 362 151
-147 366 127
-175 371 76
-197 365 24
-186 370 -31
-165 357 -84
-101 349 -135
-64 352 -136
-29 349 -140
-13 346 -146
9 342 -147
21 347 -143
31 346 -145
72 339 -125
67 356 -100
86 361 -68
104 364 -30
108 363 -11
96 365 34
91 367 60
51 359 124
7 345 178
-34 343 186
-44 343 179
-51 349 176
-45 349 179
-20 367 134
-49 373 125
-66 375 120
-74 384 108
-89 385 98
-105 383 93
-114 375 109
-139 375 77
-160 374 46
-140 372 -36
-113 355 -99
-67 347 -128
-13 349 -121
20 345 -114
30 344 -109
62 338 -101
69 335 -100
39 322 -147
-87 297 -196
-209 241 -204
-233 185 -228
-262 132 -240
-282 53 -262
-279 -65 -284
-266 -144 -288
-301 -182 -258
-328 -216 -223
-353 -276 -159
-353 -322 -113
-356 -346 -64
-369 -334 -42
-378 -323 -32
-410 -267 -42
-399 -300 -24
-414 -261 67
-405 -204 159
-373 -160 223
-361 -95 248
-386 -28 223
-381 44 213
-360 113 208
-346 153 190
-334 188 175
-329 234 127
-315 273 45
-301 273 -72
-275 208 -191
-269 109 -260
-260 -1 -294
-275 -100 -286
-322 -164 -237
-368 -191 -186
-398 -209 -136
-405 -217 -104
-421 -222 -66
-412 -235 8
-413 -196 114
-394 -40 221
-327 9 283
-248 57 320
-195 89 337
-179 124 336
-187 162 314
-185 213 284
-158 259 260
-119 300 232
-127 348 155
-137 381 39
-148 355 -104
-149 285 -202
-177 189 -272
-221 75 -305
-269 -21 -303
-305 -112 -277
-319 -186 -256
-311 -254 -241
-306 -297 -222
-309 -323 -201
-299 -358 -184
-304 -409 -118
-324 -427 -18
-333 -415 64
-343 -364 158
-310 -305 246
-281 -252 295
-260 -195 326
-249 -129 342
-272 -14 335
-217 88 336
-204 177 303
-221 239 254
-236 261 220
-238 277 201
-211 316 162
-195 358 89
-199 369 41
-211 360 -34
-243 319 -78
-276 248 -152
-318 151 -187
-358 54 -196
-359 21 -213
-342 38 -219
-357 3 -212
-375 30 -181
-364 93 -173
-361 98 -166
-368 131 -130
-367 170 -90
-353 216 -39
-352 225 -5
-361 218 10
-384 185 24
-416 125 -5
-427 84 -39
-436 59 -45
-440 49 -34
-462 40 -4
-449 36 22
-456 -3 23
-455 -17 13
-458 -76 -9
-449 -132 -32
-435 -180 -55
-425 -204 -79
-433 -209 -81
-424 -204 -101
-419 -141 -170
-413 -22 -186
-414 52 -159
-419 90 -132
-415 127 -104
-424 122 -87
-435 122 -60
-446 117 2
-470 51 38
-475 -15 40
-479 -6 5
-473 11 -8
-474 9 -8
-474 2 7
-476 -10 -3
-478 -19 -15
-474 4 -34
-480 13 -3
-482 -10 -10
-483 -18 -24
-476 -12 -58
-481 -19 -65
-467 42 -79
-464 27 -107
-469 -34 -115
-456 -106 -130
-413 -232 -173
-366 -290 -201
-374 -289 -188
-420 -243 -145
-414 -237 -153
-413 -207 -173
-388 -164 -218
-368 -58 -252
-376 -7 -237
-398 -15 -213
-432 -48 -175
-439 -98 -155
-450 -178 -125
-451 -230 -85
-450 -238 -79
-450 -239 -89
-445 -220 -108
-453 -195 -119
-437 -215 -135
-437 -219 -146
-435 -223 -145
-436 -228 -147
-439 -226 -149
-445 -227 -148
-447 -220 -148
-456 -212 -143
-464 -185 -131
-484 -127 -121
-493 -69 -87
-497 14 -47
-495 38 -45
-490 31 -38
-481 21 3
-462 64 -2
-455 68 36
-463 52 40
-467 29 39
-468 15 24
-470 7 30
-468 21 25
-462 32 20
-460 31 25
-466 11 38
-464 16 57
-467 -17 63
-469 -36 58
-472 -79 26
-468 -96 -6
-472 -108 -26
-472 -82 -16
-465 26 44
-399 170 122
-320 246 163
-227 282 210
-160 323 199
-70 355 185
-18 373 153
5 380 129
65 363 133
72 381 74
53 397 42
9 413 21
-50 412 -9
-105 407 -26
-141 401 -33
-164 396 -22
-173 395 10
-153 398 82
-115 402 97
-99 398 126
-107 402 93
-67 412 83
-28 407 98
-18 404 96
-4 398 106
0 394 110
0 398 92
10 397 79
17 403 31
22 401 -9
4 393 -58
-15 387 -88
-30 377 -105
-51 376 -100
-43 378 -93
-21 389 -52
-6 393 -13
-13 394 -22
-34 396 -16
-41 394 -34
-64 395 -36
-73 400 -13
-62 400 23
-48 402 52
-56 392 72
-31 390 85
-29 387 101
-40 383 116
-24 375 133
-12 369 147
-4 363 155
7 371 139
26 379 100
42 383 74
46 385 17
26 394 -23
49 392 24
39 393 55
-13 397 100
-38 391 126
-69 395 111
-49 393 117
-9 363 177
-35 312 249
-50 198 341
-34 61 393
-55 -96 411
-139 -217 388
-167 -380 312
-241 -500 126
-221 -523 -74
-143 -418 -269
-86 -184 -379
-42 -61 -391
-90 61 -372
-145 130 -337
-228 270 -223
-261 342 -95
-222 390 -5
-179 401 90
-116 374 183
-100 336 236
-95 305 271
-90 288 292
-88 210 343
-113 137 379
-93 4 413
-46 -230 403
-80 -424 314
-131 -558 133
-166 -544 -102
-209 -419 -256
-230 -270 -330
-183 -132 -374
-140 -16 -385
-139 97 -364
-162 193 -317
-192 298 -231
-198 354 -163
-184 390 -109
-176 412 -52
-162 416 -23
-150 422 -17
-138 422 -15
-132 427 -18
-112 433 10
-101 424 87
-136 364 219
-176 223 326
-215 41 386
-231 -103 388
-231 -195 377
-223 -243 369
-194 -285 365
-187 -315 356
-205 -378 313
-190 -449 267
-189 -498 222
-179 -530 173
-170 -547 138
-155 -563 110
-137 -577 60
-139 -565 -92
-151 -487 -221
-169 -387 -295
-166 -296 -338
-175 -223 -360
-175 -177 -372
-175 -98 -380
-201 25 -361
-183 47 -366
-169 67 -359
-165 85 -358
-148 107 -351
-141 169 -329
-144 277 -253
-94 380 -134
-65 408 -34
-94 406 55
-139 368 144
-170 270 254
-154 173 326
-156 41 372
-169 -102 376
-159 -202 367
-185 -273 333
-243 -295 301
-223 -288 320
-181 -321 316
-195 -343 301
-167 -383 286
-169 -426 247
-155 -486 189
-141 -521 125
-122 -540 80
-121 -550 1
-143 -524 -82
-155 -494 -148
-152 -516 -103
-122 -546 -8
-81 -552 23
-58 -550 58
-37 -552 62
-33 -545 79
3 -547 65
29 -546 24
55 -539 -15
72 -533 -54
41 -538 -72
-23 -551 -46
-46 -555 -15
-30 -558 -4
-13 -551 -42
-75 -551 -33
-137 -543 13
-175 -527 55
-176 -510 104
-159 -510 135
-112 -521 140
-100 -516 156
-133 -439 242
-158 -243 351
-162 3 371
-132 22 372
-138 88 362
-127 138 340
-161 254 266
-133 366 145
-140 395 8
-113 402 -36
-51 402 -50
5 404 -21
22 405 26
20 405 -3
15 396 -36
53 390 7
69 379 3
41 381 31
23 396 54
17 388 57
31 385 38
26 384 46
29 378 68
-6 384 62
-63 391 35
-83 388 43
-113 383 18
-115 382 -10
-127 383 5
-183 362 39
-222 351 -1
-139 370 -72
-125 379 -46
-120 379 -41
-107 379 -62
-93 362 -110
-48 356 -129
21 368 -85
71 370 -21
82 365 51
80 351 98
81 346 114
69 353 108
82 349 103
124 344 39
140 339 1
120 345 -54
88 339 -118
49 340 -140
13 348 -130
-57 363 -112
-128 358 -102
-147 355 -89
-148 365 -63
-140 369 -57
-133 369 -69
-131 365 -85
-128 361 -89
-133 365 -88
-133 361 -87
-133 366 -80
-133 367 -81
-137 365 -80
-141 362 -79
-139 365 -80
-142 366 -81
-141 362 -85
-139 360 -85
-140 360 -84
-138 364 -81
-140 363 -82
-140 359 -77
-145 362 -78
-147 360 -78
-145 359 -78
-143 360 -78
-145 359 -77
-146 362 -78
-150 362 -73
-145 359 -71
-146 356 -71
-147 360 -72
-150 359 -70
-147 358 -77
-148 359 -72
-151 356 -73
-155 355 -65
-171 352 -61
-229 324 -58
-305 264 -47
-356 216 -48
-389 159 -48
-424 82 -34
-444 -4 -21
-445 -112 -25
-427 -201 -71
-407 -239 -89
-394 -269 -94
-381 -273 -117
-374 -243 -152
-397 -203 -140
-419 -181 -112
-426 -173 -89
-428 -162 -86
-414 -152 -128
-395 -117 -165
-399 -72 -163
-416 -27 -130
-421 -12 -124
-443 -27 -53
-450 -13 -24
-449 -3 -7
-443 15 4
-444 22 10
-440 46 -1
-444 44 24
-444 28 37
-444 -25 83
-440 -75 103
-448 -97 94
-450 -102 81
-458 -83 60
-458 -71 56
-455 -59 69
-456 -66 61
-461 -75 51
-462 -88 38
-458 -98 32
-455 -126 7
-450 -150 -3
-450 -162 -27
-444 -181 -41
-441 -183 -59
-442 -181 -74
-427 -209 -90
-423 -207 -106
-419 -192 -123
-424 -193 -123
-429 -169 -116
-439 -132 -105
-447 -101 -91
-455 -103 -71
-459 -113 -64
-458 -116 -65
-462 -102 -37
-469 -65 6
-466 -9 50
-460 11 78
-456 35 88
-453 38 79
-460 5 96
-466 -62 99
-475 -88 49
-477 -68 19
-472 -39 47
-465 -13 83
-465 -28 102
-470 -84 87
-469 -96 75
-472 -106 86
-473 -127 64
-477 -125 23
-480 -117 29
-483 -115 -6
-484 -104 -39
-487 -101 -25
-486 -100 -4
-488 -117 -10
-483 -122 -42
-474 -103 -77
-482 -29 -57
-474 30 -39
-474 49 -38
-476 48 -25
-469 92 25
-481 45 40
-483 16 83
-489 0 55
-495 -20 48
-491 -6 66
-477 24 112
-449 83 151
-459 83 135
-472 54 112
-491 -6 89
-501 -62 53
-503 -98 38
-503 -141 22
-496 -149 76
-496 -184 -8
-494 -99 -79
-504 -61 -38
-496 -50 -73
-496 -64 -82
-491 -52 -93
-491 -31 -85
-474 15 -98
-466 31 -57
-459 42 46
-448 26 93
-450 4 69
-458 -18 54
-460 -15 25
-456 -10 3
-458 -37 -3
-457 -37 17
-456 -34 48
-452 -46 63
-450 -48 77
-448 -12 92
-431 48 112
-427 75 85
-432 63 76
-441 28 78
-446 1 72
-452 -34 79
-449 -46 94
-452 -46 100
-444 -82 128
-437 -109 136
-432 -104 153
-439 -89 132
-415 -27 183
-418 7 169
-457 -18 47
-443 -130 -82
-439 -166 -81
-445 -189 -61
-442 -199 -70
-456 -148 -51
-461 -131 -48
-469 -104 33
-469 -95 -10
-463 -114 -52
-463 -119 -38
-469 -120 -6
-464 -130 -35
-461 -144 -54
-454 -162 -71
-440 -167 -108
-424 -171 -137
-414 -176 -157
-405 -190 -165
-403 -199 -170
-395 -206 -172
-400 -221 -174
-395 -227 -177
-394 -230 -175
-395 -229 -176
-399 -227 -176
-399 -217 -178
-403 -205 -180
-402 -195 -178
-411 -182 -180
-413 -173 -178
-414 -190 -174
-385 -233 -190
-369 -300 -173
-348 -366 -134
-296 -431 -117
-240 -479 -120
-207 -509 -103
-205 -530 -43
-211 -525 -22
-188 -539 9
-162 -549 41
-169 -545 46
-176 -541 35
-205 -534 -3
-193 -537 38
-190 -530 94
-218 -510 125
-257 -489 118
-276 -480 112
-239 -521 56
-215 -529 -47
-140 -547 -97
-62 -551 -127
-52 -552 -116
-32 -547 -126
-24 -541 -139
24 -546 -127
48 -545 -110
74 -534 -128
82 -515 -150
103 -495 -168
150 -480 -161
167 -475 -150
116 -497 -159
34 -538 -133
-29 -572 -39
-18 -580 35
46 -569 23
33 -572 36
-22 -528 183
-52 -526 190
-82 -542 156
-93 -546 136
-89 -538 155
-51 -553 138
-79 -556 121
-24 -557 125
9 -555 123
16 -560 104
33 -569 61
34 -571 14
12 -574 -12
-12 -573 0
-27 -570 7
27 -563 -37
78 -552 -35
31 -564 -15
28 -562 -21
-26 -565 34
-3 -540 109
129 -469 171
94 -483 176
46 -503 171
3 -526 128
-35 -550 20
-92 -544 -3
-144 -534 26
-150 -528 62
-145 -524 84
-146 -522 87
-123 -532 86
-89 -530 107
-37 -535 109
0 -537 82
43 -539 51
60 -538 21
68 -530 -47
86 -505 -107
83 -492 -136
53 -473 -176
14 -470 -186
-27 -482 -169
-51 -489 -159
-48 -520 -117
-7 -527 -96
8 -538 -54
8 -545 9
-9 -545 -33
-37 -541 -58
-37 -549 -32
-36 -552 -8
-62 -550 16
-78 -545 -52
-71 -538 -76
-50 -530 -106
-68 -525 -119
-133 -529 -53
-175 -526 -4
-192 -524 34
-193 -522 37
-189 -525 34
-155 -534 -2
-136 -534 94
-120 -529 112
-100 -534 114
-86 -541 74
-140 -517 109
-98 -529 91
-13 -540 42
31 -533 11
48 -530 32
99 -516 23
170 -479 -6
194 -455 -61
183 -437 -124
158 -415 -185
152 -396 -205
102 -410 -228
64 -430 -224
47 -481 -180
-43 -540 -78
-4 -551 -37
84 -534 -12
183 -473 47
272 -284 202
180 21 310
87 169 311
27 204 307
32 262 261
100 356 83
59 357 -97
67 279 -213
63 30 -344
61 -185 -344
26 -284 -322
15 -411 -255
17 -529 -91
74 -517 113
126 -339 285
103 -36 361
53 133 337
22 230 288
97 290 203
123 338 89
133 346 37
110 354 13
88 362 20
45 378 -14
34 358 -110
102 250 -223
146 87 -299
150 -95 -326
116 -248 -313
124 -292 -295
162 -357 -238
221 -446 -52
200 -462 79
180 -359 241
137 -129 345
123 -59 353
119 -10 348
89 -44 361
93 46 344
109 194 277
146 294 133
213 253 -79
272 0 -221
276 -124 -235
224 -150 -278
168 -40 -308
127 16 -320
104 2 -333
92 -20 -340
92 -95 -342
90 -174 -333
116 -249 -311
144 -294 -281
195 -328 -229
181 -339 -233
180 -360 -225
179 -414 -167
184 -457 -99
177 -484 -20
180 -470 84
179 -412 185
193 -380 202
194 -307 254
197 -228 290
221 -51 294
178 121 277
168 233 212
114 336 89
75 356 -73
66 290 -194
64 150 -294
79 -32 -345
78 -162 -343
55 -320 -298
113 -440 -190
117 -515 -57
139 -505 74
136 -445 192
126 -336 291
112 -191 351
89 -38 366
140 56 327
172 203 234
144 329 74
99 340 -94
78 271 -218
98 153 -290
120 4 -327
118 -46 -335
125 -120 -331
123 -189 -324
138 -294 -287
161 -417 -186
174 -479 -72
183 -480 56
185 -438 150
183 -382 225
177 -299 280
165 -207 319
170 -141 326
167 -63 332
166 -57 330
211 79 274
203 251 147
149 327 -19
90 316 -146
78 241 -235
97 94 -309
109 -44 -335
88 -141 -339
50 -270 -318
66 -408 -240
76 -487 -144
87 -527 6
109 -497 126
127 -407 233
152 -281 304
157 -177 328
177 -162 324
183 -66 322
200 95 277
194 241 186
174 319 58
138 329 -86
105 259 -222
94 80 -323
109 -64 -338
98 -212 -330
103 -377 -260
94 -472 -180
100 -527 -65
105 -531 59
131 -480 155
121 -374 273
110 -250 337
114 -65 358
130 118 314
104 275 220
53 374 50
42 352 -117
70 254 -237
108 98 -318
135 -25 -336
138 -100 -333
182 -266 -280
163 -424 -195
160 -505 -67
155 -512 -11
142 -517 45
141 -500 111
153 -453 172
149 -427 205
140 -346 272
158 -139 339
157 50 330
131 210 271
105 322 178
83 382 -1
96 324 -168
144 227 -242
173 74 -305
188 56 -298
130 265 -219
59 391 24
58 279 256
40 71 369
28 -87 395
-23 -167 393
-17 -225 384
55 -362 319
98 -497 167
124 -536 13
152 -502 -92
162 -479 -122
170 -466 -136
210 -397 -180
199 -256 -284
175 6 -313
159 256 -192
113 361 -23
124 309 175
99 188 298
65 53 363
31 -58 384
0 -133 383
3 -356 324
-4 -520 163
85 -540 -15
127 -473 -155
148 -429 -196
167 -400 -205
195 -374 -208
217 -274 -256
215 -78 -294
127 219 -235
28 372 -75
-32 370 123
-41 256 275
-32 115 353
13 -31 381
28 -113 380
41 -262 349
76 -460 208
89 -527 52
116 -511 -82
129 -461 -159
129 -429 -198
153 -392 -220
181 -306 -260
197 -157 -302
159 39 -308
96 240 -245
23 371 -79
-18 368 126
31 252 270
37 116 348
41 8 377
44 -68 380
30 -107 384
31 -189 377
98 -381 280
135 -501 111
143 -506 -55
139 -466 -156
151 -448 -171
148 -449 -170
145 -448 -171
138 -446 -180
141 -431 -201
135 -417 -215
135 -415 -219
134 -407 -227
131 -399 -231
133 -400 -234
126 -400 -239
133 -392 -245
132 -393 -237
135 -390 -233
146 -385 -227
156 -364 -237
160 -309 -270
181 -233 -284
188 -123 -306
136 80 -309
42 318 -178
-12 393 30
12 320 212
20 204 311
43 104 354
50 35 371
16 -165 381
29 -375 303
96 -510 127
110 -527 -50
110 -478 -167
116 -417 -230
116 -388 -250
166 -327 -262
170 -177 -312
107 85 -319
37 313 -199
42 382 62
48 307 212
69 177 310
59 61 360
51 -21 376
-2 -82 388
66 -382 290
52 -545 57
65 -537 -80
85 -489 -158
105 -450 -202
112 -429 -219
143 -323 -283
167 -71 -322
145 202 -246
95 360 -55
38 358 138
28 206 305
38 5 381
34 -101 390
32 -230 365
60 -440 250
70 -548 -21
80 -445 -222
62 -249 -346
112 -198 -339
106 -143 -350
130 -108 -343
143 -5 -327
146 188 -250
94 333 -126
34 375 91
38 271 254
60 133 332
56 27 365
62 -32 374
81 -124 364
48 -194 363
72 -454 211
57 -540 21
65 -519 -93
75 -473 -160
105 -435 -192
119 -424 -203
142 -392 -211
162 -342 -235
161 -200 -294
149 -45 -311
116 198 -246
113 329 -70
98 329 104
108 214 255
99 75 326
87 -11 352
74 -84 356
81 -239 338
130 -463 151
120 -487 -95
116 -419 -201
120 -317 -278
126 -236 -305
111 -215 -317
131 -167 -318
131 22 -311
105 221 -232
71 349 -59
64 335 131
94 238 242
108 116 312
107 -11 346
105 -128 345
122 -157 332
124 -173 333
80 -207 339
47 -346 297
69 -483 163
79 -529 10
89 -506 -99
55 -456 -201
105 -394 -240
117 -356 -261
133 -320 -275
174 -241 -286
158 39 -304
98 218 -250
22 363 -93
20 375 78
74 288 216
112 198 280
104 107 326
90 35 349
75 -12 364
95 -123 366
164 -377 242
174 -499 21
134 -470 -145
121 -388 -246
143 -303 -285
142 -265 -303
157 -180 -319
160 63 -303
117 309 -150
43 381 45
41 306 216
48 203 306
67 110 346
96 67 349
79 5 365
-46 -88 391
16 -310 342
136 -458 186
197 -490 -23
188 -454 -136
179 -403 -204
186 -379 -224
205 -374 -208
229 -284 -240
210 -13 -290
136 267 -191
59 378 -31
27 362 135
34 237 285
51 127 344
65 48 359
57 -24 373
26 -156 377
82 -394 277
176 -492 84
207 -472 -65
207 -417 -159
199 -383 -208
192 -364 -227
218 -322 -234
245 -195 -266
235 44 -268
132 269 -195
43 386 -41
-5 376 118
-8 271 272
49 146 334
111 52 351
130 9 351
138 -18 350
71 -210 364
110 -437 234
129 -519 66
161 -498 -63
179 -443 -160
176 -379 -226
172 -346 -246
200 -316 -249
236 -209 -262
237 30 -264
189 238 -173
105 357 -19
36 347 146
44 243 272
66 123 329
103 23 347
126 -11 344
97 -46 356
97 22 353
90 145 314
51 317 185
20 378 36
25 381 -5
31 376 -27
16 379 -40
4 376 -48
-13 370 -87
-52 353 -137
-97 364 -105
-115 376 -49
-101 381 -38
-93 380 -24
-106 384 11
-149 364 91
-106 379 83
-50 387 82
-6 383 72
16 380 62
41 373 53
54 367 75
92 355 63
84 365 29
46 375 12
5 382 -4
-25 387 1
-44 375 91
-27 383 70
-24 390 36
-108 388 9
-128 384 14
-184 363 -15
-190 360 15
-147 351 136
-105 355 143
-81 363 136
-84 362 133
-25 344 169
14 351 150
18 361 113
11 370 97
33 366 83
63 365 45
62 370 23
83 353 -52
48 368 -59
34 376 -36
-9 384 -28
-32 387 -37
-51 383 -55
-59 384 -52
-103 376 -70
-118 377 -59
-126 379 -48
-140 376 -39
-168 372 -30
-197 363 -5
-219 362 11
-216 361 9
-190 373 -14
-157 377 -31
-99 388 -41
-30 387 -44
13 388 13
70 369 83
39 380 93
16 394 64
11 398 9
48 388 -29
70 382 -9
53 389 4
53 388 -1
47 389 -12
42 395 22
-4 401 26
-52 400 6
-93 389 24
-105 390 21
-97 388 -6
-68 382 -76
14 387 9
52 370 88
2 377 113
-49 394 81
-48 399 29
-27 404 31
-23 402 72
-29 382 134
-92 379 109
-114 387 69
-133 383 74
-216 341 121
-240 350 -2
-182 359 -95
-192 366 -72
-186 358 -96
-187 333 -142
-137 358 -131
-37 390 -77
27 395 10
67 373 79
113 356 83
132 349 80
153 346 30
124 355 -49
127 246 -232
128 103 -310
127 16 -333
177 -108 -323
189 -315 -260
224 -448 -59
279 -248 216
208 86 283
132 209 264
113 299 188
187 279 143
186 295 121
162 321 108
158 338 55
132 359 -28
102 318 -165
110 222 -253
138 56 -323
164 -101 -326
166 -199 -314
175 -342 -255
165 -443 -168
176 -503 -51
173 -505 61
180 -468 161
177 -318 297
137 -103 366
130 -8 362
145 82 339
131 236 274
112 357 120
82 386 -53
59 306 -209
75 149 -323
99 -21 -360
136 -202 -339
165 -301 -297
197 -361 -245
208 -405 -196
253 -377 -179
247 -434 -117
249 -467 6
229 -419 193
189 -340 295
190 -278 320
189 -146 354
183 45 343
187 188 280
183 335 112
165 356 -64
141 275 -224
118 87 -341
99 -130 -372
96 -207 -362
55 -292 -348
39 -327 -336
44 -384 -307
67 -440 -265
84 -471 -228
63 -486 -213
49 -492 -215
61 -495 -205
70 -515 -182
60 -555 -105
58 -577 -2
73 -554 117
86 -323 345
35 -168 398
41 -130 401
15 36 397
46 120 372
57 223 311
66 308 210
46 380 67
44 344 -133
81 169 -295
137 -22 -326
165 -110 -318
136 -198 -317
142 -349 -251
131 -497 -86
172 -480 81
163 -353 254
154 -212 325
95 -98 368
86 2 360
111 10 350
183 15 318
223 82 263
254 199 143
214 282 -40
115 313 -135
28 329 -168
21 358 -118
88 368 20
100 350 108
75 344 142
68 342 149
102 356 64
108 362 -3
108 350 -56
95 345 -95
67 326 -154
29 304 -207
-37 300 -213
-94 301 -205
-111 303 -201
-153 329 -154
-197 341 -91
-210 352 26
-253 282 164
-256 182 263
-261 -22 332
-375 -38 242
-424 16 140
-426 101 81
-430 109 31
-430 106 6
-432 89 79
-441 -4 117
-461 -75 44
-460 -95 7
-458 -138 -16
-434 -172 -88
-435 -162 -81
-444 -78 -98
-451 -38 -56
-451 -25 -44
-446 -53 -83
-454 -5 -10
-448 11 -27
-451 32 22
-455 23 33
-451 19 34
-450 18 48
-443 27 59
-437 4 100
-443 -18 95
-451 -51 83
-449 -84 76
-445 -108 93
-438 -98 121
-434 -90 133
-437 -115 127
-438 -137 99
-439 -151 94
-445 -132 64
-442 -150 88
-450 -130 73
-449 -106 89
-461 -79 61
-460 -33 8
-460 -19 17
-453 6 16
-435 72 64
-438 82 64
-435 73 87
-442 51 83
-446 44 69
-443 58 48
-443 62 32
-445 55 16
-449 41 12
-449 40 8
-444 46 9
-446 46 9
-452 49 5
-449 50 4
-449 48 17
-459 -5 55
-456 -35 83
-452 -46 111
-447 -44 123
-434 -145 148
-437 -239 -25
-448 -190 -44
-462 -135 -14
-469 -105 -3
-468 -110 -6
-466 -105 -31
-467 -86 -33
-470 -47 -39
-468 -26 -48
-458 3 -72
-456 -24 -90
-442 -1 -124
-424 44 -142
-432 90 -98
-437 102 -71
-436 107 -39
-445 105 3
-433 126 37
-418 161 46
-389 206 66
-384 210 69
-396 180 99
-402 150 130
-405 128 136
-442 43 120
-447 30 106
-460 -11 98
-465 -50 65
-471 -85 5
-456 -81 -63
-424 -45 -148
-410 -23 -171
-418 22 -140
-431 97 -54
-435 109 -46
-422 127 -60
-415 116 -101
-408 113 -106
-385 130 -149
-394 164 -96
-409 134 -101
-394 92 -164
-368 13 -226
-334 -101 -266
-363 -145 -230
-372 -197 -206
-389 -227 -173
-449 -141 -85
-467 -94 -43
-465 -69 -25
-468 -67 -11
-473 -88 5
-461 -60 69
-450 -6 111
-432 6 154
-427 13 160
-437 12 146
-447 10 136
-434 29 144
-437 23 139
-430 54 150
-411 131 120
-414 150 90
-424 134 62
-433 131 29
-433 123 -27
-437 80 -58
-438 72 -76
-442 15 -106
-445 -17 -109
-464 -85 -67
-470 -90 -34
-470 -55 9
-467 -49 18
-462 -7 30
-459 5 43
-456 17 45
-453 17 65
-452 44 63
-449 61 48
-438 50 115
-448 57 71
-457 25 -5
-461 2 -30
-464 -20 -45
-463 -16 -42
-456 -17 -73
-451 -80 -101
-437 -89 -134
-470 -117 29
-466 -63 70
-446 23 112
-441 71 87
-432 77 106
-437 71 111
-435 66 113
-444 39 109
-438 63 98
-451 29 76
-464 -21 43
-466 -32 25
-462 -28 29
-465 -31 -8
-467 -43 -34
-462 -81 -60
-459 -108 -57
-466 -38 -7
-464 -7 24
-465 -8 22
-468 -46 13
-467 -49 9
-460 -5 46
-463 -40 41
-460 -105 69
-444 -169 111
-431 -162 144
-433 -125 152
-442 -102 134
-456 -45 100
-461 -28 39
-452 -10 -29
-417 -34 -153
-364 -102 -223
-333 -181 -241
-320 -252 -223
-322 -291 -203
-321 -290 -201
-379 -259 -149
-442 -138 -81
-446 -65 -71
-440 -57 -94
-453 -39 -32
-419 119 -20
-300 260 -101
-223 324 -89
-169 365 -30
-114 373 76
-30 367 118
-8 350 155
-6 339 167
5 323 190
-7 333 178
-114 345 155
-201 352 48
-164 348 -93
-90 335 -148
-34 332 -166
55 330 -134
115 326 -95
151 321 -42
151 329 9
164 314 84
144 315 122
89 340 132
33 364 124
-78 349 165
-196 345 99
-197 359 -12
-131 356 -98
-84 340 -146
-58 333 -156
7 312 -186
44 357 -99
87 350 -76
168 318 60
155 321 92
132 331 113
109 348 99
61 362 105
-76 395 61
-131 384 25
-109 388 -52
-82 377 -95
-70 375 -93
-62 372 -105
-12 359 -121
-22 390 -27
12 382 -50
44 383 -27
29 390 27
16 388 -14
-15 341 -159
-96 218 -276
-135 142 -314
-121 -4 -356
-44 -202 -358
111 -329 -283
215 -378 -188
167 -419 -182
155 -416 -199
160 -392 -218
166 -385 -223
180 -383 -210
186 -364 -224
210 -286 -253
187 -206 -291
148 -38 -328
87 76 -327
56 251 -241
36 381 24
41 299 223
54 201 300
142 94 321
120 33 347
111 -9 363
135 -176 345
225 -391 171
213 -398 -156
146 -235 -305
93 -118 -345
30 -18 -354
19 28 -351
29 166 -299
61 356 -106
-10 369 115
-28 296 237
24 166 325
53 82 356
63 26 361
105 -205 341
198 -404 172
207 -460 -38
183 -351 -227
154 -167 -312
169 -69 -320
93 56 -329
26 102 -325
83 295 -185
34 377 -51
-29 381 86
-57 332 189
-79 288 245
-50 229 291
68 -54 367
152 -324 279
239 -428 2
228 -334 -194
144 -276 -284
74 -171 -339
69 -18 -344
59 -15 -347
55 149 -302
4 322 -170
-15 383 26
8 319 193
3 227 286
17 158 320
70 89 334
160 -209 315
195 -401 169
257 -399 -11
311 -222 -143
296 -67 -196
242 15 -241
179 56 -270
133 41 -297
58 62 -318
-3 51 -332
4 136 -303
41 266 -210
52 358 10
20 316 177
45 228 262
41 161 303
42 122 324
45 109 333
105 -7 346
134 -300 291
263 -364 87
340 -186 -82
284 51 -181
110 201 -240
29 192 -276
-46 198 -284
-97 224 -265
-154 312 -155
-262 287 125
-162 254 248
-57 190 312
-13 148 332
-7 123 342
8 44 364
-9 -209 364
75 -409 250
155 -476 76
199 -423 -114
181 -275 -260
143 -101 -315
121 5 -315
137 94 -284
140 202 -221
134 319 85
117 270 206
79 176 301
36 107 346
21 86 356
30 48 362
118 -174 344
141 -350 271
222 -436 96
307 -316 -103
288 -285 -174
264 -282 -208
251 -279 -216
233 -274 -238
212 -276 -252
196 -282 -264
206 -333 -224
238 -405 -126
257 -429 3
256 -381 146
205 -262 275
114 -102 348
76 5 357
61 49 347
66 54 350
64 47 351
34 40 366
14 46 366
-80 50 365
-138 72 350
-126 44 365
-143 53 359
-136 67 359
-125 95 356
-132 61 365
-86 0 385
-48 -27 388
-15 -47 391
-23 -66 389
-38 -86 388
-11 -105 390
-7 -132 391
-3 -128 389
22 -76 389
8 -66 391
9 -116 393
19 -157 390
3 -161 392
23 -167 387
52 -175 380
71 -162 375
93 -155 370
101 -120 369
118 -87 366
135 -73 363
92 -33 373
57 -13 380
25 12 380
-6 30 380
-13 50 380
-48 68 374
-106 126 354
-130 115 352
-148 65 368
-161 28 375
-175 17 374
-184 10 374
-184 16 375
-175 4 376
-159 -21 384
-177 -48 379
-182 -55 381
-156 -86 387
-119 -121 396
-105 -153 393
-87 -176 392
-73 -188 395
-38 -222 390
-25 -235 386
-6 -229 390
-4 -208 395
2 -166 405
37 -147 402
73 -153 397
96 -166 390
90 -167 391
97 -147 396
109 -116 392
89 -67 396
57 -20 406
3 16 406
-35 32 409
-42 38 405
-73 111 389
-90 125 389
-102 116 387
-79 80 405
-130 93 396
-165 75 394
-191 51 394
-183 8 405
-166 -28 412
-160 -69 415
-134 -130 423
-102 -179 418
-83 -201 415
-78 -229 410
-86 -254 403
-92 -230 404
-85 -228 413
-66 -228 412
-54 -208 416
-4 -202 421
20 -156 421
51 -144 420
77 -131 412
79 -127 411
78 -132 402
53 -104 397
75 -75 385
73 -41 379
41 -5 382
14 24 380
-30 50 379
-85 57 375
-90 50 379
-84 94 363
-75 122 360
-54 106 362
-89 96 365
-83 42 381
-83 11 386
-109 -3 386
-129 -20 390
-147 -50 390
-153 -30 386
-137 -50 386
-99 -74 397
-75 -98 395
-76 -114 396
-69 -112 394
-22 -127 394
7 -149 388
11 -156 390
-10 -154 392
-46 -152 393
-69 -42 398
-71 -27 394
-70 -15 392
-85 -38 391
-65 -60 397
-55 -83 400
-68 -111 396
-83 -116 396
-115 -82 394
-153 32 379
-119 97 370
-83 88 375
-78 59 379
-69 53 378
-56 26 389
-71 -22 394
-70 -64 395
-68 -78 402
-79 -95 402
-91 -111 398
-75 -89 402
-46 -75 403
0 -81 398
40 -157 394
35 -213 381
-12 -245 372
-68 -240 377
-93 -249 372
-94 -212 380
-102 -212 380
-119 -212 380
-132 -216 373
-116 -231 371
-125 -218 375
-133 -192 380
-108 -161 387
-101 -138 394
-112 -114 393
-116 -85 399
-132 -22 393
-160 42 378
-152 107 362
-133 120 361
-108 118 363
-77 91 372
-49 59 380
-43 50 385
-36 40 388
-25 31 391
6 22 387
41 18 384
70 18 378
88 19 371
103 7 370
118 -3 364
126 -5 357
133 -23 362
131 -27 364
84 -39 380
97 -50 377
107 -60 369
112 -72 370
116 -68 364
117 -64 363
118 -64 363
118 -70 360
120 -69 358
121 -70 359
120 -68 360
121 -74 361
120 -68 363
119 -74 362
120 -70 359
123 -73 358
123 -75 355
124 -75 354
126 -76 359
123 -73 357
123 -75 359
129 -77 360
126 -76 359
126 -75 358
128 -76 355
128 -76 354
127 -75 354
127 -75 358
125 -78 355
129 -77 360
124 -77 360
129 -78 360
127 -83 360
129 -77 360
132 -81 358
129 -80 357
132 -79 360
130 -78 359
132 -79 360
132 -81 359
134 -80 360
134 -82 362
134 -83 360
137 -83 360
132 -82 358
135 -82 361
137 -80 358
141 -81 358
135 -82 359
135 -80 361
136 -79 359
136 -79 358
