-262 -92 -274
-264 -90 -274
-263 -85 -274
-265 -88 -273
-263 -88 -277
-264 -89 -277
-264 -89 -271
-266 -92 -273
-266 -86 -274
-270 -90 -278
-262 -90 -278
-264 -90 -273
-268 -91 -275
-266 -90 -273
-262 -92 -275
-268 -88 -276
-265 -88 -273
-269 -91 -275
-267 -92 -274
-268 -71 -276
-260 -58 -282
-262 -66 -278
-266 -62 -280
-270 -77 -286
-272 -77 -280
-276 -80 -277
-273 -85 -282
-264 -128 -278
-288 -100 -270
-286 -98 -275
-286 -99 -278
-288 -99 -276
-285 -101 -276
-282 -93 -281
-282 -56 -275
-294 -9 -257
-266 -40 -222
-238 30 -352
-211 271 -294
-165 401 -174
-143 440 -106
-121 462 -56
-194 445 48
-214 370 216
-150 335 280
-124 308 304
-233 347 230
-296 387 62
-212 424 -56
-125 426 -113
-61 420 -129
-15 422 -115
29 416 -108
83 400 -105
227 337 -10
239 306 104
211 294 166
202 298 182
102 306 255
-37 286 304
-177 282 289
-247 345 185
-293 351 147
-311 356 98
-320 357 76
-318 357 30
-264 372 -62
-186 381 -112
-144 378 -129
-81 380 -149
-56 380 -151
-98 379 -145
-228 365 -106
-309 354 61
-270 333 191
-115 332 273
107 314 242
251 294 79
289 256 -23
263 238 -134
211 259 -177
98 287 -236
-34 265 -277
-146 315 -234
-176 345 -211
-239 351 -185
-270 390 -77
-250 407 36
-206 391 171
-149 369 225
-12 319 277
100 282 261
111 287 249
0 288 295
-229 319 228
-329 306 94
-301 312 -56
-181 323 -156
-66 292 -214
21 307 -195
46 308 -184
68 310 -176
98 355 -97
91 357 -108
90 358 -97
105 362 -83
166 353 16
143 364 92
154 376 28
181 352 -28
211 259 -157
221 90 -264
140 -207 -327
-24 -465 -219
-31 -546 -72
-43 -555 42
-6 -526 142
19 -480 216
28 -387 302
-3 -450 252
-20 -561 17
-5 -536 -124
-53 -485 -201
44 -346 -313
55 -256 -346
44 -110 -371
123 159 -307
178 275 -184
203 295 -134
229 303 -58
225 301 105
216 232 229
181 156 306
185 96 334
196 -21 346
212 -267 310
245 -449 130
274 -462 -68
268 -336 -270
254 -156 -350
192 -38 -394
151 70 -393
113 144 -378
138 298 -261
66 387 -177
-19 431 -94
-37 440 -6
189 345 94
199 304 172
191 164 302
147 79 361
105 58 384
120 58 376
143 -52 382
184 -310 319
203 -450 207
271 -487 4
301 -433 -145
324 -327 -204
330 -279 -228
302 -175 -286
247 35 -329
227 249 -226
193 364 -88
159 388 5
111 374 134
42 246 312
2 155 361
-17 40 395
45 71 379
76 -37 387
63 -186 376
84 -236 359
76 -296 332
134 -440 214
191 -496 19
217 -454 -145
211 -333 -283
248 -199 -311
263 -119 -316
282 -73 -296
291 -23 -274
273 93 -245
246 219 -169
198 329 36
113 290 219
59 210 306
67 150 328
61 79 359
91 -4 363
115 -225 342
193 -430 170
195 -501 -58
170 -415 -247
179 -294 -318
174 -195 -334
190 -149 -316
246 -94 -278
252 125 -221
256 263 -32
183 295 148
106 262 246
81 199 310
84 115 343
105 23 361
79 -125 377
97 -328 311
172 -465 142
215 -480 -22
192 -441 -174
99 -310 -344
97 -232 -352
134 -209 -336
208 -203 -293
211 -149 -298
210 -5 -291
231 155 -214
247 188 -163
213 290 -83
194 327 14
162 322 139
161 267 214
151 233 250
175 219 241
189 179 267
172 162 291
181 274 198
202 336 48
205 334 -51
163 313 -167
141 323 -177
129 355 -155
133 387 -79
124 403 55
57 418 99
-15 452 59
-44 423 169
-27 408 192
-75 407 194
-80 422 184
-123 439 149
-156 437 154
-155 374 260
-141 349 286
-180 389 220
-189 400 213
-231 430 130
-192 449 52
-104 432 -47
-68 407 -107
-92 400 -99
-104 381 -125
-93 346 -175
-77 315 -207
67 371 -93
48 391 -53
43 381 -97
4 405 -70
-114 420 -48
-234 395 23
-248 385 24
-193 408 56
-135 419 62
-122 440 -1
70 403 -22
227 254 162
51 409 27
-209 326 -159
-81 417 -58
4 376 174
-71 412 90
-286 346 -43
-174 411 23
104 392 64
74 406 50
-204 394 72
-244 377 79
24 407 103
174 330 122
-51 411 101
-347 285 59
-189 385 92
214 240 195
162 272 212
-297 301 138
-437 78 116
-200 313 228
-135 311 256
-412 145 169
-432 79 181
-334 216 226
-309 329 95
-492 -111 33
-488 -135 1
-447 138 -44
-467 -256 7
-508 -95 -3
-460 153 -29
-466 -306 36
-513 48 49
-512 22 -18
-455 -356 19
-498 141 45
-523 4 -11
-463 -345 71
-498 124 86
-528 -32 11
-472 -332 86
-487 146 97
-523 17 0
-448 -375 107
-490 205 83
-543 -86 10
-499 -313 87
-508 184 81
-555 37 -19
-563 69 31
-587 -95 19
-490 -412 96
-552 136 13
-578 56 -2
-479 -441 61
-577 -24 53
-581 23 1
-456 -478 61
-577 -27 49
-584 -35 10
-444 -490 57
-569 -69 64
-574 -53 52
-448 -453 97
-557 -19 70
-566 16 79
-459 -449 100
-565 -50 85
-554 108 68
-527 -356 53
-564 -169 99
-561 107 59
-535 -361 46
-568 -206 89
-576 99 68
-558 -289 41
-551 -215 122
-540 161 64
-576 -227 36
-551 -221 115
-531 179 57
-588 -154 0
-537 -261 139
-534 162 45
-581 -53 -34
-505 -357 99
-542 60 79
-562 39 18
-509 -329 86
-553 5 66
-515 169 18
-531 -269 75
-537 38 60
-513 140 15
-513 -311 61
-533 -75 80
-536 -27 80
-465 -387 84
-512 -169 97
-516 7 91
-487 -304 80
-491 -215 103
-505 71 58
-512 -233 43
-464 -300 110
-512 18 59
-523 -135 40
-452 -338 97
-504 31 52
-513 65 52
-461 -354 92
-516 -37 78
-522 33 60
-444 -373 114
-519 24 54
-545 -86 23
-467 -351 136
-527 42 48
-551 -106 26
-478 -330 158
-514 86 68
-545 -106 44
-476 -272 143
-512 27 59
-528 -163 17
-473 -257 110
-511 -14 47
-512 -199 21
-446 -320 120
-499 -68 102
-526 -142 65
-420 -415 86
-466 -318 78
-523 -167 76
-473 230 25
-425 273 -62
-477 180 -33
-458 216 15
-446 239 94
-446 246 106
-398 300 21
-415 252 -31
-540 -77 -10
-372 -468 -10
-376 -444 23
-400 -440 15
-522 -20 -59
-356 274 -131
-419 147 -175
-400 -402 -147
-328 -497 -62
-361 -528 -88
-504 19 -151
-357 250 -211
-507 -49 -193
-320 -499 -107
-337 -492 -106
-540 -210 -117
-329 266 -207
-383 151 -247
-396 -343 -158
-352 -407 -45
-390 -380 -59
-438 -322 -28
-520 -126 92
-282 312 267
107 287 317
265 99 306
253 43 332
167 217 317
-82 435 154
-382 307 -19
-508 -43 -37
-501 -141 -9
-469 146 -12
-196 416 51
181 324 171
298 114 224
261 107 252
96 327 195
-248 350 63
-436 61 -42
-446 -155 -29
-451 -30 -55
-362 248 22
-36 343 211
238 166 239
259 70 266
193 219 256
-136 399 115
-438 138 -42
-463 -193 24
-489 -75 -9
-390 255 90
-49 377 231
267 175 258
311 46 273
259 135 291
33 375 232
-326 356 65
-492 17 -49
-489 -178 14
-504 -21 -20
-401 270 62
-77 385 232
233 207 271
281 141 273
198 289 232
-95 426 167
-401 253 108
-501 -65 62
-499 -60 85
-444 181 87
-197 361 197
-12 322 277
-69 329 272
-171 375 181
-222 395 40
-213 359 -121
-131 296 -236
-94 324 -220
-36 349 -189
-65 381 -128
-199 376 -3
-225 359 -21
-201 341 -119
-132 369 -98
-63 378 -114
-86 358 -150
-218 340 -117
-320 298 -74
-344 295 -5
-341 293 94
-284 268 216
-157 257 302
-11 314 258
95 278 254
173 277 196
224 276 126
232 304 42
173 354 -1
165 359 -21
184 349 16
143 370 47
47 400 104
-121 384 171
-296 333 124
-307 341 65
-302 339 -62
-187 347 -165
-122 388 -115
-95 376 -136
-57 405 -71
-20 413 -40
12 407 -40
91 388 12
153 348 84
157 334 129
158 321 160
93 241 287
45 293 254
19 320 231
-38 328 225
-95 351 191
-120 377 140
-108 377 157
-50 349 201
50 361 154
88 377 71
76 388 -19
-46 409 -39
-128 378 -115
-142 355 -149
-214 361 -98
-248 359 -88
-274 357 -77
-285 354 -86
-284 362 -35
-265 376 39
-202 383 132
-95 379 188
-85 383 170
-152 371 162
-235 350 116
-282 326 93
-224 336 156
-15 321 222
105 279 217
111 251 240
144 228 245
109 224 272
122 244 248
99 303 210
21 356 181
-14 380 172
-9 397 138
-29 391 158
23 376 172
106 374 102
111 378 61
-7 342 208
-13 275 263
2 238 286
37 198 305
23 215 295
-27 187 316
74 -46 361
62 -136 361
72 -292 321
89 -419 226
136 -476 110
244 -410 -81
321 -11 -199
232 121 -247
156 208 -249
143 246 -232
105 305 -191
82 395 5
23 340 198
37 180 329
15 54 381
15 38 381
92 -84 368
126 -304 300
167 -436 140
309 -275 -125
283 -95 -246
196 45 -293
168 199 -240
169 223 -219
173 225 -206
145 259 -193
114 291 -180
103 300 -178
94 301 -178
88 289 -185
79 288 -188
74 283 -195
48 325 -152
6 383 -65
6 403 4
-68 409 48
-123 397 64
-181 387 37
-238 355 17
-290 317 14
-199 391 50
283 148 201
257 159 233
262 133 250
263 128 253
263 125 255
262 120 259
261 111 264
263 105 266
259 99 270
263 81 276
260 66 279
268 41 283
270 -1 285
272 -75 290
271 -194 273
290 -87 271
-63 397 182
-403 92 91
-356 85 49
-360 60 26
-380 25 8
-395 -3 -5
-399 -31 -4
-331 149 133
-83 351 259
233 77 324
280 -236 262
262 -317 240
260 -322 248
255 -312 260
251 -307 265
237 -308 278
212 -272 312
212 -63 356
3 333 277
-349 168 31
-431 -188 -105
-441 -184 -104
-418 -157 -127
-349 32 -28
-279 287 89
108 278 202
269 -100 224
209 -323 188
183 -354 199
226 -252 231
206 49 276
-63 327 197
-370 117 86
-401 -176 -34
-420 -10 10
-235 322 89
105 272 201
287 -95 218
208 -300 229
211 -130 291
23 231 283
-350 233 73
-400 -210 -125
-405 -281 -10
-341 236 -18
-307 269 -45
-359 -231 -160
-403 -298 -50
-416 83 -32
-289 288 -43
-381 8 -165
-342 -294 -130
-388 -323 12
-428 81 -22
-180 370 5
-105 333 197
-388 123 162
-258 158 283
104 177 299
-112 401 60
-432 147 53
-469 -63 78
-467 -52 92
-304 329 41
-295 327 95
-475 -17 -40
-472 -125 79
-343 304 16
-36 407 135
193 134 298
205 136 285
-108 394 135
-461 36 69
-451 62 107
-176 309 237
-209 370 129
-479 -56 68
-402 173 161
-306 314 129
-489 36 104
-474 68 132
-456 120 99
-463 29 181
-447 69 187
-446 162 87
-369 209 -70
-278 190 -151
-216 183 -173
-225 205 -143
-210 210 -114
-226 226 -63
-299 249 -73
-400 290 -125
-325 482 -159
-381 457 -117
-424 464 -157
-400 449 -172
-332 429 -178
-321 449 22
-277 370 224
-288 178 354
-303 50 382
-297 -73 392
-274 -159 394
-245 -204 395
-240 -95 416
-239 360 240
-298 386 -94
-226 332 -239
-156 216 -339
-170 47 -389
-204 -85 -401
-229 -110 -406
-243 -146 -373
-229 -264 -333
-180 -315 -315
-234 -248 -321
-165 -309 -328
-191 -425 -238
-417 -311 106
-342 -181 291
-245 -25 364
-188 42 373
-153 104 367
-185 183 339
-188 329 218
-199 384 -44
-188 309 -198
-183 207 -285
-180 133 -321
-244 -3 -326
-332 -184 -253
-442 -205 9
-436 -158 112
-366 -32 244
-262 22 329
-235 87 329
-295 84 306
-381 77 240
-362 224 156
-239 373 56
-154 399 -102
-106 328 -253
-139 191 -352
-197 95 -365
-345 -67 -301
-410 -300 -130
-465 -226 70
-370 -50 285
-279 49 346
-245 152 345
-273 213 298
-286 344 174
-273 400 12
-255 352 -192
-202 255 -309
-227 184 -330
-270 105 -339
-342 15 -286
-390 -72 -259
-431 -129 -224
-481 -204 -39
-469 -105 124
-314 134 269
-154 198 323
-146 248 290
-178 242 279
-216 247 267
-248 277 233
-296 284 183
-386 223 87
-371 244 61
-361 254 88
-326 227 186
-347 132 210
-330 129 215
-328 119 208
-339 101 200
-342 98 201
-339 93 198
