  3219  -237  -418 -10927
  3229  -236  -409 -11017
  3239  -256  -393 -11099
  3249  -249  -414 -11185
  3259  -250  -406 -11273
  3269  -236  -399 -11357
  3279  -284  -432 -11439
  3289  -239  -418 -11503
  3299  -241  -420 -11570
  3309  -218  -431 -11635
  3319  -284  -443 -11711
  3329  -284  -434 -11791
  3339  -261  -410 -11886
  3349  -256  -417 -11986
  3359  -264  -442 -12088
  3369  -276  -453 -12138
  3379  -271  -450 -12158
  3389  -260  -434 -12169
  3399  -265  -450 -12196
  3409  -259  -441 -12174
  3419  -258  -431 -12170
  3429  -289  -467 -12167
  3439  -266  -430 -12187
  3449  -272  -442 -12160
  3459  -266  -449 -12189
  3469  -248  -435 -12175
  3479  -264  -430 -12196
  3489  -270  -435 -12188
  3499  -265  -444 -12166
  3509  -265  -440 -12181
  3519  -259  -436 -12163
  3529  -251  -431 -12179
  3539  -241  -432 -12181
  3549  -253  -428 -12162
  3559  -236  -445 -12180
  3569  -257  -464 -12157
  3579  -261  -435 -12183
  3589  -250  -447 -12147
  3599  -249  -443 -12188
  3609  -249  -439 -12160
  3619  -265  -435 -12186
  3629  -249  -426 -12156
  3639  -246  -438 -12164
  3649  -256  -443 -12153
  3659  -250  -422 -12147
  3669  -244  -425 -12140
  3679  -244  -421 -12138
  3689  -228  -426 -12140
  3699  -252  -433 -12153
  3709  -246  -422 -12159
  3719  -234  -416 -12130
  3729  -251  -446 -12163
  3739  -246  -447 -12123
  3749  -252  -437 -12160
  3759  -267  -432 -12153
  3769  -261  -430 -12144
  3779  -253  -457 -12166
  3789  -255  -427 -12152
  3799  -262  -436 -12125
  3809  -260  -441 -12150
  3819  -266  -419 -12145
  3829  -266  -429 -12130
  3839  -262  -412 -12150
  3849  -255  -426 -12141
  3859  -269  -421 -12108
  3869  -255  -428 -12113
  3879  -233  -436 -12110
  3889  -268  -426 -12135
  3899  -266  -414 -12139
  3909  -269  -424 -12150
  3919  -250  -424 -12128
  3929  -279  -429 -12102
  3939  -254  -430 -12132
  3949  -256  -440 -12122
  3959  -257  -432 -12123
  3969  -273  -415 -12127
  3979  -259  -420 -12129
  3989  -267  -421 -12119
  3999  -257  -427 -12095
  4009  -255  -436 -12118
  4019  -267  -417 -12101
  4029  -265  -431 -12096
  4039  -285  -414 -12112
  4049  -275  -441 -12105
  4059  -255  -449 -12138
  4069  -266  -434 -12120
  4079  -265  -448 -12111
  4089  -266  -414 -12121
  4099  -261  -452 -12079
  4109  -256  -428 -12090
  4119  -260  -419 -12115
  4129  -261  -426 -12098
  4139  -257  -434 -12082
  4149  -257  -450 -12089
  4159  -260  -448 -12110
  4169  -256  -421 -12090
  4179  -264  -427 -12104
  4189  -252  -446 -12104
  4199  -252  -419 -12082
  4209  -256  -431 -12101
  4219  -265  -419 -12095
  4229  -270  -434 -12081
  4239  -255  -429 -12093
  4249  -246  -426 -12100
  4259  -252  -428 -12080
  4269  -271  -422 -12085
  4279  -270  -424 -12081
  4289  -257  -431 -12079
  4299  -272  -430 -12082
  4309  -254  -422 -12104
  4319  -266  -412 -12064
  4329  -239  -437 -12090
  4339  -275  -445 -12061
  4349  -264  -420 -12083
  4359  -279  -420 -12078
  4369  -253  -412 -12077
  4379  -250  -428 -12077
  4389  -259  -439 -12073
  4399  -258  -422 -12084
  4409  -265  -422 -12075
  4419  -250  -433 -12096
  4429  -268  -424 -12083
  4439  -255  -436 -12089
  4449  -281  -432 -12065
  4459  -243  -428 -12070
  4469  -261  -421 -12064
  4479  -281  -444 -12063
  4489  -258  -430 -12073
  4499  -247  -442 -12063
  4509  -275  -414 -12085
  4519  -227  -428 -12054
  4529  -279  -439 -12066
  4539  -255  -421 -12062
  4549  -263  -437 -12081
  4559  -268  -434 -12064
  4569  -282  -437 -12043
  4579  -259  -445 -12048
  4589  -274  -441 -12018
  4599  -248  -433 -12063
  4609  -266  -424 -12052
  4619  -265  -433 -12052
  4629  -236  -422 -12069
  4639  -267  -434 -12057
  4649  -263  -434 -12058
  4659  -254  -402 -12067
  4669  -237  -433 -12021
  4679  -255  -429 -12020
  4689  -269  -419 -12044
  4699  -269  -436 -12050
  4709  -268  -403 -12030
  4719  -257  -434 -12024
  4729  -262  -409 -12044
  4739  -241  -429 -12036
  4749  -252  -414 -12023
  4759  -264  -426 -12019
  4769  -268  -424 -12029
  4779  -269  -430 -12033
  4789  -259  -423 -11996
  4799  -281  -427 -12021
  4809  -253  -424 -12048
  4819  -263  -410 -12025
  4829  -252  -408 -12045
  4839  -249  -420 -12010
  4849  -250  -437 -12002
  4859  -259  -433 -12016
  4869  -280  -429 -12018
  4879  -255  -418 -12016
  4889  -257  -435 -12000
  4899  -266  -431 -12000
  4909  -254  -428 -11993
  4919  -263  -414 -11987
  4929  -269  -420 -12004
  4939  -243  -419 -12027
  4949  -266  -420 -11992
  4959  -264  -429 -12003
  4969  -258  -422 -11998
  4979  -249  -424 -11992
  4989  -265  -422 -12000
  4999  -268  -416 -12001
  5009  -249  -419 -11996
  5019  -250  -427 -11973
  5029  -268  -441 -11993
  5039  -255  -419 -11986
  5049  -280  -429 -11953
  5059  -253  -448 -11965
  5069  -250  -425 -11972
  5079  -261  -415 -11986
  5089  -255  -413 -11955
  5099  -251  -423 -11962
  5109  -260  -420 -11961
  5119  -257  -430 -11970
  5129  -261  -415 -11952
  5139  -249  -434 -11944
  5149  -263  -430 -11944
  5159  -245  -428 -11940
  5169  -268  -426 -11941
  5179  -254  -420 -11943
  5189  -248  -434 -11947
  5199  -251  -422 -11930
  5209  -250  -410 -11929
  5219  -233  -418 -11920
  5229  -284  -424 -11911
  5239  -268  -434 -11923
  5249  -275  -426 -11922
  5259  -254  -415 -11929
  5269  -266  -433 -11923
  5279  -245  -427 -11922
  5289  -248  -441 -11917
  5299  -254  -429 -11907
  5309  -258  -420 -11904
  5319  -252  -406 -11915
  5329  -257  -427 -11898
  5339  -235  -421 -11884
  5349  -255  -435 -11898
  5359  -256  -433 -11882
  5369  -271  -416 -11871
  5379  -245  -434 -11877
  5389  -255  -419 -11866
  5399  -264  -427 -11876
  5409  -254  -415 -11876
  5419  -257  -434 -11879
  5429  -235  -415 -11862
  5439  -277  -410 -11857
  5449  -244  -417 -11861
  5459  -249  -405 -11865
  5469  -254  -406 -11837
  5479  -250  -423 -11871
  5489  -252  -429 -11860
  5499  -262  -414 -11842
  5509  -249  -431 -11836
  5519  -267  -426 -11860
  5529  -253  -418 -11847
  5539  -273  -430 -11844
  5549  -259  -416 -11844
  5559  -247  -440 -11825
  5569  -266  -434 -11822
  5579  -256  -407 -11823
  5589  -251  -423 -11829
  5599  -253  -417 -11842
  5609  -231  -417 -11825
  5619  -260  -425 -11811
  5629  -257  -424 -11808
  5639  -268  -427 -11816
  5649  -252  -427 -11818
  5659  -264  -422 -11773
  5669  -245  -436 -11796
  5679  -263  -426 -11802
  5689  -261  -415 -11825
  5699  -251  -428 -11816
  5709  -244  -425 -11795
  5719  -262  -421 -11809
  5729  -273  -436 -11787
  5739  -253  -423 -11824
  5749  -263  -419 -11799
  5759  -269  -421 -11793
  5769  -274  -443 -11783
  5779  -265  -405 -11799
  5789  -238  -401 -11770
  5799  -255  -415 -11782
  5809  -228  -416 -11788
  5819  -271  -427 -11782
  5829  -250  -417 -11780
  5839  -263  -415 -11787
  5849  -264  -431 -11744
  5859  -283  -407 -11754
  5869  -228  -426 -11779
  5879  -277  -427 -11757
  5889  -259  -410 -11766
  5899  -262  -412 -11763
  5909  -251  -432 -11742
  5919  -276  -423 -11745
  5929  -257  -417 -11769
  5939  -250  -419 -11780
  5949  -253  -426 -11758
  5959  -255  -423 -11735
  5969  -249  -414 -11759
  5979  -265  -440 -11734
  5989  -256  -435 -11751
  5999  -241  -418 -11740
  6009  -251  -412 -11751
  6019  -264  -432 -11737
  6029  -268  -430 -11738
  6039  -270  -437 -11729
  6049  -258  -424 -11751
  6059  -266  -444 -11734
  6069  -244  -417 -11741
  6079  -255  -429 -11735
  6089  -280  -425 -11705
  6099  -257  -437 -11718
  6109  -252  -426 -11733
  6119  -260  -419 -11695
  6129  -264  -415 -11703
  6139  -266  -419 -11711
  6149  -248  -404 -11690
  6159  -238  -426 -11713
  6169  -246  -412 -11693
  6179  -271  -396 -11713
  6189  -271  -417 -11702
  6199  -261  -416 -11721
  6209  -268  -415 -11711
  6219  -258  -428 -11700
  6229  -255  -423 -11683
  6239  -265  -425 -11689
  6249  -235  -414 -11688
  6259  -251  -437 -11668
  6269  -254  -419 -11666
  6279  -277  -419 -11682
  6289  -255  -411 -11682
  6299  -262  -430 -11667
  6309  -272  -417 -11661
  6319  -262  -419 -11652
  6329  -261  -418 -11668
  6339  -266  -412 -11677
  6349  -256  -403 -11636
  6359  -237  -425 -11653
  6369  -254  -412 -11669
  6379  -234  -429 -11639
  6389  -248  -426 -11638
  6399  -256  -413 -11652
  6409  -254  -413 -11668
  6419  -251  -419 -11651
  6429  -247  -414 -11647
  6439  -244  -435 -11644
  6449  -264  -429 -11654
  6459  -250  -404 -11668
  6469  -236  -429 -11644
  6479  -236  -421 -11635
  6489  -269  -411 -11634
  6499  -262  -407 -11628
  6509  -255  -416 -11647
  6519  -270  -438 -11626
  6529  -266  -424 -11639
  6539  -247  -418 -11634
  6549  -245  -431 -11614
  6559  -256  -419 -11615
  6569  -278  -420 -11596
  6579  -279  -436 -11621
  6589  -256  -431 -11640
  6599  -263  -435 -11625
  6609  -272  -413 -11619
  6619  -234  -418 -11641
  6629  -266  -410 -11638
  6639  -247  -413 -11620
  6649  -272  -431 -11633
  6659  -262  -414 -11638
  6669  -259  -416 -11656
  6679  -243  -419 -11617
  6689  -263  -419 -11632
  6699  -260  -423 -11631
  6709  -242  -423 -11640
  6719  -261  -413 -11631
  6729  -252  -422 -11650
  6739  -243  -420 -11623
  6749  -259  -413 -11640
  6759  -245  -437 -11620
  6769  -261  -415 -11601
  6779  -228  -426 -11629
  6789  -266  -417 -11618
  6799  -250  -415 -11602
  6809  -253  -402 -11603
  6819  -252  -404 -11619
  6829  -259  -419 -11601
  6839  -263  -414 -11614
  6849  -257  -399 -11605
  6859  -247  -427 -11616
  6869  -254  -418 -11638
  6879  -239  -418 -11632
  6889  -261  -408 -11638
  6899  -259  -404 -11641
  6909  -263  -415 -11658
  6919  -246  -421 -11661
  6929  -272  -428 -11636
  6939  -264  -399 -11615
  6949  -256  -420 -11616
  6959  -250  -415 -11650
  6969  -263  -426 -11640
  6979  -261  -416 -11606
  6989  -252  -424 -11612
  6999  -236  -406 -11607
  7009  -253  -425 -11595
  7019  -267  -425 -11610
  7029  -273  -418 -11607
  7039  -274  -426 -11625
  7049  -258  -411 -11598
  7059  -256  -384 -11620
  7069  -257  -414 -11618
  7079  -256  -411 -11621
  7089  -256  -424 -11630
  7099  -251  -428 -11655
  7109  -251  -416 -11685
  7119  -249  -415 -11651
  7129  -241  -421 -11642
  7139  -263  -425 -11660
  7149  -241  -416 -11645
  7159  -247  -424 -11658
  7169  -257  -420 -11638
  7179  -266  -416 -11652
  7189  -253  -419 -11658
  7199  -275  -399 -11623
  7209  -259  -417 -11615
  7219  -241  -409 -11612
  7229  -248  -425 -11641
  7239  -261  -424 -11608
  7249  -257  -418 -11611
  7259  -254  -423 -11618
  7269  -245  -422 -11640
  7279  -266  -404 -11607
  7289  -246  -424 -11638
  7299  -248  -400 -11625
  7309  -254  -434 -11607
  7319  -240  -429 -11639
  7329  -251  -413 -11634
  7339  -263  -428 -11621
  7349  -277  -424 -11620
  7359  -261  -417 -11639
  7369  -242  -428 -11644
  7379  -238  -416 -11629
  7389  -267  -410 -11587
  7399  -248  -419 -11617
  7409  -250  -412 -11616
  7419  -266  -432 -11633
  7429  -238  -412 -11639
  7439  -235  -413 -11605
  7449  -239  -414 -11603
  7459  -246  -405 -11593
  7469  -267  -419 -11588
  7479  -260  -414 -11606
  7489  -266  -424 -11602
  7499  -245  -413 -11595
  7509  -261  -434 -11629
  7519  -265  -422 -11620
  7529  -255  -402 -11652
  7539  -253  -425 -11638
  7549  -264  -417 -11644
  7559  -262  -435 -11677
  7569  -261  -429 -11655
  7579  -248  -408 -11649
  7589  -239  -409 -11665
  7599  -254  -428 -11676
  7609  -252  -423 -11655
  7619  -276  -425 -11639
  7629  -262  -420 -11659
  7639  -263  -431 -11670
  7649  -255  -426 -11653
  7659  -242  -416 -11623
  7669  -254  -415 -11636
  7679  -268  -415 -11656
  7689  -259  -412 -11637
  7699  -263  -423 -11611
  7709  -258  -445 -11628
  7719  -269  -419 -11637
  7729  -243  -413 -11612
  7739  -250  -395 -11628
  7749  -257  -427 -11600
  7759  -263  -411 -11641
  7769  -258  -431 -11648
  7779  -256  -411 -11646
  7789  -254  -436 -11656
  7799  -242  -423 -11645
  7809  -234  -423 -11657
  7819  -234  -431 -11668
  7829  -248  -423 -11645
  7839  -261  -405 -11646
  7849  -252  -413 -11619
  7859  -257  -411 -11629
  7869  -270  -425 -11614
  7879  -258  -422 -11619
  7889  -243  -432 -11609
  7899  -257  -395 -11623
  7909  -257  -427 -11598
  7919  -238  -408 -11612
  7929  -265  -417 -11586
  7939  -253  -418 -11604
  7949  -269  -407 -11627
  7959  -242  -427 -11618
  7969  -256  -402 -11641
  7979  -263  -431 -11638
  7989  -243  -418 -11662
  7999  -238  -418 -11669
  8009  -262  -423 -11678
  8019  -269  -414 -11699
  8029  -264  -422 -11671
  8039  -247  -407 -11681
  8049  -260  -415 -11672
  8059  -251  -419 -11658
  8069  -252  -426 -11666
  8079  -272  -413 -11662
  8089  -242  -432 -11655
  8099  -243  -422 -11661
  8109  -253  -417 -11645
  8119  -275  -428 -11642
  8129  -255  -412 -11644
  8139  -251  -410 -11645
  8149  -252  -402 -11640
  8159  -266  -414 -11652
  8169  -261  -412 -11646
  8179  -270  -401 -11639
  8189  -252  -420 -11642
  8199  -255  -413 -11646
  8209  -245  -415 -11646
  8219  -268  -418 -11623
  8229  -271  -416 -11663
  8239  -264  -416 -11672
  8249  -250  -412 -11667
  8259  -241  -422 -11630
  8269  -232  -391 -11631
  8279  -262  -416 -11639
  8289  -263  -411 -11634
  8299  -244  -389 -11644
  8309  -262  -422 -11601
  8319  -257  -411 -11623
  8329  -273  -408 -11631
  8339  -232  -407 -11637
  8349  -245  -417 -11620
  8359  -273  -422 -11599
  8369  -245  -408 -11589
  8379  -257  -433 -11589
  8389  -261  -432 -11618
  8399  -272  -410 -11615
  8409  -269  -421 -11628
  8419  -227  -418 -11644
  8429  -260  -419 -11643
  8439  -256  -403 -11656
  8449  -266  -416 -11672
  8459  -264  -402 -11691
  8469  -262  -413 -11688
  8479  -242  -421 -11705
  8489  -270  -424 -11679
  8499  -245  -410 -11676
  8509  -247  -401 -11655
  8519  -250  -415 -11650
  8529  -254  -410 -11659
  8539  -245  -414 -11660
  8549  -234  -419 -11632
  8559  -258  -423 -11614
  8569  -250  -411 -11655
  8579  -259  -412 -11604
  8589  -243  -405 -11634
  8599  -262  -411 -11641
  8609  -248  -413 -11615
  8619  -249  -415 -11648
  8629  -250  -436 -11638
  8639  -265  -427 -11638
  8649  -239  -425 -11640
  8659  -259  -423 -11635
  8669  -261  -412 -11640
  8679  -255  -421 -11653
  8689  -254  -404 -11655
  8699  -270  -413 -11644
  8709  -254  -422 -11643
  8719  -259  -432 -11634
  8729  -261  -409 -11638
  8739  -244  -425 -11626
  8749  -272  -405 -11624
  8759  -265  -423 -11627
  8769  -253  -411 -11616
  8779  -262  -416 -11596
  8789  -267  -425 -11597
  8799  -256  -423 -11633
  8809  -256  -416 -11602
  8819  -245  -426 -11618
  8829  -249  -401 -11615
  8839  -248  -419 -11595
  8849  -260  -416 -11601
  8859  -244  -407 -11610
  8869  -259  -411 -11632
  8879  -272  -393 -11627
  8889  -250  -413 -11648
  8899  -244  -412 -11667
  8909  -239  -433 -11664
  8919  -271  -434 -11649
  8929  -258  -412 -11668
  8939  -242  -426 -11680
  8949  -251  -402 -11697
  8959  -260  -415 -11663
  8969  -258  -425 -11638
  8979  -276  -412 -11666
  8989  -234  -396 -11654
  8999  -231  -410 -11648
  9009  -260  -421 -11640
  9019  -256  -421 -11635
  9029  -242  -416 -11638
  9039  -274  -404 -11633
  9049  -268  -430 -11625
  9059  -266  -414 -11610
  9069  -277  -420 -11619
  9079  -250  -417 -11625
  9089  -236  -422 -11614
  9099  -256  -431 -11598
  9109  -250  -414 -11620
  9119  -256  -436 -11628
  9129  -254  -394 -11634
  9139  -240  -413 -11661
  9149  -263  -413 -11634
  9159  -249  -401 -11653
  9169  -253  -423 -11629
  9179  -243  -406 -11625
  9189  -255  -422 -11639
  9199  -254  -426 -11654
  9209  -271  -414 -11611
  9219  -256  -410 -11618
  9229  -258  -424 -11599
  9239  -261  -422 -11616
  9249  -243  -406 -11616
  9259  -273  -408 -11606
  9269  -245  -435 -11603
  9279  -238  -398 -11610
  9289  -252  -408 -11614
  9299  -236  -422 -11598
  9309  -256  -424 -11611
  9319  -251  -420 -11616
  9329  -238  -429 -11637
  9339  -246  -420 -11634
  9349  -245  -426 -11648
  9359  -245  -409 -11665
  9369  -256  -414 -11665
  9379  -245  -409 -11675
  9389  -243  -429 -11681
  9399  -250  -425 -11681
  9409  -256  -426 -11685
  9419  -259  -416 -11652
  9429  -254  -426 -11646
  9439  -267  -403 -11653
  9449  -268  -419 -11684
  9459  -257  -411 -11649
  9469  -260  -426 -11658
  9479  -256  -420 -11656
  9489  -246  -420 -11660
  9499  -250  -424 -11624
  9509  -240  -409 -11625
  9519  -248  -419 -11616
  9529  -250  -424 -11640
  9539  -244  -430 -11628
  9549  -265  -411 -11629
  9559  -248  -425 -11633
  9569  -254  -418 -11639
  9579  -259  -431 -11647
  9589  -267  -428 -11658
  9599  -249  -414 -11643
  9609  -241  -410 -11647
  9619  -256  -423 -11635
  9629  -266  -427 -11631
  9639  -269  -435 -11643
  9649  -257  -418 -11618
  9659  -266  -414 -11600
  9669  -256  -408 -11634
  9679  -271  -427 -11608
  9689  -245  -414 -11604
  9699  -264  -431 -11616
  9709  -260  -421 -11631
  9719  -258  -419 -11608
  9729  -263  -415 -11596
  9739  -263  -410 -11588
  9749  -234  -421 -11642
  9759  -270  -417 -11631
  9769  -265  -420 -11618
  9779  -265  -418 -11623
  9789  -241  -432 -11659
  9799  -254  -421 -11638
  9809  -257  -432 -11666
  9819  -267  -415 -11660
  9829  -256  -425 -11691
  9839  -245  -427 -11719
  9849  -250  -417 -11668
  9859  -262  -407 -11670
  9869  -258  -422 -11668
  9879  -258  -416 -11651
  9889  -249  -423 -11652
  9899  -269  -414 -11628
  9909  -273  -409 -11649
  9919  -270  -422 -11672
  9929  -268  -408 -11651
  9939  -242  -415 -11668
  9949  -251  -436 -11641
  9959  -237  -417 -11649
  9969  -273  -424 -11610
  9979  -247  -437 -11629
  9989  -256  -411 -11633
  9999  -251  -421 -11659
 10009  -243  -417 -11631
 10019  -257  -410 -11635
 10029  -251  -416 -11622
 10039  -250  -407 -11664
 10049  -263  -406 -11652
 10059  -256  -419 -11641
 10069  -253  -414 -11633
 10079  -259  -414 -11634
 10089  -250  -449 -11619
 10099  -268  -412 -11636
 10109  -247  -414 -11646
 10119  -254  -432 -11660
 10129  -235  -413 -11653
 10139  -255  -412 -11648
 10149  -252  -437 -11642
 10159  -256  -406 -11614
 10169  -274  -423 -11599
 10179  -252  -410 -11623
 10189  -263  -401 -11600
 10199  -261  -424 -11636
 10209  -264  -412 -11621
 10219  -262  -428 -11623
 10229  -276  -409 -11619
 10239  -254  -394 -11646
 10249  -251  -417 -11638
 10259  -255  -413 -11672
 10269  -268  -412 -11688
 10279  -255  -422 -11695
 10289  -256  -410 -11706
 10299  -266  -408 -11672
 10309  -241  -405 -11694
 10319  -268  -424 -11707
 10329  -260  -404 -11661
 10339  -250  -419 -11650
 10349  -269  -421 -11671
 10359  -249  -418 -11653
 10369  -237  -422 -11637
 10379  -260  -409 -11624
 10389  -268  -418 -11654
 10399  -258  -419 -11646
 10409  -249  -419 -11633
 10419  -235  -418 -11626
 10429  -258  -431 -11633
 10439  -261  -421 -11635
 10449  -254  -413 -11647
 10459  -252  -409 -11645
 10469  -252  -420 -11655
 10479  -258  -417 -11623
 10489  -253  -412 -11638
 10499  -258  -410 -11654
 10509  -269  -412 -11635
 10519  -256  -408 -11667
 10529  -260  -425 -11635
 10539  -254  -406 -11626
 10549  -262  -428 -11641
 10559  -254  -426 -11642
 10569  -256  -422 -11641
 10579  -259  -409 -11635
 10589  -257  -419 -11608
 10599  -258  -413 -11613
 10609  -232  -426 -11614
 10619  -266  -413 -11601
 10629  -252  -421 -11604
 10639  -230  -423 -11599
 10649  -264  -433 -11601
 10659  -246  -412 -11621
 10669  -254  -408 -11606
 10679  -245  -405 -11634
 10689  -249  -405 -11619
 10699  -262  -419 -11656
 10709  -251  -404 -11637
 10719  -237  -428 -11664
 10729  -268  -426 -11686
 10739  -252  -419 -11676
 10749  -260  -415 -11679
 10759  -266  -429 -11694
 10769  -254  -424 -11692
 10779  -246  -432 -11661
 10789  -285  -414 -11657
 10799  -263  -411 -11673
 10809  -272  -407 -11656
 10819  -267  -414 -11650
 10829  -281  -417 -11651
 10839  -255  -423 -11649
 10849  -268  -430 -11646
 10859  -236  -418 -11646
 10869  -250  -417 -11616
 10879  -247  -409 -11658
 10889  -248  -419 -11620
 10899  -243  -410 -11645
 10909  -259  -414 -11628
 10919  -257  -418 -11622
 10929  -249  -407 -11640
 10939  -266  -410 -11659
 10949  -228  -420 -11651
 10959  -254  -422 -11643
 10969  -251  -415 -11650
 10979  -257  -398 -11625
 10989  -250  -412 -11611
 10999  -252  -435 -11630
 11009  -242  -421 -11633
 11019  -249  -418 -11647
 11029  -257  -406 -11636
 11039  -257  -418 -11633
 11049  -259  -434 -11627
 11059  -253  -419 -11600
 11069  -256  -430 -11589
 11079  -252  -409 -11583
 11089  -252  -417 -11575
 11099  -244  -430 -11611
 11109  -258  -403 -11585
 11119  -240  -426 -11600
 11129  -234  -401 -11598
 11139  -248  -419 -11613
 11149  -240  -413 -11651
 11159  -263  -428 -11653
 11169  -261  -424 -11662
 11179  -243  -431 -11696
 11189  -258  -427 -11684
 11199  -236  -428 -11679
 11209  -246  -431 -11683
 11219  -231  -418 -11665
 11229  -236  -412 -11666
 11239  -252  -434 -11701
 11249  -247  -411 -11658
 11259  -243  -395 -11652
 11269  -251  -414 -11679
 11279  -271  -408 -11657
 11289  -270  -417 -11648
 11299  -251  -436 -11640
 11309  -281  -406 -11653
 11319  -267  -417 -11651
 11329  -246  -401 -11649
 11339  -261  -429 -11639
 11349  -256  -411 -11622
 11359  -268  -414 -11631
 11369  -239  -419 -11660
 11379  -246  -416 -11619
 11389  -260  -430 -11636
 11399  -244  -424 -11648
 11409  -260  -405 -11649
 11419  -250  -421 -11637
 11429  -266  -414 -11616
 11439  -260  -417 -11634
 11449  -247  -415 -11639
 11459  -253  -406 -11619
 11469  -264  -401 -11637
 11479  -229  -408 -11639
 11489  -245  -416 -11616
 11499  -245  -411 -11602
 11509  -268  -415 -11590
 11519  -252  -417 -11617
 11529  -251  -409 -11591
 11539  -243  -414 -11576
 11549  -260  -408 -11603
 11559  -261  -410 -11579
 11569  -257  -416 -11618
 11579  -256  -424 -11582
 11589  -289  -412 -11600
 11599  -271  -413 -11611
 11609  -257  -424 -11641
 11619  -248  -408 -11641
 11629  -238  -418 -11685
 11639  -241  -424 -11663
 11649  -255  -397 -11686
 11659  -252  -408 -11659
 11669  -272  -417 -11688
 11679  -257  -435 -11646
 11689  -252  -421 -11643
 11699  -251  -431 -11650
 11709  -271  -406 -11635
 11719  -260  -416 -11634
 11729  -257  -422 -11637
 11739  -216  -413 -11640
 11749  -250  -411 -11635
 11759  -267  -431 -11632
 11769  -260  -411 -11632
 11779  -239  -416 -11653
 11789  -235  -434 -11636
 11799  -277  -423 -11646
 11809  -247  -420 -11632
 11819  -255  -405 -11628
 11829  -253  -407 -11647
 11839  -250  -429 -11611
 11849  -255  -439 -11632
 11859  -263  -407 -11626
 11869  -250  -436 -11639
 11879  -263  -419 -11648
 11889  -242  -416 -11650
 11899  -267  -420 -11617
 11909  -253  -407 -11621
 11919  -245  -427 -11606
 11929  -268  -413 -11608
 11939  -255  -417 -11631
 11949  -248  -425 -11598
 11959  -260  -429 -11605
 11969  -272  -421 -11596
 11979  -250  -412 -11623
 11989  -258  -424 -11574
 11999  -239  -403 -11610
 12009  -232  -405 -11582
 12019  -241  -412 -11595
 12029  -242  -424 -11591
 12039  -266  -412 -11591
 12049  -238  -429 -11590
 12059  -270  -407 -11600
 12069  -243  -404 -11624
 12079  -258  -426 -11639
 12089  -263  -415 -11651
 12099  -250  -427 -11662
 12109  -258  -408 -11649
 12119  -257  -417 -11643
 12129  -247  -418 -11630
 12139  -279  -417 -11636
 12149  -267  -407 -11634
 12159  -256  -419 -11613
 12169  -256  -423 -11621
 12179  -258  -436 -11631
 12189  -250  -411 -11603
 12199  -235  -420 -11597
 12209  -283  -423 -11593
 12219  -252  -400 -11603
 12229  -244  -421 -11591
 12239  -241  -413 -11573
 12249  -269  -410 -11590
 12259  -252  -405 -11612
 12269  -271  -411 -11571
 12279  -257  -403 -11581
 12289  -248  -418 -11573
 12299  -259  -429 -11589
 12309  -258  -409 -11628
 12319  -232  -407 -11588
 12329  -232  -418 -11578
 12339  -244  -414 -11600
 12349  -249  -408 -11588
 12359  -256  -410 -11601
 12369  -250  -427 -11586
 12379  -250  -421 -11596
 12389  -259  -410 -11576
 12399  -263  -417 -11571
 12409  -250  -419 -11563
 12419  -250  -429 -11556
 12429  -244  -403 -11568
 12439  -258  -411 -11570
 12449  -253  -422 -11551
 12459  -254  -441 -11579
 12469  -257  -425 -11561
 12479  -243  -404 -11558
 12489  -254  -407 -11551
 12499  -243  -412 -11538
 12509  -252  -400 -11566
 12519  -246  -406 -11564
 12529  -248  -406 -11568
 12539  -267  -419 -11578
 12549  -243  -418 -11576
 12559  -249  -415 -11586
 12569  -279  -419 -11570
 12579  -264  -423 -11556
 12589  -254  -422 -11570
 12599  -256  -415 -11563
 12609  -257  -423 -11571
 12619  -240  -418 -11539
 12629  -272  -419 -11568
 12639  -243  -417 -11563
 12649  -249  -411 -11547
 12659  -248  -421 -11542
 12669  -250  -416 -11524
 12679  -246  -411 -11523
 12689  -243  -432 -11509
 12699  -267  -421 -11522
 12709  -263  -401 -11529
 12719  -240  -413 -11531
 12729  -246  -401 -11507
 12739  -251  -410 -11512
 12749  -257  -411 -11520
 12759  -271  -422 -11542
 12769  -242  -427 -11535
 12779  -241  -436 -11523
 12789  -248  -416 -11527
 12799  -256  -414 -11526
 12809  -243  -419 -11537
 12819  -247  -406 -11500
 12829  -237  -415 -11512
 12839  -263  -414 -11497
 12849  -271  -416 -11504
 12859  -263  -422 -11510
 12869  -260  -405 -11510
 12879  -259  -400 -11488
 12889  -223  -420 -11471
 12899  -259  -434 -11471
 12909  -249  -409 -11501
 12919  -257  -402 -11487
 12929  -284  -416 -11495
 12939  -261  -409 -11477
 12949  -253  -407 -11482
 12959  -261  -414 -11461
 12969  -247  -390 -11486
 12979  -252  -404 -11452
 12989  -253  -442 -11466
 12999  -238  -424 -11474
 13009  -235  -418 -11478
 13019  -255  -394 -11470
 13029  -247  -415 -11456
 13039  -272  -413 -11482
 13049  -247  -420 -11472
 13059  -259  -427 -11440
 13069  -264  -393 -11451
 13079  -259  -423 -11456
 13089  -228  -423 -11428
 13099  -249  -414 -11438
 13109  -266  -398 -11439
 13119  -252  -407 -11441
 13129  -255  -396 -11441
 13139  -258  -413 -11420
 13149  -233  -422 -11432
 13159  -265  -424 -11430
 13169  -250  -402 -11416
 13179  -256  -395 -11410
 13189  -261  -418 -11408
 13199  -261  -389 -11427
 13209  -251  -400 -11413
 13219  -234  -413 -11416
 13229  -245  -418 -11406
 13239  -238  -392 -11402
 13249  -239  -440 -11409
 13259  -250  -399 -11381
 13269  -262  -400 -11406
 13279  -241  -411 -11411
 13289  -236  -408 -11395
 13299  -255  -418 -11372
 13309  -238  -405 -11399
 13319  -250  -425 -11382
 13329  -238  -428 -11387
 13339  -256  -403 -11393
 13349  -237  -411 -11381
 13359  -224  -411 -11374
 13369  -260  -413 -11361
 13379  -247  -398 -11364
 13389  -254  -415 -11378
 13399  -235  -405 -11381
 13409  -248  -407 -11345
 13419  -269  -419 -11366
 13429  -239  -416 -11385
 13439  -259  -416 -11373
 13449  -252  -398 -11373
 13459  -252  -406 -11338
 13469  -258  -402 -11354
 13479  -254  -413 -11361
 13489  -271  -410 -11365
 13499  -260  -405 -11376
 13509  -232  -388 -11387
 13519  -238  -404 -11360
 13529  -248  -408 -11351
 13539  -233  -424 -11357
 13549  -262  -400 -11347
 13559  -262  -406 -11346
 13569  -261  -407 -11329
 13579  -246  -413 -11334
 13589  -261  -400 -11352
 13599  -255  -401 -11342
 13609  -250  -418 -11347
 13619  -243  -405 -11357
 13629  -266  -427 -11329
 13639  -246  -405 -11345
 13649  -266  -417 -11351
 13659  -250  -415 -11350
 13669  -239  -421 -11348
 13679  -258  -415 -11369
 13689  -245  -416 -11376
 13699  -244  -413 -11372
 13709  -246  -397 -11358
 13719  -239  -414 -11370
 13729  -226  -413 -11377
 13739  -261  -414 -11374
 13749  -257  -407 -11366
 13759  -241  -431 -11378
 13769  -246  -425 -11367
 13779  -255  -404 -11391
 13789  -253  -415 -11380
 13799  -269  -405 -11364
 13809  -233  -410 -11373
 13819  -249  -414 -11378
 13829  -262  -406 -11389
 13839  -238  -410 -11372
 13849  -250  -415 -11404
 13859  -254  -405 -11385
 13869  -265  -414 -11399
 13879  -246  -396 -11392
 13889  -243  -399 -11405
 13899  -247  -417 -11428
 13909  -249  -422 -11432
 13919  -242  -416 -11434
 13929  -252  -417 -11438
 13939  -271  -417 -11451
 13949  -242  -415 -11460
 13959  -246  -423 -11455
 13969  -267  -424 -11455
 13979  -268  -420 -11451
 13989  -247  -411 -11457
 13999  -252  -415 -11461
 14009  -253  -402 -11479
 14019  -275  -404 -11471
 14029  -249  -419 -11482
 14039  -249  -410 -11454
 14049  -255  -407 -11488
 14059  -255  -414 -11507
 14069  -257  -429 -11499
 14079  -248  -421 -11510
 14089  -251  -410 -11506
 14099  -254  -416 -11503
 14109  -254  -411 -11507
 14119  -258  -389 -11523
 14129  -245  -405 -11548
 14139  -237  -401 -11543
 14149  -271  -424 -11526
 14159  -258  -415 -11547
 14169  -256  -424 -11551
 14179  -241  -419 -11561
 14189  -247  -418 -11559
 14199  -265  -415 -11595
 14209  -255  -413 -11572
 14219  -261  -426 -11610
 14229  -242  -416 -11573
 14239  -255  -405 -11575
 14249  -252  -411 -11568
 14259  -262  -422 -11578
 14269  -252  -433 -11575
 14279  -253  -419 -11602
 14289  -258  -420 -11567
 14299  -285  -422 -11605
 14309  -269  -419 -11609
 14319  -251  -419 -11602
 14329  -269  -422 -11593
 14339  -244  -428 -11630
 14349  -250  -414 -11616
 14359  -260  -399 -11610
 14369  -270  -419 -11620
 14379  -256  -399 -11624
 14389  -250  -413 -11622
 14399  -260  -416 -11628
 14409  -262  -410 -11634
 14419  -235  -416 -11643
 14429  -253  -420 -11630
 14439  -255  -424 -11641
 14449  -266  -417 -11642
 14459  -243  -414 -11619
 14469  -267  -435 -11628
 14479  -262  -422 -11657
 14489  -265  -409 -11633
 14499  -251  -421 -11658
 14509  -258  -415 -11655
 14519  -249  -417 -11653
 14529  -268  -402 -11648
 14539  -267  -422 -11655
 14549  -235  -404 -11630
 14559  -249  -416 -11648
 14569  -262  -416 -11659
 14579  -262  -404 -11642
 14589  -252  -403 -11670
 14599  -240  -411 -11649
 14609  -266  -426 -11680
 14619  -257  -428 -11675
 14629  -260  -435 -11667
 14639  -261  -411 -11661
 14649  -252  -422 -11665
 14659  -273  -419 -11646
 14669  -256  -414 -11684
 14679  -247  -415 -11672
 14689  -243  -415 -11660
 14699  -253  -428 -11659
 14709  -257  -406 -11653
 14719  -252  -399 -11625
 14729  -245  -435 -11642
 14739  -252  -434 -11645
 14749  -255  -409 -11672
 14759  -260  -416 -11647
 14769  -269  -413 -11673
 14779  -268  -404 -11661
 14789  -238  -419 -11666
 14799  -250  -420 -11686
 14809  -251  -425 -11647
 14819  -255  -425 -11671
 14829  -258  -428 -11675
 14839  -231  -427 -11689
 14849  -272  -414 -11658
 14859  -245  -438 -11678
 14869  -262  -437 -11702
 14879  -243  -403 -11675
 14889  -259  -420 -11671
 14899  -236  -418 -11656
 14909  -249  -425 -11671
 14919  -251  -413 -11652
 14929  -253  -400 -11666
 14939  -258  -402 -11676
 14949  -259  -418 -11697
 14959  -257  -406 -11660
 14969  -246  -408 -11671
 14979  -257  -420 -11659
 14989  -249  -429 -11656
 14999  -262  -412 -11661
 15009  -257  -420 -11660
 15019  -241  -416 -11670
 15029  -252  -423 -11652
 15039  -265  -413 -11643
 15049  -253  -406 -11669
 15059  -259  -408 -11661
 15069  -248  -419 -11644
 15079  -269  -414 -11670
 15089  -276  -425 -11661
 15099  -249  -426 -11662
 15109  -272  -432 -11668
 15119  -222  -411 -11675
 15129  -266  -425 -11648
 15139  -278  -407 -11655
 15149  -262  -422 -11641
 15159  -273  -425 -11655
 15169  -260  -408 -11658
 15179  -262  -432 -11639
 15189  -263  -406 -11653
 15199  -247  -425 -11654
 15209  -260  -420 -11654
 15219  -258  -423 -11660
 15229  -256  -419 -11664
 15239  -250  -418 -11678
 15249  -258  -416 -11669
 15259  -259  -408 -11651
 15269  -251  -418 -11655
 15279  -236  -416 -11654
 15289  -255  -415 -11631
 15299  -271  -429 -11663
 15309  -271  -428 -11682
 15319  -247  -421 -11653
 15329  -254  -447 -11659
 15339  -269  -418 -11664
 15349  -262  -416 -11675
 15359  -261  -418 -11674
 15369  -251  -418 -11658
 15379  -256  -422 -11663
 15389  -267  -415 -11654
 15399  -254  -408 -11641
 15409  -247  -407 -11636
 15419  -267  -406 -11657
 15429  -255  -415 -11653
 15439  -242  -419 -11687
 15449  -244  -420 -11641
 15459  -274  -411 -11669
 15469  -278  -422 -11640
 15479  -265  -423 -11652
 15489  -253  -394 -11657
 15499  -253  -423 -11645
 15509  -262  -434 -11664
 15519  -239  -429 -11665
 15529  -271  -416 -11643
 15539  -261  -410 -11650
 15549  -267  -420 -11646
 15559  -257  -421 -11674
 15569  -254  -420 -11667
 15579  -271  -427 -11649
 15589  -262  -419 -11665
 15599  -247  -426 -11645
 15609  -247  -417 -11626
 15619  -246  -413 -11639
 15629  -260  -412 -11650
 15639  -237  -409 -11681
 15649  -253  -420 -11650
 15659  -239  -414 -11639
 15669  -279  -403 -11653
 15679  -251  -400 -11664
 15689  -253  -424 -11645
 15699  -235  -415 -11650
 15709  -258  -412 -11658
 15719  -254  -428 -11677
 15729  -246  -413 -11653
 15739  -241  -419 -11646
 15749  -256  -409 -11663
 15759  -269  -434 -11648
 15769  -240  -423 -11651
 15779  -244  -404 -11649
 15789  -256  -414 -11642
 15799  -272  -412 -11650
 15809  -256  -402 -11623
 15819  -267  -430 -11634
 15829  -266  -422 -11653
 15839  -260  -410 -11642
 15849  -254  -424 -11637
 15859  -256  -428 -11647
 15869  -242  -426 -11642
 15879  -267  -412 -11623
 15889  -259  -432 -11656
 15899  -263  -412 -11655
 15909  -259  -429 -11652
 15919  -269  -415 -11629
 15929  -249  -411 -11660
 15939  -228  -423 -11649
 15949  -248  -411 -11647
 15959  -248  -411 -11667
 15969  -248  -424 -11643
 15979  -253  -427 -11646
 15989  -261  -398 -11645
 15999  -252  -420 -11642
 16009  -265  -416 -11648
 16019  -257  -415 -11655
 16029  -247  -405 -11654
 16039  -251  -428 -11639
 16049  -240  -430 -11640
 16059  -246  -420 -11613
 16069  -242  -431 -11620
 16079  -252  -416 -11622
 16089  -259  -415 -11623
 16099  -236  -400 -11640
 16109  -254  -405 -11633
 16119  -259  -418 -11631
 16129  -248  -411 -11642
 16139  -254  -417 -11639
 16149  -235  -411 -11631
 16159  -270  -433 -11646
 16169  -247  -415 -11639
 16179  -274  -413 -11652
 16189  -236  -415 -11632
 16199  -254  -418 -11629
 16209  -249  -417 -11638
 16219  -257  -406 -11617
 16229  -263  -413 -11624
 16239  -255  -423 -11607
 16249  -247  -408 -11627
 16259  -228  -415 -11634
 16269  -248  -415 -11634
 16279  -270  -419 -11627
 16289  -256  -415 -11638
 16299  -248  -404 -11635
 16309  -241  -413 -11626
 16319  -253  -427 -11626
 16329  -267  -422 -11617
 16339  -264  -416 -11596
 16349  -249  -415 -11611
 16359  -244  -424 -11623
 16369  -250  -414 -11621
 16379  -252  -416 -11611
 16389  -240  -404 -11606
 16399  -234  -429 -11624
 16409  -241  -416 -11616
 16419  -251  -423 -11642
 16429  -237  -410 -11658
 16439  -277  -418 -11636
 16449  -245  -402 -11619
 16459  -251  -419 -11613
 16469  -261  -401 -11642
 16479  -262  -408 -11614
 16489  -276  -431 -11617
 16499  -260  -421 -11624
 16509  -252  -417 -11615
 16519  -246  -417 -11619
 16529  -279  -415 -11633
 16539  -252  -409 -11609
 16549  -262  -438 -11635
 16559  -246  -412 -11611
 16569  -248  -429 -11627
 16579  -250  -420 -11623
 16589  -253  -424 -11612
 16599  -264  -426 -11644
 16609  -253  -418 -11630
 16619  -273  -430 -11642
 16629  -246  -407 -11640
 16639  -253  -411 -11630
 16649  -272  -420 -11639
 16659  -248  -415 -11648
 16669  -259  -408 -11643
 16679  -244  -402 -11636
 16689  -254  -412 -11634
 16699  -255  -415 -11654
 16709  -263  -415 -11644
 16719  -232  -423 -11628
 16729  -257  -424 -11629
 16739  -247  -417 -11633
 16749  -262  -417 -11618
 16759  -268  -418 -11618
 16769  -256  -422 -11643
 16779  -251  -421 -11633
 16789  -248  -424 -11628
 16799  -260  -423 -11638
 16809  -259  -416 -11643
 16819  -259  -422 -11634
 16829  -239  -414 -11627
 16839  -257  -417 -11635
 16849  -269  -417 -11632
 16859  -250  -409 -11682
 16869  -257  -423 -11653
 16879  -233  -436 -11624
 16889  -276  -430 -11614
 16899  -260  -402 -11648
 16909  -260  -419 -11641
 16919  -264  -421 -11639
 16929  -247  -406 -11637
 16939  -267  -415 -11646
 16949  -268  -413 -11630
 16959  -247  -416 -11669
 16969  -257  -397 -11648
 16979  -253  -411 -11646
 16989  -258  -428 -11645
 16999  -277  -426 -11639
 17009  -230  -401 -11657
 17019  -266  -405 -11633
 17029  -258  -419 -11640
 17039  -266  -420 -11645
 17049  -244  -428 -11663
 17059  -261  -410 -11657
 17069  -246  -408 -11640
 17079  -270  -403 -11654
 17089  -258  -412 -11646
 17099  -257  -411 -11660
 17109  -258  -423 -11663
 17119  -252  -412 -11654
 17129  -269  -414 -11642
 17139  -262  -425 -11670
 17149  -262  -419 -11683
 17159  -252  -419 -11657
 17169  -250  -424 -11641
 17179  -265  -427 -11649
 17189  -261  -418 -11682
 17199  -254  -412 -11653
 17209  -258  -411 -11630
 17219  -251  -411 -11671
 17229  -253  -424 -11626
 17239  -240  -408 -11656
 17249  -268  -414 -11662
 17259  -260  -437 -11636
 17269  -226  -426 -11649
 17279  -248  -426 -11631
 17289  -252  -403 -11643
 17299  -274  -433 -11652
 17309  -245  -418 -11669
 17319  -261  -434 -11628
 17329  -265  -418 -11663
 17339  -256  -409 -11650
 17349  -263  -415 -11646
 17359  -251  -428 -11660
 17369  -256  -408 -11657
 17379  -244  -409 -11650
 17389  -257  -419 -11663
 17399  -256  -437 -11655
 17409  -270  -426 -11648
 17419  -260  -411 -11648
 17429  -253  -405 -11644
 17439  -274  -428 -11641
 17449  -267  -409 -11663
 17459  -240  -406 -11636
 17469  -249  -418 -11657
 17479  -269  -427 -11633
 17489  -243  -413 -11670
 17499  -260  -427 -11666
 17509  -254  -415 -11660
 17519  -264  -408 -11653
 17529  -262  -426 -11636
 17539  -260  -416 -11666
 17549  -244  -413 -11649
 17559  -262  -423 -11645
 17569  -261  -428 -11667
 17579  -268  -416 -11664
 17589  -265  -429 -11666
 17599  -251  -430 -11681
 17609  -249  -402 -11646
 17619  -241  -402 -11647
 17629  -251  -428 -11645
 17639  -254  -417 -11652
 17649  -278  -421 -11631
 17659  -256  -427 -11639
 17669  -252  -433 -11668
 17679  -244  -412 -11656
 17689  -264  -424 -11622
 17699  -265  -418 -11628
 17709  -253  -419 -11637
 17719  -261  -417 -11639
 17729  -247  -411 -11640
 17739  -246  -406 -11633
 17749  -262  -430 -11634
 17759  -257  -441 -11673
 17769  -244  -408 -11635
 17779  -250  -421 -11636
 17789  -255  -423 -11651
 17799  -254  -422 -11660
 17809  -265  -413 -11639
 17819  -251  -407 -11639
 17829  -252  -425 -11632
 17839  -239  -416 -11615
 17849  -228  -413 -11665
 17859  -249  -413 -11619
 17869  -262  -441 -11643
 17879  -258  -420 -11652
 17889  -246  -430 -11639
 17899  -273  -399 -11620
 17909  -267  -416 -11652
 17919  -261  -416 -11634
 17929  -237  -422 -11649
 17939  -252  -400 -11645
 17949  -235  -412 -11633
 17959  -248  -426 -11611
 17969  -252  -421 -11627
 17979  -258  -409 -11651
 17989  -264  -410 -11624
 17999  -252  -421 -11673
 18009  -259  -409 -11629
 18019  -275  -408 -11638
 18029  -251  -428 -11656
 18039  -259  -430 -11628
 18049  -249  -420 -11665
 18059  -242  -427 -11610
 18069  -259  -423 -11655
 18079  -251  -414 -11613
 18089  -249  -415 -11638
 18099  -258  -411 -11639
 18109  -270  -421 -11644
 18119  -262  -409 -11639
 18129  -260  -413 -11626
 18139  -248  -415 -11646
 18149  -248  -432 -11640
 18159  -242  -423 -11623
 18169  -251  -432 -11632
 18179  -260  -410 -11615
 18189  -248  -412 -11636
 18199  -252  -440 -11624
 18209  -251  -429 -11642
 18219  -248  -412 -11651
 18229  -264  -418 -11649
 18239  -254  -421 -11674
 18249  -266  -416 -11635
 18259  -252  -415 -11638
 18269  -268  -428 -11642
 18279  -263  -417 -11632
 18289  -264  -412 -11649
 18299  -266  -414 -11622
 18309  -263  -418 -11621
 18319  -252  -421 -11628
 18329  -269  -415 -11618
 18339  -253  -412 -11637
 18349  -242  -414 -11639
 18359  -255  -413 -11635
 18369  -263  -418 -11650
 18379  -248  -418 -11631
 18389  -256  -425 -11626
 18399  -257  -410 -11629
 18409  -258  -424 -11624
 18419  -256  -400 -11659
 18429  -238  -428 -11640
 18439  -253  -426 -11624
 18449  -249  -414 -11639
 18459  -249  -409 -11649
 18469  -248  -415 -11652
 18479  -249  -399 -11657
 18489  -258  -414 -11659
 18499  -259  -422 -11677
 18509  -265  -414 -11634
 18519  -237  -419 -11665
 18529  -248  -429 -11669
 18539  -252  -423 -11657
 18549  -239  -422 -11632
 18559  -255  -408 -11635
 18569  -251  -421 -11648
 18579  -253  -416 -11652
 18589  -257  -422 -11667
 18599  -242  -431 -11641
 18609  -253  -411 -11638
 18619  -255  -414 -11633
 18629  -266  -415 -11641
 18639  -269  -427 -11648
 18649  -245  -410 -11668
 18659  -262  -400 -11638
 18669  -263  -419 -11626
 18679  -238  -407 -11665
 18689  -239  -426 -11629
 18699  -256  -431 -11645
 18709  -260  -444 -11652
 18719  -271  -436 -11640
 18729  -264  -408 -11656
 18739  -260  -422 -11651
 18749  -259  -420 -11675
 18759  -234  -416 -11669
 18769  -241  -415 -11638
 18779  -230  -406 -11648
 18789  -262  -402 -11634
 18799  -237  -404 -11633
 18809  -265  -430 -11635
 18819  -255  -431 -11641
 18829  -260  -435 -11641
 18839  -277  -432 -11633
 18849  -273  -403 -11678
 18859  -257  -436 -11642
 18869  -253  -418 -11649
 18879  -263  -413 -11683
 18889  -285  -438 -11670
 18899  -232  -416 -11671
 18909  -267  -415 -11641
 18919  -252  -430 -11674
 18929  -268  -415 -11670
 18939  -271  -412 -11670
 18949  -264  -425 -11679
 18959  -256  -418 -11669
 18969  -261  -427 -11656
 18979  -268  -421 -11662
 18989  -224  -406 -11675
 18999  -271  -412 -11637
 19009  -252  -419 -11674
 19019  -248  -421 -11676
 19029  -273  -439 -11626
 19039  -247  -417 -11639
 19049  -273  -398 -11634
 19059  -247  -405 -11670
 19069  -257  -412 -11649
 19079  -247  -420 -11682
 19089  -254  -418 -11654
 19099  -269  -420 -11649
 19109  -243  -425 -11670
 19119  -259  -419 -11668
 19129  -246  -426 -11647
 19139  -247  -421 -11644
 19149  -257  -410 -11675
 19159  -245  -407 -11663
 19169  -261  -413 -11668
 19179  -266  -403 -11659
 19189  -252  -404 -11678
 19199  -250  -411 -11650
 19209  -253  -424 -11657
 19219  -271  -422 -11674
 19229  -267  -413 -11642
 19239  -255  -411 -11652
 19249  -256  -400 -11657
 19259  -238  -442 -11647
 19269  -248  -408 -11661
 19279  -268  -412 -11692
 19289  -260  -411 -11633
 19299  -259  -426 -11646
 19309  -250  -409 -11659
 19319  -246  -422 -11655
 19329  -258  -415 -11643
 19339  -274  -405 -11676
 19349  -256  -421 -11678
 19359  -235  -424 -11668
 19369  -261  -418 -11647
 19379  -256  -430 -11662
 19389  -255  -427 -11683
 19399  -236  -417 -11641
 19409  -261  -443 -11664
 19419  -236  -422 -11676
 19429  -267  -407 -11658
 19439  -249  -406 -11653
 19449  -252  -425 -11647
 19459  -243  -422 -11652
 19469  -252  -415 -11656
 19479  -256  -426 -11658
 19489  -269  -437 -11622
 19499  -245  -410 -11643
 19509  -247  -405 -11655
 19519  -244  -430 -11631
 19529  -248  -413 -11629
 19539  -242  -424 -11635
 19549  -262  -440 -11625
 19559  -243  -427 -11654
 19569  -272  -424 -11656
 19579  -262  -410 -11644
 19589  -271  -425 -11622
 19599  -250  -431 -11668
 19609  -242  -425 -11668
 19619  -259  -413 -11657
 19629  -249  -412 -11662
 19639  -241  -421 -11658
 19649  -240  -428 -11627
 19659  -245  -417 -11646
 19669  -245  -409 -11645
 19679  -256  -431 -11638
 19689  -245  -428 -11646
 19699  -259  -425 -11643
 19709  -271  -408 -11664
 19719  -250  -419 -11636
 19729  -247  -422 -11644
 19739  -240  -419 -11645
 19749  -256  -425 -11616
 19759  -260  -424 -11645
 19769  -224  -418 -11651
 19779  -250  -421 -11621
 19789  -270  -422 -11633
 19799  -258  -401 -11645
 19809  -257  -429 -11642
 19819  -266  -417 -11654
 19829  -246  -409 -11654
 19839  -242  -403 -11639
 19849  -261  -432 -11676
 19859  -247  -425 -11640
 19869  -267  -421 -11618
 19879  -254  -444 -11632
 19889  -260  -415 -11639
 19899  -259  -421 -11626
 19909  -255  -420 -11629
 19919  -240  -423 -11617
 19929  -267  -406 -11627
 19939  -246  -424 -11612
 19949  -242  -421 -11624
 19959  -247  -417 -11604
 19969  -272  -406 -11616
 19979  -251  -424 -11624
 19989  -249  -431 -11653
 19999  -268  -410 -11613
 20009  -260  -402 -11616
 20019  -267  -400 -11621
 20029  -266  -433 -11631
 20039  -260  -427 -11634
 20049  -258  -420 -11647
 20059  -239  -426 -11604
 20069  -271  -406 -11649
 20079  -224  -420 -11664
 20089  -251  -403 -11644
 20099  -257  -419 -11659
 20109  -246  -418 -11634
 20119  -262  -433 -11659
 20129  -265  -408 -11598
 20139  -264  -422 -11634
 20149  -263  -433 -11635
 20159  -250  -429 -11641
 20169  -247  -393 -11631
 20179  -252  -429 -11637
 20189  -232  -416 -11628
 20199  -232  -392 -11616
 20209  -238  -412 -11650
 20219  -252  -417 -11629
 20229  -240  -410 -11640
 20239  -251  -396 -11656
 20249  -257  -410 -11634
 20259  -242  -414 -11658
 20269  -252  -418 -11628
 20279  -240  -414 -11641
 20289  -249  -417 -11648
 20299  -229  -416 -11638
 20309  -259  -438 -11650
 20319  -260  -408 -11651
 20329  -234  -411 -11663
 20339  -266  -417 -11653
 20349  -270  -405 -11639
 20359  -251  -410 -11664
 20369  -256  -427 -11664
 20379  -255  -424 -11655
 20389  -257  -433 -11656
 20399  -250  -420 -11652
 20409  -258  -423 -11667
 20419  -257  -399 -11641
 20429  -262  -401 -11641
 20439  -250  -428 -11631
 20449  -245  -427 -11684
 20459  -252  -417 -11678
 20469  -237  -423 -11672
 20479  -247  -430 -11667
 20489  -251  -396 -11648
 20499  -276  -414 -11648
 20509  -277  -407 -11647
 20519  -260  -402 -11655
 20529  -240  -417 -11663
 20539  -241  -416 -11653
 20549  -252  -418 -11647
 20559  -247  -429 -11621
 20569  -253  -420 -11666
 20579  -252  -419 -11675
 20589  -262  -426 -11675
 20599  -268  -412 -11658
 20609  -240  -428 -11663
 20619  -241  -416 -11646
 20629  -249  -423 -11657
 20639  -260  -423 -11667
 20649  -263  -406 -11667
 20659  -269  -422 -11654
 20669  -240  -428 -11649
 20679  -254  -415 -11670
 20689  -255  -410 -11680
 20699  -281  -406 -11672
 20709  -258  -434 -11668
 20719  -252  -424 -11688
 20729  -261  -434 -11692
 20739  -247  -425 -11673
 20749  -268  -410 -11635
 20759  -254  -407 -11673
 20769  -257  -414 -11642
 20779  -273  -422 -11673
 20789  -264  -405 -11660
 20799  -234  -410 -11668
 20809  -248  -421 -11674
 20819  -243  -428 -11673
 20829  -225  -415 -11670
 20839  -260  -417 -11657
 20849  -257  -413 -11669
 20859  -240  -419 -11663
 20869  -255  -427 -11654
 20879  -263  -412 -11651
 20889  -265  -408 -11653
 20899  -266  -419 -11671
 20909  -259  -429 -11660
 20919  -258  -410 -11665
 20929  -251  -405 -11645
 20939  -274  -437 -11661
 20949  -233  -420 -11644
 20959  -238  -417 -11666
 20969  -276  -435 -11670
 20979  -277  -416 -11663
 20989  -239  -427 -11675
 20999  -255  -425 -11659
 21009  -263  -417 -11677
 21019  -278  -422 -11667
 21029  -253  -418 -11660
 21039  -254  -405 -11634
 21049  -275  -408 -11635
 21059  -245  -422 -11639
 21069  -244  -422 -11650
 21079  -277  -416 -11658
 21089  -251  -424 -11665
 21099  -235  -404 -11647
 21109  -260  -392 -11645
 21119  -261  -405 -11661
 21129  -269  -435 -11639
 21139  -260  -431 -11662
 21149  -250  -426 -11656
 21159  -259  -415 -11667
 21169  -246  -420 -11658
 21179  -277  -423 -11668
 21189  -237  -419 -11656
 21199  -254  -418 -11658
 21209  -258  -423 -11641
 21219  -246  -434 -11656
 21229  -250  -425 -11652
 21239  -257  -409 -11636
 21249  -230  -424 -11687
 21259  -256  -405 -11629
 21269  -244  -419 -11643
 21279  -245  -414 -11629
 21289  -249  -420 -11621
 21299  -260  -418 -11626
 21309  -263  -422 -11632
 21319  -247  -418 -11644
 21329  -262  -416 -11615
 21339  -242  -403 -11609
 21349  -257  -409 -11610
 21359  -270  -408 -11636
 21369  -258  -422 -11636
 21379  -261  -412 -11616
 21389  -263  -418 -11655
 21399  -253  -424 -11628
 21409  -267  -418 -11622
 21419  -244  -414 -11625
 21429  -239  -405 -11644
 21439  -256  -415 -11626
 21449  -265  -407 -11639
 21459  -252  -408 -11619
 21469  -235  -421 -11615
 21479  -247  -424 -11637
 21489  -254  -425 -11635
 21499  -263  -437 -11642
 21509  -243  -400 -11629
 21519  -248  -402 -11626
 21529  -262  -421 -11605
 21539  -262  -419 -11631
 21549  -250  -425 -11635
 21559  -248  -433 -11622
 21569  -266  -433 -11635
 21579  -246  -434 -11633
 21589  -237  -403 -11624
 21599  -253  -418 -11621
 21609  -241  -413 -11645
 21619  -243  -405 -11630
 21629  -262  -419 -11634
 21639  -266  -428 -11643
 21649  -259  -424 -11650
 21659  -251  -425 -11649
 21669  -267  -392 -11641
 21679  -248  -426 -11656
 21689  -262  -427 -11661
 21699  -259  -407 -11648
 21709  -264  -402 -11626
 21719  -242  -423 -11640
 21729  -248  -438 -11639
 21739  -252  -412 -11618
 21749  -256  -423 -11601
 21759  -246  -414 -11657
 21769  -245  -438 -11618
 21779  -262  -393 -11603
 21789  -257  -411 -11612
 21799  -237  -423 -11611
 21809  -262  -414 -11612
 21819  -261  -414 -11628
 21829  -240  -418 -11629
 21839  -253  -425 -11633
 21849  -261  -414 -11648
 21859  -262  -430 -11639
 21869  -245  -410 -11637
 21879  -259  -406 -11652
 21889  -249  -418 -11645
 21899  -250  -416 -11646
 21909  -263  -415 -11618
 21919  -241  -422 -11665
 21929  -252  -411 -11663
 21939  -236  -417 -11655
 21949  -239  -398 -11655
 21959  -259  -418 -11646
 21969  -248  -423 -11634
 21979  -258  -415 -11657
 21989  -238  -418 -11657
 21999  -266  -438 -11653
 22009  -238  -427 -11653
 22019  -252  -430 -11635
 22029  -238  -412 -11655
 22039  -267  -426 -11629
 22049  -256  -412 -11630
 22059  -253  -413 -11654
 22069  -257  -411 -11643
 22079  -245  -425 -11668
 22089  -255  -399 -11657
 22099  -254  -401 -11658
 22109  -258  -413 -11691
 22119  -237  -420 -11688
 22129  -243  -422 -11630
 22139  -259  -409 -11654
 22149  -254  -437 -11672
 22159  -253  -431 -11659
 22169  -270  -425 -11628
 22179  -246  -426 -11638
 22189  -244  -422 -11651
 22199  -254  -422 -11668
 22209  -244  -414 -11654
 22219  -259  -415 -11637
 22229  -251  -409 -11646
 22239  -259  -416 -11655
 22249  -253  -426 -11648
 22259  -267  -435 -11648
 22269  -265  -433 -11652
 22279  -275  -415 -11684
 22289  -265  -425 -11652
 22299  -242  -413 -11652
 22309  -249  -423 -11647
 22319  -254  -416 -11680
 22329  -255  -413 -11679
 22339  -260  -421 -11660
 22349  -256  -429 -11676
 22359  -271  -407 -11647
 22369  -244  -426 -11646
 22379  -251  -422 -11655
 22389  -252  -406 -11669
 22399  -254  -424 -11666
 22409  -266  -413 -11642
 22419  -248  -423 -11636
 22429  -255  -433 -11660
 22439  -241  -422 -11658
 22449  -259  -423 -11656
 22459  -270  -392 -11669
 22469  -280  -415 -11669
 22479  -267  -425 -11658
 22489  -234  -439 -11639
 22499  -252  -421 -11673
 22509  -256  -423 -11665
 22519  -256  -404 -11679
 22529  -263  -413 -11652
 22539  -249  -417 -11660
 22549  -250  -416 -11680
 22559  -270  -417 -11666
 22569  -270  -421 -11675
 22579  -265  -422 -11679
 22589  -222  -428 -11665
 22599  -243  -417 -11662
 22609  -237  -440 -11669
 22619  -265  -430 -11666
 22629  -253  -426 -11663
 22639  -248  -415 -11681
 22649  -250  -421 -11685
 22659  -255  -411 -11669
 22669  -250  -443 -11663
 22679  -245  -419 -11649
 22689  -275  -424 -11663
 22699  -255  -421 -11658
 22709  -247  -428 -11653
 22719  -236  -419 -11662
 22729  -249  -432 -11644
 22739  -258  -400 -11656
 22749  -256  -421 -11659
 22759  -264  -402 -11673
 22769  -264  -402 -11675
 22779  -263  -411 -11685
 22789  -250  -428 -11672
 22799  -273  -402 -11653
 22809  -241  -419 -11664
 22819  -242  -408 -11658
 22829  -248  -430 -11642
 22839  -261  -421 -11674
 22849  -244  -431 -11672
 22859  -242  -419 -11669
 22869  -241  -436 -11637
 22879  -263  -426 -11680
 22889  -246  -409 -11668
 22899  -253  -402 -11655
 22909  -250  -419 -11676
 22919  -253  -414 -11670
 22929  -264  -425 -11656
 22939  -238  -431 -11635
 22949  -234  -441 -11660
 22959  -244  -412 -11674
 22969  -244  -415 -11660
 22979  -259  -413 -11671
 22989  -252  -425 -11639
 22999  -240  -420 -11667
 23009  -252  -416 -11662
 23019  -266  -427 -11651
 23029  -256  -425 -11675
 23039  -253  -422 -11658
 23049  -241  -431 -11663
 23059  -261  -415 -11670
 23069  -257  -428 -11665
 23079  -246  -413 -11666
 23089  -259  -421 -11669
 23099  -257  -402 -11670
 23109  -243  -417 -11644
 23119  -257  -429 -11647
 23129  -267  -428 -11654
 23139  -245  -421 -11662
 23149  -245  -410 -11629
 23159  -261  -428 -11650
 23169  -256  -424 -11641
 23179  -248  -402 -11646
 23189  -251  -410 -11662
 23199  -246  -431 -11667
 23209  -259  -413 -11648
 23219  -242  -421 -11667
 23229  -256  -415 -11642
 23239  -239  -427 -11661
 23249  -255  -416 -11670
 23259  -241  -422 -11655
 23269  -275  -407 -11655
 23279  -261  -416 -11653
 23289  -251  -417 -11661
 23299  -239  -419 -11638
 23309  -270  -426 -11644
 23319  -256  -408 -11644
 23329  -242  -436 -11638
 23339  -238  -414 -11648
 23349  -246  -416 -11660
 23359  -268  -413 -11646
 23369  -268  -423 -11658
 23379  -249  -414 -11657
 23389  -246  -420 -11656
 23399  -243  -420 -11650
 23409  -267  -422 -11660
 23419  -244  -415 -11655
 23429  -246  -405 -11644
 23439  -249  -412 -11675
 23449  -255  -412 -11653
 23459  -263  -408 -11655
 23469  -266  -409 -11646
 23479  -257  -404 -11644
 23489  -232  -408 -11641
 23499  -251  -423 -11659
 23509  -263  -411 -11660
 23519  -250  -421 -11640
 23529  -249  -417 -11647
 23539  -264  -409 -11632
 23549  -258  -409 -11634
 23559  -245  -412 -11651
 23569  -255  -402 -11644
 23579  -252  -430 -11634
 23589  -250  -415 -11627
 23599  -245  -416 -11620
 23609  -264  -409 -11643
 23619  -247  -401 -11620
 23629  -263  -403 -11647
 23639  -272  -423 -11631
 23649  -256  -404 -11654
 23659  -244  -416 -11642
 23669  -256  -427 -11639
 23679  -247  -425 -11644
 23689  -235  -420 -11630
 23699  -268  -421 -11658
 23709  -268  -432 -11643
 23719  -248  -427 -11645
 23729  -252  -418 -11633
 23739  -235  -414 -11640
 23749  -250  -408 -11646
 23759  -246  -407 -11649
 23769  -260  -419 -11641
 23779  -270  -418 -11644
 23789  -236  -410 -11639
 23799  -252  -416 -11650
 23809  -231  -419 -11638
 23819  -241  -419 -11650
 23829  -275  -407 -11625
 23839  -248  -417 -11629
 23849  -259  -418 -11631
 23859  -249  -423 -11642
 23869  -239  -398 -11646
 23879  -239  -418 -11650
 23889  -246  -407 -11640
 23899  -263  -417 -11666
 23909  -251  -411 -11653
 23919  -235  -412 -11662
 23929  -239  -418 -11638
 23939  -252  -411 -11639
 23949  -263  -405 -11637
 23959  -256  -421 -11652
 23969  -251  -421 -11631
 23979  -262  -426 -11647
 23989  -254  -417 -11630
 23999  -275  -413 -11620
 24009  -271  -408 -11642
 24019  -242  -422 -11633
 24029  -261  -411 -11631
 24039  -261  -421 -11640
 24049  -260  -403 -11664
 24059  -237  -417 -11668
 24069  -242  -429 -11666
 24079  -263  -399 -11667
 24089  -267  -404 -11647
 24099  -268  -416 -11647
 24109  -230  -411 -11662
 24119  -252  -404 -11642
 24129  -256  -416 -11642
 24139  -263  -413 -11657
 24149  -259  -405 -11645
 24159  -237  -405 -11636
 24169  -249  -440 -11673
 24179  -261  -433 -11662
 24189  -248  -405 -11638
 24199  -259  -431 -11683
 24209  -245  -431 -11668
 24219  -246  -437 -11660
 24229  -256  -415 -11663
 24239  -254  -412 -11684
 24249  -254  -417 -11656
 24259  -275  -410 -11674
 24269  -268  -399 -11659
 24279  -266  -404 -11660
 24289  -256  -413 -11660
 24299  -245  -426 -11660
 24309  -263  -425 -11667
 24319  -254  -410 -11653
 24329  -256  -413 -11662
 24339  -264  -426 -11685
 24349  -268  -413 -11707
 24359  -222  -418 -11685
 24369  -241  -432 -11668
 24379  -250  -407 -11675
 24389  -261  -416 -11696
 24399  -246  -419 -11685
 24409  -250  -405 -11675
 24419  -260  -418 -11691
 24429  -256  -407 -11668
 24439  -251  -401 -11678
 24449  -250  -419 -11665
 24459  -238  -407 -11653
 24469  -267  -406 -11672
 24479  -247  -416 -11650
 24489  -257  -412 -11674
 24499  -247  -410 -11636
 24509  -237  -397 -11677
 24519  -259  -414 -11665
 24529  -240  -418 -11656
 24539  -262  -423 -11689
 24549  -244  -418 -11687
 24559  -253  -415 -11692
 24569  -260  -425 -11680
 24579  -253  -428 -11672
 24589  -269  -412 -11684
 24599  -250  -423 -11669
 24609  -260  -439 -11672
 24619  -256  -416 -11679
 24629  -244  -417 -11669
 24639  -263  -421 -11645
 24649  -265  -417 -11645
 24659  -263  -415 -11655
 24669  -257  -390 -11655
 24679  -259  -424 -11661
 24689  -258  -410 -11664
 24699  -243  -420 -11642
 24709  -254  -417 -11650
 24719  -234  -406 -11646
 24729  -252  -420 -11648
 24739  -235  -420 -11638
 24749  -244  -406 -11658
 24759  -251  -423 -11654
 24769  -255  -419 -11647
 24779  -249  -400 -11641
 24789  -264  -426 -11663
 24799  -264  -413 -11667
 24809  -258  -407 -11675
 24819  -257  -412 -11678
 24829  -258  -412 -11667
 24839  -267  -413 -11662
 24849  -261  -425 -11641
 24859  -238  -390 -11663
 24869  -261  -432 -11637
 24879  -243  -408 -11643
 24889  -243  -423 -11658
 24899  -246  -416 -11644
 24909  -242  -424 -11655
 24919  -237  -415 -11640
 24929  -236  -424 -11661
 24939  -237  -412 -11635
 24949  -240  -412 -11656
 24959  -253  -418 -11655
 24969  -261  -424 -11687
 24979  -251  -416 -11650
 24989  -232  -412 -11650
 24999  -260  -408 -11650
 25009  -268  -418 -11670
 25019  -241  -419 -11633
 25029  -249  -422 -11657
 25039  -258  -413 -11635
 25049  -250  -426 -11636
 25059  -268  -412 -11636
 25069  -233  -419 -11667
 25079  -253  -419 -11657
 25089  -255  -424 -11639
 25099  -248  -412 -11664
 25109  -246  -404 -11650
 25119  -248  -435 -11627
 25129  -249  -416 -11645
 25139  -254  -416 -11634
 25149  -242  -407 -11662
 25159  -256  -403 -11637
 25169  -264  -413 -11620
 25179  -247  -427 -11627
 25189  -243  -439 -11654
 25199  -246  -416 -11634
 25209  -262  -413 -11628
 25219  -265  -434 -11650
 25229  -267  -406 -11632
 25239  -271  -418 -11643
 25249  -238  -409 -11642
 25259  -263  -421 -11646
 25269  -248  -407 -11638
 25279  -253  -428 -11657
 25289  -257  -426 -11638
 25299  -249  -427 -11614
 25309  -255  -429 -11656
 25319  -248  -404 -11648
 25329  -240  -420 -11636
 25339  -263  -416 -11627
 25349  -239  -429 -11618
 25359  -256  -427 -11635
 25369  -243  -406 -11628
 25379  -254  -435 -11627
 25389  -251  -421 -11635
 25399  -264  -433 -11655
 25409  -262  -417 -11632
 25419  -233  -416 -11635
 25429  -264  -419 -11633
 25439  -240  -415 -11649
 25449  -272  -431 -11625
 25459  -251  -407 -11634
 25469  -259  -432 -11645
 25479  -243  -408 -11664
 25489  -257  -420 -11644
 25499  -261  -435 -11653
 25509  -272  -407 -11657
 25519  -277  -403 -11643
 25529  -238  -417 -11635
 25539  -235  -408 -11655
 25549  -259  -406 -11644
 25559  -260  -419 -11637
 25569  -254  -408 -11654
 25579  -257  -421 -11649
 25589  -259  -423 -11637
 25599  -271  -405 -11649
 25609  -255  -397 -11653
 25619  -237  -409 -11651
 25629  -260  -413 -11625
 25639  -258  -416 -11629
 25649  -260  -436 -11635
 25659  -262  -419 -11639
 25669  -254  -406 -11657
 25679  -267  -410 -11679
 25689  -277  -418 -11655
 25699  -243  -390 -11672
 25709  -266  -422 -11640
 25719  -253  -414 -11690
 25729  -254  -420 -11645
 25739  -254  -438 -11657
 25749  -241  -425 -11668
 25759  -265  -428 -11643
 25769  -264  -399 -11660
 25779  -254  -393 -11669
 25789  -281  -401 -11645
 25799  -258  -436 -11664
 25809  -254  -412 -11668
 25819  -265  -415 -11650
 25829  -265  -421 -11652
 25839  -261  -423 -11647
 25849  -265  -422 -11668
 25859  -266  -437 -11665
 25869  -263  -414 -11680
 25879  -236  -415 -11659
 25889  -246  -402 -11662
 25899  -265  -416 -11651
 25909  -267  -405 -11652
 25919  -267  -426 -11668
 25929  -273  -407 -11668
 25939  -255  -426 -11694
 25949  -259  -414 -11661
 25959  -256  -413 -11668
 25969  -257  -409 -11684
 25979  -243  -413 -11673
 25989  -241  -428 -11661
 25999  -251  -415 -11676
 26009  -271  -402 -11689
 26019  -252  -432 -11690
 26029  -256  -422 -11661
 26039  -258  -404 -11665
 26049  -242  -417 -11671
 26059  -274  -410 -11662
 26069  -268  -428 -11669
 26079  -246  -427 -11666
 26089  -263  -413 -11651
 26099  -244  -410 -11685
 26109  -250  -415 -11666
 26119  -261  -428 -11703
 26129  -259  -414 -11678
 26139  -253  -412 -11676
 26149  -256  -412 -11679
 26159  -239  -425 -11679
 26169  -253  -411 -11683
 26179  -250  -405 -11703
 26189  -230  -403 -11686
 26199  -246  -418 -11677
 26209  -250  -415 -11654
 26219  -257  -422 -11657
 26229  -251  -435 -11680
 26239  -239  -414 -11696
 26249  -234  -421 -11671
 26259  -270  -428 -11671
 26269  -240  -409 -11684
 26279  -248  -421 -11661
 26289  -245  -425 -11656
 26299  -239  -427 -11646
 26309  -239  -438 -11660
 26319  -259  -412 -11684
 26329  -259  -435 -11664
 26339  -247  -421 -11685
 26349  -271  -408 -11680
 26359  -260  -408 -11667
 26369  -265  -431 -11662
 26379  -241  -418 -11649
 26389  -258  -417 -11681
 26399  -256  -424 -11667
 26409  -258  -430 -11673
 26419  -250  -419 -11667
 26429  -260  -422 -11682
 26439  -276  -421 -11662
 26449  -261  -415 -11657
 26459  -256  -430 -11641
 26469  -258  -428 -11663
 26479  -264  -432 -11674
 26489  -262  -423 -11642
 26499  -251  -430 -11664
 26509  -246  -399 -11622
 26519  -250  -441 -11651
 26529  -269  -414 -11651
 26539  -227  -401 -11658
 26549  -269  -430 -11653
 26559  -262  -425 -11687
 26569  -247  -422 -11669
 26579  -257  -414 -11659
 26589  -245  -403 -11688
 26599  -236  -422 -11669
 26609  -253  -433 -11644
 26619  -260  -419 -11664
 26629  -272  -411 -11655
 26639  -260  -402 -11673
 26649  -264  -421 -11668
 26659  -237  -401 -11648
 26669  -264  -416 -11637
 26679  -255  -411 -11622
 26689  -247  -419 -11642
 26699  -254  -402 -11629
 26709  -236  -424 -11616
 26719  -272  -411 -11641
 26729  -255  -398 -11673
 26739  -256  -406 -11634
 26749  -262  -406 -11633
 26759  -251  -433 -11639
 26769  -235  -413 -11630
 26779  -253  -425 -11647
 26789  -246  -411 -11632
 26799  -259  -403 -11634
 26809  -255  -419 -11649
 26819  -258  -397 -11627
 26829  -263  -411 -11628
 26839  -253  -415 -11646
 26849  -264  -426 -11651
 26859  -252  -419 -11649
 26869  -248  -423 -11631
 26879  -259  -423 -11651
 26889  -254  -413 -11646
 26899  -248  -409 -11637
 26909  -245  -412 -11621
 26919  -248  -412 -11619
 26929  -263  -414 -11623
 26939  -258  -408 -11638
 26949  -231  -416 -11647
 26959  -228  -425 -11628
 26969  -227  -416 -11642
 26979  -244  -416 -11633
 26989  -257  -434 -11629
 26999  -265  -424 -11638
 27009  -240  -412 -11635
 27019  -231  -406 -11616
 27029  -267  -419 -11633
 27039  -248  -415 -11662
 27049  -243  -419 -11645
 27059  -246  -417 -11638
 27069  -247  -414 -11645
 27079  -259  -402 -11650
 27089  -253  -415 -11623
 27099  -247  -422 -11622
 27109  -271  -423 -11637
 27119  -245  -412 -11640
 27129  -247  -411 -11623
 27139  -269  -408 -11642
 27149  -232  -430 -11631
 27159  -262  -429 -11616
 27169  -237  -442 -11632
 27179  -251  -409 -11621
 27189  -313  -410 -11644
 27199  -237  -364 -11645
 27209  -226  -391 -11638
 27219  -258  -433 -11634
 27229  -253  -483 -11624
 27239  -214  -420 -11625
 27249  -259  -371 -11629
 27259  -264  -413 -11638
 27269  -263  -423 -11639
 27279  -282  -419 -11662
 27289  -249  -423 -11655
 27299  -248  -398 -11631
 27309  -248  -384 -11636
 27319  -263  -393 -11647
 27329  -250  -432 -11655
 27339  -229  -387 -11663
 27349  -244  -423 -11628
 27359  -265  -433 -11640
 27369  -242  -398 -11634
 27379  -241  -403 -11623
 27389  -247  -438 -11612
 27399  -253  -383 -11646
 27409  -229  -398 -11633
 27419  -258  -417 -11651
 27429  -236  -419 -11664
 27439  -276  -438 -11642
 27449  -248  -423 -11640
 27459  -239  -416 -11662
 27469  -255  -420 -11637
 27479  -188  -436 -11646
 27489  -270  -490 -11684
 27499  -298  -404 -11643
 27509  -249  -319 -11656
 27519  -232  -424 -11677
 27529  -263  -440 -11677
 27539  -247  -415 -11689
 27549  -251  -414 -11682
 27559  -258  -422 -11679
 27569  -259  -395 -11675
 27579  -237  -421 -11672
 27589  -225  -409 -11667
 27599  -280  -422 -11688
 27609  -275  -403 -11673
 27619  -242  -395 -11672
 27629  -270  -453 -11662
 27639  -264  -416 -11640
 27649  -255  -409 -11681
 27659  -255  -435 -11680
 27669  -272  -430 -11677
 27679  -255  -423 -11678
 27689  -260  -414 -11685
 27699  -256  -392 -11647
 27709  -256  -421 -11676
 27719  -243  -424 -11690
 27729  -242  -408 -11668
 27739  -275  -439 -11685
 27749  -278  -431 -11662
 27759  -261  -436 -11663
 27769  -263  -425 -11675
 27779  -253  -423 -11665
 27789  -251  -424 -11667
 27799  -222  -415 -11702
 27809  -245  -413 -11681
 27819  -271  -415 -11657
 27829  -252  -415 -11682
 27839  -277  -413 -11674
 27849  -268  -420 -11695
 27859  -245  -418 -11681
 27869  -276  -411 -11660
 27879  -252  -419 -11672
 27889  -236  -438 -11677
 27899  -260  -402 -11688
 27909  -247  -417 -11678
 27919  -260  -406 -11664
 27929  -259  -419 -11691
 27939  -255  -423 -11708
 27949  -246  -411 -11682
 27959  -260  -416 -11674
 27969  -252  -401 -11682
 27979  -236  -421 -11673
 27989  -247  -419 -11706
 27999  -248  -442 -11693
 28009  -255  -409 -11689
 28019  -245  -411 -11677
 28029  -276  -414 -11684
 28039  -267  -421 -11692
 28049  -274  -417 -11699
 28059  -263  -439 -11674
 28069  -261  -415 -11684
 28079  -262  -422 -11676
 28089  -242  -417 -11678
 28099  -255  -418 -11701
 28109  -238  -411 -11694
 28119  -265  -417 -11685
 28129  -257  -421 -11682
 28139  -252  -406 -11682
 28149  -265  -427 -11683
 28159  -241  -412 -11690
 28169  -231  -428 -11701
 28179  -248  -420 -11688
 28189  -255  -415 -11675
 28199  -244  -428 -11675
 28209  -249  -402 -11660
 28219  -241  -410 -11700
 28229  -249  -416 -11680
 28239  -235  -430 -11668
 28249  -249  -405 -11671
 28259  -239  -413 -11658
 28269  -258  -419 -11676
 28279  -272  -409 -11671
 28289  -259  -424 -11660
 28299  -217  -426 -11667
 28309  -253  -404 -11665
 28319  -250  -411 -11678
 28329  -246  -420 -11671
 28339  -259  -424 -11660
 28349  -252  -413 -11663
 28359  -243  -408 -11655
 28369  -266  -429 -11636
 28379  -256  -408 -11668
 28389  -253  -424 -11670
 28399  -250  -415 -11684
 28409  -257  -413 -11649
 28419  -257  -411 -11645
 28429  -243  -414 -11667
 28439  -243  -429 -11663
 28449  -257  -419 -11668
 28459  -253  -415 -11663
 28469  -268  -423 -11643
 28479  -229  -388 -11669
 28489  -259  -415 -11644
 28499  -247  -418 -11647
 28509  -269  -422 -11672
 28519  -275  -434 -11650
 28529  -245  -389 -11674
 28539  -251  -411 -11647
 28549  -247  -423 -11647
 28559  -257  -422 -11629
 28569  -270  -409 -11661
 28579  -255  -422 -11662
 28589  -244  -414 -11628
 28599  -254  -412 -11623
 28609  -252  -435 -11628
 28619  -249  -420 -11654
 28629  -238  -392 -11657
 28639  -265  -413 -11612
 28649  -255  -412 -11653
 28659  -242  -396 -11658
 28669  -268  -410 -11631
 28679  -246  -411 -11636
 28689  -269  -416 -11641
 28699  -249  -408 -11635
 28709  -258  -418 -11650
 28719  -266  -434 -11622
 28729  -249  -403 -11616
 28739  -257  -416 -11632
 28749  -258  -415 -11616
 28759  -259  -414 -11630
 28769  -243  -406 -11613
 28779  -240  -420 -11626
 28789  -251  -410 -11618
 28799  -244  -426 -11623
 28809  -250  -424 -11625
 28819  -255  -427 -11614
 28829  -239  -403 -11614
 28839  -244  -425 -11613
 28849  -247  -408 -11638
 28859  -252  -416 -11645
 28869  -237  -411 -11620
 28879  -255  -419 -11651
 28889  -231  -417 -11650
 28899  -255  -410 -11625
 28909  -230  -425 -11631
 28919  -262  -400 -11619
 28929  -239  -409 -11631
 28939  -251  -415 -11610
 28949  -238  -437 -11626
 28959  -245  -408 -11611
 28969  -233  -423 -11598
 28979  -247  -416 -11607
 28989  -237  -414 -11624
 28999  -260  -395 -11631
 29009  -258  -411 -11625
 29019  -253  -397 -11620
 29029  -243  -425 -11611
 29039  -266  -421 -11601
 29049  -250  -428 -11633
 29059  -249  -419 -11642
 29069  -258  -410 -11644
 29079  -254  -419 -11628
 29089  -266  -423 -11633
 29099  -260  -417 -11634
 29109  -248  -439 -11636
 29119  -266  -412 -11639
 29129  -249  -411 -11624
 29139  -249  -408 -11619
 29149  -255  -409 -11639
 29159  -233  -416 -11666
 29169  -245  -415 -11640
 29179  -245  -427 -11631
 29189  -251  -425 -11644
 29199  -259  -406 -11641
 29209  -271  -412 -11635
 29219  -238  -415 -11642
 29229  -253  -426 -11647
 29239  -233  -422 -11653
 29249  -264  -429 -11650
 29259  -245  -415 -11654
 29269  -261  -403 -11626
 29279  -259  -430 -11630
 29289  -240  -415 -11660
 29299  -248  -395 -11667
 29309  -243  -422 -11657
 29319  -255  -409 -11675
 29329  -257  -428 -11642
 29339  -231  -424 -11692
 29349  -267  -423 -11657
 29359  -253  -450 -11675
 29369  -245  -405 -11649
 29379  -245  -417 -11633
 29389  -254  -410 -11651
 29399  -250  -429 -11659
 29409  -251  -429 -11675
 29419  -242  -410 -11654
 29429  -252  -394 -11645
 29439  -263  -409 -11669
 29449  -263  -417 -11661
 29459  -251  -397 -11662
 29469  -255  -418 -11673
 29479  -253  -425 -11656
 29489  -253  -428 -11688
 29499  -262  -411 -11652
 29509  -253  -428 -11656
 29519  -260  -431 -11684
 29529  -253  -414 -11660
 29539  -265  -444 -11680
 29549  -245  -419 -11695
 29559  -255  -433 -11676
 29569  -259  -429 -11686
 29579  -253  -429 -11683
 29589  -253  -415 -11681
 29599  -260  -421 -11691
 29609  -251  -420 -11677
 29619  -262  -419 -11669
 29629  -253  -421 -11665
 29639  -251  -401 -11672
 29649  -263  -425 -11678
 29659  -268  -396 -11705
 29669  -258  -407 -11679
 29679  -250  -427 -11669
 29689  -263  -416 -11694
 29699  -266  -418 -11680
 29709  -257  -426 -11670
 29719  -267  -410 -11685
 29729  -254  -413 -11693
 29739  -258  -427 -11679
 29749  -261  -430 -11690
 29759  -257  -404 -11714
 29769  -270  -421 -11694
 29779  -252  -411 -11734
 29789  -250  -412 -11717
 29799  -261  -422 -11673
 29809  -263  -405 -11710
 29819  -270  -410 -11699
 29829  -269  -414 -11693
 29839  -265  -418 -11698
 29849  -240  -384 -11676
 29859  -256  -416 -11673
 29869  -268  -415 -11679
 29879  -248  -428 -11704
 29889  -251  -422 -11669
 29899  -260  -428 -11670
 29909  -243  -411 -11688
 29919  -249  -418 -11661
 29929  -241  -418 -11686
 29939  -259  -425 -11690
 29949  -239  -419 -11668
 29959  -250  -423 -11686
 29969  -270  -411 -11668
 29979  -250  -433 -11698
 29989  -258  -421 -11679
 29999  -263  -425 -11676
 30009  -241  -426 -11672
 30019  -231  -432 -11701
 30029  -270  -429 -11664
 30039  -255  -420 -11669
 30049  -271  -425 -11678
 30059  -256  -427 -11662
 30069  -260  -424 -11664
 30079  -264  -415 -11667
 30089  -250  -424 -11660
 30099  -267  -409 -11693
 30109  -248  -419 -11664
 30119  -246  -426 -11660
 30129  -262  -423 -11655
 30139  -287  -413 -11665
 30149  -240  -416 -11657
 30159  -258  -417 -11666
 30169  -253  -404 -11649
 30179  -265  -419 -11686
 30189  -251  -406 -11663
 30199  -246  -409 -11655
 30209  -247  -414 -11678
 30219  -258  -412 -11677
 30229  -258  -406 -11681
 30239  -241  -398 -11680
 30249  -254  -427 -11680
 30259  -247  -400 -11669
 30269  -240  -418 -11655
 30279  -253  -429 -11640
 30289  -229  -428 -11666
 30299  -244  -406 -11657
 30309  -240  -410 -11653
 30319  -248  -421 -11636
 30329  -254  -425 -11633
 30339  -256  -432 -11647
 30349  -252  -418 -11644
 30359  -263  -418 -11648
 30369  -251  -425 -11653
 30379  -265  -422 -11626
 30389  -251  -422 -11629
 30399  -243  -431 -11636
 30409  -246  -420 -11654
 30419  -254  -409 -11661
 30429  -227  -406 -11636
 30439  -255  -411 -11641
 30449  -263  -415 -11626
 30459  -275  -421 -11638
 30469  -255  -415 -11637
 30479  -246  -410 -11641
 30489  -266  -428 -11634
 30499  -260  -423 -11643
 30509  -230  -436 -11597
 30519  -261  -420 -11600
 30529  -270  -429 -11623
 30539  -257  -419 -11642
 30549  -237  -401 -11610
 30559  -235  -416 -11634
 30569  -284  -427 -11640
 30579  -267  -422 -11602
 30589  -255  -412 -11606
 30599  -252  -417 -11595
 30609  -248  -444 -11623
 30619  -242  -426 -11626
 30629  -221  -436 -11628
 30639  -253  -416 -11614
 30649  -250  -405 -11636
 30659  -253  -424 -11603
 30669  -256  -411 -11643
 30679  -258  -405 -11637
 30689  -247  -433 -11629
 30699  -243  -429 -11655
 30709  -254  -400 -11620
 30719  -249  -410 -11641
 30729  -259  -401 -11631
 30739  -259  -426 -11631
 30749  -241  -410 -11637
 30759  -247  -424 -11613
 30769  -239  -411 -11646
 30779  -265  -399 -11627
 30789  -256  -412 -11634
 30799  -261  -404 -11642
 30809  -264  -419 -11637
 30819  -242  -416 -11644
 30829  -245  -408 -11624
 30839  -272  -426 -11639
 30849  -247  -404 -11604
 30859  -266  -413 -11621
 30869  -239  -407 -11630
 30879  -238  -403 -11625
 30889  -255  -434 -11631
 30899  -250  -419 -11636
 30909  -257  -415 -11653
 30919  -238  -407 -11660
 30929  -247  -406 -11644
 30939  -256  -423 -11652
 30949  -264  -418 -11657
 30959  -275  -435 -11655
 30969  -256  -408 -11631
 30979  -280  -426 -11657
 30989  -252  -433 -11667
 30999  -271  -399 -11633
 31009  -239  -414 -11659
 31019  -282  -403 -11643
 31029  -257  -410 -11667
 31039  -237  -391 -11650
 31049  -241  -407 -11635
 31059  -242  -399 -11672
 31069  -248  -437 -11665
 31079  -262  -437 -11667
 31089  -269  -405 -11674
 31099  -258  -410 -11657
 31109  -241  -402 -11686
 31119  -250  -426 -11671
 31129  -234  -405 -11694
 31139  -249  -433 -11680
 31149  -254  -416 -11678
 31159  -232  -404 -11687
 31169  -252  -399 -11658
 31179  -250  -410 -11690
 31189  -245  -425 -11688
 31199  -245  -417 -11672
 31209  -258  -418 -11675
 31219  -253  -416 -11694
 31229  -260  -417 -11702
 31239  -269  -414 -11702
 31249  -254  -422 -11672
 31259  -255  -418 -11693
 31269  -243  -427 -11669
 31279  -221  -413 -11682
 31289  -244  -429 -11660
 31299  -252  -430 -11695
 31309  -248  -408 -11684
 31319  -244  -412 -11685
 31329  -248  -419 -11686
 31339  -231  -430 -11715
 31349  -269  -423 -11708
 31359  -237  -430 -11715
 31369  -255  -417 -11707
 31379  -271  -429 -11689
 31389  -254  -428 -11715
 31399  -259  -420 -11684
 31409  -247  -403 -11695
 31419  -261  -402 -11706
 31429  -255  -424 -11700
 31439  -252  -412 -11712
 31449  -253  -418 -11706
 31459  -273  -414 -11700
 31469  -269  -409 -11705
 31479  -247  -401 -11680
 31489  -267  -426 -11691
 31499  -260  -401 -11691
 31509  -256  -407 -11693
 31519  -252  -415 -11694
 31529  -247  -427 -11703
 31539  -250  -425 -11680
 31549  -242  -419 -11712
 31559  -223  -410 -11709
 31569  -274  -433 -11683
 31579  -250  -404 -11705
 31589  -259  -408 -11706
 31599  -234  -423 -11690
 31609  -262  -414 -11694
 31619  -253  -411 -11686
 31629  -249  -411 -11696
 31639  -258  -432 -11671
 31649  -234  -408 -11698
 31659  -267  -422 -11683
 31669  -258  -424 -11673
 31679  -248  -417 -11704
 31689  -247  -409 -11686
 31699  -265  -429 -11687
 31709  -242  -416 -11689
 31719  -235  -429 -11680
 31729  -255  -402 -11690
 31739  -254  -410 -11674
 31749  -251  -412 -11684
 31759  -247  -424 -11689
 31769  -244  -404 -11682
 31779  -242  -430 -11679
 31789  -222  -415 -11675
 31799  -263  -404 -11690
 31809  -264  -415 -11686
 31819  -256  -419 -11694
 31829  -252  -407 -11691
 31839  -237  -404 -11678
 31849  -245  -415 -11685
 31859  -252  -427 -11663
 31869  -255  -418 -11692
 31879  -262  -419 -11670
 31889  -248  -422 -11663
 31899  -245  -437 -11650
 31909  -262  -431 -11663
 31919  -262  -408 -11667
 31929  -248  -418 -11665
 31939  -263  -421 -11651
 31949  -251  -417 -11668
 31959  -252  -426 -11648
 31969  -231  -413 -11675
 31979  -243  -414 -11685
