  1990   -49 -1033    53
  2090   -51 -1032    57
  2190   -42 -1031    61
  2290   -45 -1028    61
  2390   -46 -1026    56
  2490   -44 -1034    64
  2590   -51 -1029    66
  2690   -47 -1030    65
  2790   -48 -1036    59
  2890   -47 -1029    58
  2990   -46 -1035    56
  3090   -48 -1027    59
  3190   -49 -1036    55
  3290   -47 -1034    63
  3390   -34 -1028    55
  3490   -42 -1040    64
  3590   -34 -1035    66
  3690   -37 -1028    56
  3790   -42 -1033    63
  3890   -44 -1023    59
  3990   -46 -1033    60
  4090   -43 -1029    57
  4190   -50 -1030    56
  4290   -52 -1035    63
  4390   -37 -1027    61
  4490   -53 -1036    61
  4590   -54 -1031    63
  4690   -42 -1036    58
  4790   -37 -1029    62
  4890   -45 -1027    59
  4990   -43 -1030    53
  5090   -47 -1027    56
  5190   -47 -1034    59
  5290   -50 -1026    63
  5390   -41 -1033    57
  5490   -46 -1036    55
  5590   -35 -1028    60
  5690   -41 -1039    62
  5790   -44 -1028    56
  5890   -36 -1031    62
  5990   -41 -1035    61
  6090   -45 -1029    55
  6190   -44 -1028    54
  6290   -42 -1033    55
  6390   -43 -1025    63
  6490   -47 -1034    61
  6590   -46 -1029    62
  6690   -40 -1024    62
  6790   -48 -1031    66
  6890   -49 -1022    59
  6990   -45 -1025    66
  7090   -45 -1025    64
  7190   -47 -1026    57
  7290   -44 -1023    59
  7390   -41 -1030    56
  7490   -46 -1031    61
  7590   -45 -1028    59
  7690   -50 -1031    58
  7790   -43 -1029    61
  7890   -41 -1033    58
  7990   -43 -1034    62
  8090   -43 -1029    57
  8190   -39 -1032    55
  8290   -48 -1027    56
  8390   -48 -1025    64
  8490   -46 -1037    60
  8590   -42 -1028    56
  8690   -43 -1031    55
  8790   -41 -1033    56
  8890   -43 -1027    52
  8990   -42 -1033    51
  9090   -46 -1037    56
  9190   -37 -1030    55
  9290   -39 -1033    49
  9390   -48 -1022    63
  9490   -48 -1036    61
  9590   -47 -1031    57
  9690   -47 -1034    56
  9790   -50 -1033    60
  9890   -41 -1028    52
  9990   -42 -1035    56
 10090   -44 -1037    62
 10190   -42 -1031    50
 10290   -46 -1037    62
 10390   -47 -1031    54
 10490   -51 -1025    51
 10590   -48 -1032    56
 10690   -48 -1031    55
 10790   -45 -1027    60
 10890   -49 -1028    54
 10990   -51 -1024    52
 11090   -44 -1033    54
 11190   -54 -1027    59
 11290   -50 -1030    58
 11390   -52 -1029    54
 11490   -54 -1032    59
 11590   -48 -1032    61
 11690   -50 -1033    53
 11790   -53 -1034    50
 11890   -49 -1032    50
 11990   -48 -1032    53
 12090   -47 -1027    55
 12190   -49 -1031    53
 12290   -48 -1032    58
 12390   -48 -1030    54
 12490   -49 -1034    55
 12590   -54 -1029    56
 12690   -53 -1028    59
 12790   -50 -1033    51
 12890   -49 -1027    62
 12990   -48 -1032    61
 13090   -54 -1024    57
 13190   -49 -1030    57
 13290   -53 -1033    49
 13390   -43 -1033    50
 13490   -53 -1029    56
 13590   -52 -1031    44
 13690   -47 -1028    48
 13790   -47 -1036    52
 13890   -52 -1028    53
 13990   -54 -1029    54
 14090   -54 -1028    56
 14190   -52 -1027    57
 14290   -53 -1032    54
 14390   -51 -1025    49
 14490   -42 -1030    48
 14590   -53 -1033    53
 14690   -50 -1029    54
 14790   -43 -1030    50
 14890   -54 -1037    55
 14990   -46 -1028    53
 15090   -38 -1028    53
 15190   -52 -1034    61
 15290   -47 -1030    54
 15390   -45 -1037    50
 15490   -49 -1031    52
 15590   -46 -1031    50
 15690   -51 -1027    57
 15790   -45 -1028    51
 15890   -53 -1032    48
 15990   -47 -1027    51
 16090   -46 -1032    55
 16190   -49 -1032    54
 16290   -43 -1027    57
 16390   -39 -1036    52
 16490   -49 -1033    54
 16590   -44 -1026    56
 16690   -51 -1030    56
 16790   -48 -1034    51
 16890   -43 -1029    47
