  2980  -305  -504 -14790
  2990  -306  -511 -14921
  3000  -300  -515 -15030
  3010  -305  -512 -15090
  3020  -304  -521 -15154
  3030  -309  -505 -15245
  3040  -329  -522 -15288
  3050  -317  -520 -15368
  3060  -326  -520 -15433
  3070  -313  -524 -15514
  3080  -330  -534 -15589
  3090  -330  -529 -15700
  3100  -322  -528 -15762
  3110  -320  -557 -15829
  3120  -306  -516 -15873
  3130  -306  -538 -15961
  3140  -318  -538 -16032
  3150  -317  -550 -16108
  3160  -332  -554 -16195
  3170  -307  -536 -16273
  3180  -323  -534 -16350
  3190  -334  -540 -16375
  3200  -326  -549 -16401
  3210  -332  -538 -16403
  3220  -338  -569 -16402
  3230  -321  -548 -16439
  3240  -319  -556 -16422
  3250  -336  -553 -16435
  3260  -328  -539 -16433
  3270  -322  -557 -16409
  3280  -316  -560 -16430
  3290  -306  -555 -16409
  3300  -333  -552 -16388
  3310  -331  -554 -16383
  3320  -333  -573 -16389
  3330  -326  -545 -16401
  3340  -300  -541 -16424
  3350  -324  -536 -16419
  3360  -318  -536 -16394
  3370  -318  -560 -16404
  3380  -314  -552 -16388
  3390  -324  -544 -16383
  3400  -309  -534 -16397
  3410  -306  -555 -16386
  3420  -319  -541 -16360
  3430  -334  -549 -16361
  3440  -336  -556 -16380
  3450  -345  -537 -16385
  3460  -319  -553 -16374
  3470  -329  -539 -16358
  3480  -319  -559 -16363
  3490  -329  -546 -16348
  3500  -324  -556 -16349
  3510  -337  -559 -16357
  3520  -302  -541 -16338
  3530  -343  -538 -16335
  3540  -328  -548 -16345
  3550  -319  -542 -16321
  3560  -324  -538 -16302
  3570  -323  -532 -16321
  3580  -348  -574 -16302
  3590  -335  -539 -16329
  3600  -323  -559 -16335
  3610  -315  -535 -16318
  3620  -333  -568 -16302
  3630  -315  -533 -16330
  3640  -319  -536 -16293
  3650  -345  -529 -16290
  3660  -324  -542 -16299
  3670  -334  -559 -16281
  3680  -324  -544 -16309
  3690  -314  -542 -16303
  3700  -338  -532 -16290
  3710  -325  -556 -16276
  3720  -328  -538 -16295
  3730  -337  -550 -16267
  3740  -332  -542 -16279
  3750  -334  -544 -16285
  3760  -323  -548 -16262
  3770  -317  -560 -16279
  3780  -335  -555 -16241
  3790  -309  -537 -16235
  3800  -321  -532 -16284
  3810  -309  -543 -16229
  3820  -331  -544 -16230
  3830  -324  -550 -16235
  3840  -296  -537 -16206
  3850  -322  -546 -16227
  3860  -332  -528 -16234
  3870  -307  -540 -16251
  3880  -326  -547 -16226
  3890  -317  -527 -16212
  3900  -336  -538 -16205
  3910  -324  -544 -16226
  3920  -321  -551 -16208
  3930  -332  -553 -16189
  3940  -321  -536 -16206
  3950  -314  -530 -16209
  3960  -321  -539 -16205
  3970  -309  -541 -16186
  3980  -308  -547 -16178
  3990  -309  -532 -16192
  4000  -320  -531 -16165
  4010  -323  -545 -16190
  4020  -338  -545 -16173
  4030  -317  -540 -16189
  4040  -336  -551 -16155
  4050  -313  -536 -16151
  4060  -318  -552 -16156
  4070  -333  -536 -16164
  4080  -314  -521 -16179
  4090  -321  -562 -16164
  4100  -309  -552 -16152
  4110  -320  -558 -16116
  4120  -319  -524 -16138
  4130  -339  -531 -16159
  4140  -302  -536 -16139
  4150  -334  -558 -16131
  4160  -325  -530 -16138
  4170  -309  -564 -16117
  4180  -293  -554 -16122
  4190  -314  -532 -16138
  4200  -319  -534 -16069
  4210  -339  -537 -16090
  4220  -319  -530 -16100
  4230  -320  -538 -16108
  4240  -338  -550 -16110
  4250  -317  -530 -16108
  4260  -311  -525 -16101
  4270  -324  -547 -16117
  4280  -309  -544 -16086
  4290  -324  -556 -16065
  4300  -321  -539 -16064
  4310  -324  -552 -16073
  4320  -322  -540 -16092
  4330  -327  -537 -16074
  4340  -314  -531 -16059
  4350  -328  -547 -16074
  4360  -312  -540 -16082
  4370  -307  -539 -16038
  4380  -316  -539 -16040
  4390  -309  -543 -16024
  4400  -311  -524 -16046
  4410  -321  -538 -16019
  4420  -313  -546 -16037
  4430  -318  -536 -16013
  4440  -321  -543 -16047
  4450  -325  -551 -16023
  4460  -313  -538 -16033
  4470  -311  -538 -16013
  4480  -318  -564 -16000
  4490  -322  -537 -16013
  4500  -330  -540 -16003
  4510  -315  -534 -16002
  4520  -298  -543 -16001
  4530  -331  -554 -15982
  4540  -334  -550 -15981
  4550  -303  -529 -15967
  4560  -335  -556 -15963
  4570  -324  -522 -15968
  4580  -322  -539 -15962
  4590  -333  -533 -15971
  4600  -302  -540 -15945
  4610  -324  -548 -15968
  4620  -317  -521 -15943
  4630  -318  -531 -15934
  4640  -329  -542 -15922
  4650  -301  -534 -15939
  4660  -331  -531 -15922
  4670  -300  -537 -15915
  4680  -337  -550 -15922
  4690  -315  -525 -15931
  4700  -308  -522 -15914
  4710  -308  -553 -15905
  4720  -334  -528 -15911
  4730  -316  -532 -15905
  4740  -324  -542 -15896
  4750  -319  -530 -15880
  4760  -324  -538 -15881
  4770  -322  -542 -15886
  4780  -318  -534 -15880
  4790  -316  -527 -15865
  4800  -303  -527 -15866
  4810  -320  -522 -15885
  4820  -326  -515 -15848
  4830  -302  -539 -15847
  4840  -316  -527 -15843
  4850  -302  -505 -15868
  4860  -299  -541 -15849
  4870  -315  -507 -15842
  4880  -300  -527 -15873
  4890  -310  -538 -15822
  4900  -311  -525 -15827
  4910  -310  -532 -15827
  4920  -324  -528 -15846
  4930  -322  -529 -15800
  4940  -316  -526 -15824
  4950  -296  -553 -15814
  4960  -314  -524 -15820
  4970  -324  -531 -15790
  4980  -303  -539 -15811
  4990  -325  -540 -15804
  5000  -331  -533 -15776
  5010  -313  -526 -15756
  5020  -315  -529 -15768
  5030  -321  -515 -15775
  5040  -322  -532 -15771
  5050  -304  -507 -15773
  5060  -320  -542 -15748
  5070  -326  -539 -15754
  5080  -303  -555 -15728
  5090  -318  -529 -15763
  5100  -318  -522 -15734
  5110  -320  -525 -15716
  5120  -301  -536 -15713
  5130  -313  -523 -15763
  5140  -304  -525 -15724
  5150  -323  -532 -15706
  5160  -311  -527 -15719
  5170  -319  -521 -15696
  5180  -316  -529 -15695
  5190  -310  -531 -15704
  5200  -327  -520 -15675
  5210  -322  -534 -15693
  5220  -308  -521 -15684
  5230  -316  -532 -15709
  5240  -321  -516 -15674
  5250  -327  -523 -15695
  5260  -322  -527 -15703
  5270  -309  -500 -15697
  5280  -301  -530 -15695
  5290  -316  -538 -15713
  5300  -312  -532 -15697
  5310  -303  -518 -15683
  5320  -307  -533 -15692
  5330  -294  -522 -15681
  5340  -331  -520 -15665
  5350  -332  -529 -15660
  5360  -324  -521 -15665
  5370  -335  -522 -15683
  5380  -300  -527 -15666
  5390  -319  -540 -15642
  5400  -320  -512 -15644
  5410  -323  -509 -15659
  5420  -297  -523 -15650
  5430  -336  -537 -15665
  5440  -303  -541 -15665
  5450  -329  -533 -15676
  5460  -321  -523 -15670
  5470  -311  -515 -15671
  5480  -317  -530 -15674
  5490  -306  -544 -15666
  5500  -305  -534 -15674
  5510  -323  -523 -15681
  5520  -313  -527 -15668
  5530  -308  -521 -15669
  5540  -293  -523 -15649
  5550  -313  -524 -15644
  5560  -304  -526 -15690
  5570  -294  -507 -15653
  5580  -302  -535 -15640
  5590  -295  -527 -15660
  5600  -294  -540 -15681
  5610  -314  -530 -15677
  5620  -314  -537 -15664
  5630  -312  -527 -15710
  5640  -327  -520 -15688
  5650  -311  -521 -15654
  5660  -295  -529 -15698
  5670  -309  -536 -15696
  5680  -325  -536 -15681
  5690  -302  -530 -15655
  5700  -311  -514 -15670
  5710  -336  -530 -15662
  5720  -306  -527 -15667
  5730  -307  -527 -15666
  5740  -320  -528 -15655
  5750  -331  -527 -15677
  5760  -305  -531 -15658
  5770  -304  -537 -15685
  5780  -329  -525 -15682
  5790  -324  -533 -15701
  5800  -313  -536 -15687
  5810  -310  -543 -15676
  5820  -329  -534 -15676
  5830  -313  -528 -15676
  5840  -318  -532 -15648
  5850  -334  -522 -15658
  5860  -308  -535 -15664
  5870  -308  -544 -15679
  5880  -308  -518 -15674
  5890  -320  -538 -15660
  5900  -313  -523 -15655
  5910  -337  -534 -15662
  5920  -311  -519 -15671
  5930  -296  -522 -15658
  5940  -312  -528 -15679
  5950  -323  -521 -15670
  5960  -314  -549 -15666
  5970  -308  -515 -15666
  5980  -310  -525 -15691
  5990  -323  -522 -15685
  6000  -304  -516 -15675
  6010  -307  -522 -15679
  6020  -332  -541 -15642
  6030  -321  -527 -15656
  6040  -322  -517 -15660
  6050  -308  -536 -15636
  6060  -323  -523 -15647
  6070  -322  -541 -15655
  6080  -323  -526 -15661
  6090  -323  -530 -15663
  6100  -321  -527 -15648
  6110  -328  -547 -15646
  6120  -309  -532 -15688
  6130  -300  -521 -15653
  6140  -306  -534 -15653
  6150  -305  -513 -15665
  6160  -307  -539 -15668
  6170  -310  -526 -15651
  6180  -313  -516 -15642
  6190  -324  -530 -15649
  6200  -302  -539 -15652
  6210  -309  -528 -15638
  6220  -330  -512 -15632
  6230  -329  -523 -15616
  6240  -313  -525 -15623
  6250  -295  -534 -15626
  6260  -304  -541 -15652
  6270  -328  -533 -15644
  6280  -313  -498 -15679
  6290  -330  -524 -15681
  6300  -312  -522 -15668
  6310  -296  -525 -15689
  6320  -300  -515 -15690
  6330  -327  -516 -15656
  6340  -294  -519 -15655
  6350  -319  -548 -15637
  6360  -320  -521 -15658
  6370  -306  -516 -15647
  6380  -314  -525 -15638
  6390  -299  -526 -15627
  6400  -321  -520 -15619
  6410  -312  -523 -15635
  6420  -310  -515 -15653
  6430  -328  -526 -15612
  6440  -325  -546 -15617
  6450  -321  -535 -15660
  6460  -321  -512 -15663
  6470  -321  -529 -15649
  6480  -303  -526 -15658
  6490  -300  -525 -15667
  6500  -317  -543 -15663
  6510  -317  -536 -15671
  6520  -314  -532 -15654
  6530  -318  -543 -15655
  6540  -329  -527 -15627
  6550  -312  -540 -15642
  6560  -337  -553 -15625
  6570  -302  -524 -15604
  6580  -291  -522 -15618
  6590  -333  -534 -15632
  6600  -301  -528 -15668
  6610  -337  -522 -15641
  6620  -317  -529 -15667
  6630  -306  -525 -15675
  6640  -319  -530 -15655
  6650  -337  -531 -15643
  6660  -328  -529 -15669
  6670  -321  -539 -15670
  6680  -317  -524 -15677
  6690  -308  -525 -15677
  6700  -313  -530 -15653
  6710  -308  -545 -15642
  6720  -314  -526 -15652
  6730  -334  -526 -15651
  6740  -320  -536 -15651
  6750  -327  -542 -15643
  6760  -320  -530 -15635
  6770  -311  -538 -15643
  6780  -295  -526 -15676
  6790  -293  -534 -15676
  6800  -305  -535 -15690
  6810  -318  -522 -15673
  6820  -317  -534 -15687
  6830  -314  -533 -15678
  6840  -320  -532 -15636
  6850  -317  -516 -15659
  6860  -297  -534 -15654
  6870  -302  -527 -15663
  6880  -311  -536 -15655
  6890  -311  -547 -15671
  6900  -312  -530 -15651
  6910  -324  -533 -15631
  6920  -302  -516 -15658
  6930  -339  -539 -15656
  6940  -326  -527 -15653
  6950  -323  -522 -15670
  6960  -326  -535 -15693
  6970  -313  -532 -15685
  6980  -331  -523 -15698
  6990  -335  -516 -15672
  7000  -334  -538 -15679
  7010  -331  -517 -15686
  7020  -324  -513 -15673
  7030  -317  -529 -15670
  7040  -329  -509 -15644
  7050  -312  -512 -15654
  7060  -320  -524 -15664
  7070  -315  -520 -15673
  7080  -317  -528 -15635
  7090  -319  -533 -15640
  7100  -322  -521 -15653
  7110  -327  -516 -15671
  7120  -314  -527 -15672
  7130  -312  -543 -15671
  7140  -314  -535 -15678
  7150  -291  -514 -15655
  7160  -311  -521 -15679
  7170  -323  -535 -15673
  7180  -295  -542 -15666
  7190  -323  -526 -15677
  7200  -312  -534 -15669
  7210  -346  -520 -15652
  7220  -323  -531 -15657
  7230  -306  -518 -15669
  7240  -314  -528 -15657
  7250  -301  -522 -15643
  7260  -312  -528 -15652
  7270  -303  -532 -15660
  7280  -308  -528 -15668
  7290  -319  -531 -15669
  7300  -311  -510 -15697
  7310  -306  -518 -15681
  7320  -323  -530 -15674
  7330  -322  -508 -15688
  7340  -297  -527 -15688
  7350  -310  -556 -15670
  7360  -315  -523 -15657
  7370  -324  -524 -15658
  7380  -318  -532 -15678
  7390  -329  -531 -15655
  7400  -314  -524 -15647
  7410  -320  -518 -15641
  7420  -312  -539 -15634
  7430  -294  -507 -15678
  7440  -313  -533 -15666
  7450  -310  -478 -15648
  7460  -312  -509 -15670
  7470  -336  -591 -15697
  7480  -353  -590 -15679
  7490  -283  -527 -15658
  7500  -321  -520 -15657
  7510  -325  -503 -15668
  7520  -336  -517 -15650
  7530  -332  -542 -15675
  7540  -318  -551 -15667
  7550  -322  -558 -15624
  7560  -318  -536 -15611
  7570  -288  -520 -15614
  7580  -329  -522 -15647
  7590  -311  -533 -15652
  7600  -305  -533 -15635
  7610  -322  -547 -15628
  7620  -326  -544 -15638
  7630  -287  -527 -15678
  7640  -297  -528 -15664
  7650  -305  -523 -15669
  7660  -302  -540 -15687
  7670  -318  -540 -15660
  7680  -318  -543 -15702
  7690  -310  -540 -15680
  7700  -295  -536 -15659
  7710  -314  -534 -15650
  7720  -310  -527 -15644
  7730  -342  -525 -15654
  7740  -318  -543 -15629
  7750  -312  -519 -15657
  7760  -304  -516 -15657
  7770  -308  -522 -15622
  7780  -303  -539 -15647
  7790  -325  -533 -15649
  7800  -321  -536 -15674
  7810  -298  -524 -15661
  7820  -321  -533 -15632
  7830  -312  -528 -15651
  7840  -332  -531 -15665
  7850  -326  -518 -15642
  7860  -293  -531 -15638
  7870  -310  -529 -15635
  7880  -319  -514 -15639
  7890  -297  -510 -15641
  7900  -315  -536 -15624
  7910  -320  -530 -15666
  7920  -307  -534 -15650
  7930  -312  -527 -15662
  7940  -325  -524 -15637
  7950  -286  -538 -15626
  7960  -333  -532 -15642
  7970  -328  -545 -15673
  7980  -320  -544 -15678
  7990  -328  -529 -15688
  8000  -321  -537 -15668
  8010  -316  -535 -15674
  8020  -320  -538 -15682
  8030  -320  -522 -15648
  8040  -337  -547 -15655
  8050  -321  -533 -15677
  8060  -308  -522 -15667
  8070  -303  -544 -15660
  8080  -294  -516 -15629
  8090  -305  -536 -15658
  8100  -303  -526 -15626
  8110  -322  -537 -15650
  8120  -302  -540 -15640
  8130  -307  -528 -15666
  8140  -305  -536 -15686
  8150  -316  -524 -15677
  8160  -342  -526 -15678
  8170  -298  -517 -15692
  8180  -323  -525 -15644
  8190  -306  -534 -15670
  8200  -299  -542 -15681
  8210  -315  -530 -15651
  8220  -313  -533 -15652
  8230  -328  -523 -15670
  8240  -310  -503 -15659
  8250  -329  -517 -15615
  8260  -308  -524 -15641
  8270  -316  -524 -15619
  8280  -331  -549 -15635
  8290  -303  -528 -15670
  8300  -293  -539 -15699
  8310  -325  -526 -15684
  8320  -323  -531 -15693
  8330  -337  -524 -15680
  8340  -304  -523 -15693
  8350  -307  -529 -15685
  8360  -307  -532 -15706
  8370  -301  -531 -15693
  8380  -330  -530 -15679
  8390  -326  -536 -15660
  8400  -309  -529 -15678
  8410  -323  -521 -15676
  8420  -314  -545 -15654
  8430  -326  -531 -15642
  8440  -329  -535 -15655
  8450  -318  -538 -15635
  8460  -341  -529 -15661
  8470  -335  -532 -15672
  8480  -327  -519 -15696
  8490  -341  -518 -15687
  8500  -317  -527 -15681
  8510  -321  -524 -15693
  8520  -318  -531 -15678
  8530  -304  -532 -15662
  8540  -314  -535 -15655
  8550  -314  -543 -15659
  8560  -300  -538 -15661
  8570  -318  -529 -15635
  8580  -329  -529 -15643
  8590  -324  -540 -15646
  8600  -293  -525 -15638
  8610  -314  -524 -15652
  8620  -321  -528 -15647
  8630  -312  -540 -15641
  8640  -312  -523 -15669
  8650  -327  -539 -15695
  8660  -311  -532 -15686
  8670  -307  -516 -15696
  8680  -320  -516 -15679
  8690  -333  -532 -15682
  8700  -328  -539 -15679
  8710  -325  -529 -15673
  8720  -324  -524 -15664
  8730  -307  -525 -15652
  8740  -320  -533 -15638
  8750  -309  -529 -15646
  8760  -294  -532 -15651
  8770  -320  -516 -15675
  8780  -307  -529 -15648
  8790  -317  -520 -15642
  8800  -308  -523 -15672
  8810  -303  -541 -15643
  8820  -306  -539 -15650
  8830  -330  -528 -15667
  8840  -328  -540 -15654
  8850  -312  -538 -15675
  8860  -330  -511 -15645
  8870  -322  -529 -15630
  8880  -320  -527 -15640
  8890  -313  -534 -15666
  8900  -316  -527 -15642
  8910  -309  -535 -15630
  8920  -330  -547 -15625
  8930  -317  -527 -15622
  8940  -329  -545 -15660
  8950  -316  -525 -15640
  8960  -322  -526 -15661
  8970  -325  -520 -15666
  8980  -319  -532 -15666
  8990  -327  -542 -15677
  9000  -317  -540 -15657
  9010  -315  -528 -15665
  9020  -329  -531 -15677
  9030  -314  -517 -15692
  9040  -331  -522 -15638
  9050  -319  -526 -15687
  9060  -319  -530 -15656
  9070  -327  -527 -15654
  9080  -324  -545 -15660
  9090  -308  -532 -15636
  9100  -331  -514 -15650
  9110  -309  -533 -15641
  9120  -324  -535 -15626
  9130  -324  -533 -15633
  9140  -331  -532 -15660
  9150  -311  -520 -15668
  9160  -310  -557 -15655
  9170  -326  -515 -15666
  9180  -313  -525 -15682
  9190  -343  -521 -15644
  9200  -341  -536 -15654
  9210  -337  -553 -15652
  9220  -309  -551 -15660
  9230  -323  -526 -15655
  9240  -332  -527 -15651
  9250  -314  -518 -15638
  9260  -314  -518 -15627
  9270  -317  -536 -15622
  9280  -330  -530 -15633
  9290  -319  -552 -15643
  9300  -316  -536 -15633
  9310  -313  -527 -15647
  9320  -313  -531 -15696
  9330  -329  -536 -15680
  9340  -317  -548 -15690
  9350  -316  -552 -15663
  9360  -316  -533 -15706
  9370  -319  -520 -15680
  9380  -316  -542 -15662
  9390  -327  -531 -15634
  9400  -342  -530 -15652
  9410  -335  -541 -15664
  9420  -310  -525 -15667
  9430  -337  -529 -15662
  9440  -313  -529 -15661
  9450  -324  -527 -15634
  9460  -343  -527 -15644
  9470  -312  -529 -15649
  9480  -326  -542 -15654
  9490  -316  -529 -15669
  9500  -316  -549 -15676
  9510  -315  -522 -15641
  9520  -320  -523 -15662
  9530  -307  -538 -15651
  9540  -324  -520 -15643
  9550  -313  -525 -15642
  9560  -322  -539 -15653
  9570  -308  -537 -15650
  9580  -314  -533 -15645
  9590  -323  -520 -15636
  9600  -317  -536 -15641
  9610  -309  -526 -15635
  9620  -319  -538 -15641
  9630  -301  -521 -15643
  9640  -337  -537 -15676
  9650  -290  -532 -15692
  9660  -331  -541 -15667
  9670  -318  -528 -15671
  9680  -313  -527 -15675
  9690  -310  -556 -15666
  9700  -312  -537 -15669
  9710  -326  -529 -15692
  9720  -308  -542 -15658
  9730  -318  -529 -15665
  9740  -313  -514 -15656
  9750  -316  -526 -15632
  9760  -312  -520 -15650
  9770  -354  -535 -15642
  9780  -311  -530 -15664
  9790  -302  -540 -15652
  9800  -321  -535 -15644
  9810  -311  -529 -15663
  9820  -345  -546 -15693
  9830  -309  -534 -15642
  9840  -329  -556 -15679
  9850  -316  -523 -15683
  9860  -330  -538 -15672
  9870  -319  -515 -15674
  9880  -335  -529 -15655
  9890  -325  -533 -15643
  9900  -320  -544 -15655
  9910  -326  -547 -15630
  9920  -316  -520 -15632
  9930  -335  -538 -15636
  9940  -316  -509 -15635
  9950  -310  -540 -15630
  9960  -317  -540 -15668
  9970  -327  -523 -15616
  9980  -324  -556 -15664
  9990  -303  -541 -15668
 10000  -319  -551 -15675
 10010  -305  -537 -15710
 10020  -320  -535 -15691
 10030  -326  -535 -15641
 10040  -326  -534 -15665
 10050  -334  -521 -15655
 10060  -332  -527 -15680
 10070  -309  -505 -15660
 10080  -334  -527 -15635
 10090  -305  -533 -15646
 10100  -308  -536 -15648
 10110  -323  -541 -15651
 10120  -328  -535 -15610
 10130  -335  -534 -15615
 10140  -307  -542 -15652
 10150  -318  -528 -15649
 10160  -315  -534 -15653
 10170  -309  -521 -15656
 10180  -319  -524 -15663
 10190  -331  -513 -15649
 10200  -306  -524 -15651
 10210  -320  -536 -15646
 10220  -327  -542 -15655
 10230  -333  -529 -15632
 10240  -308  -519 -15654
 10250  -323  -540 -15634
 10260  -314  -540 -15610
 10270  -306  -541 -15614
 10280  -300  -528 -15622
 10290  -320  -515 -15620
 10300  -311  -533 -15603
 10310  -307  -522 -15630
 10320  -324  -532 -15642
 10330  -328  -525 -15657
 10340  -331  -533 -15644
 10350  -320  -526 -15682
 10360  -310  -526 -15657
 10370  -316  -537 -15662
 10380  -315  -530 -15633
 10390  -319  -530 -15637
 10400  -320  -526 -15641
 10410  -323  -528 -15651
 10420  -319  -518 -15606
 10430  -334  -506 -15632
 10440  -301  -534 -15594
 10450  -325  -508 -15618
 10460  -319  -509 -15631
 10470  -307  -538 -15630
 10480  -320  -541 -15636
 10490  -308  -529 -15634
 10500  -316  -521 -15618
 10510  -316  -526 -15654
 10520  -313  -540 -15621
 10530  -323  -524 -15609
 10540  -312  -533 -15628
 10550  -312  -529 -15622
 10560  -308  -542 -15628
 10570  -326  -522 -15613
 10580  -303  -530 -15608
 10590  -314  -553 -15606
 10600  -315  -533 -15582
 10610  -311  -519 -15613
 10620  -311  -521 -15609
 10630  -302  -530 -15581
 10640  -336  -533 -15602
 10650  -314  -528 -15614
 10660  -313  -531 -15623
 10670  -342  -535 -15612
 10680  -331  -532 -15635
 10690  -323  -533 -15656
 10700  -305  -510 -15634
 10710  -315  -530 -15639
 10720  -300  -544 -15612
 10730  -327  -527 -15609
 10740  -315  -514 -15594
 10750  -321  -536 -15623
 10760  -334  -516 -15590
 10770  -325  -522 -15589
 10780  -307  -525 -15621
 10790  -323  -523 -15601
 10800  -312  -532 -15589
 10810  -308  -509 -15611
 10820  -305  -532 -15592
 10830  -322  -534 -15615
 10840  -324  -526 -15611
 10850  -317  -544 -15599
 10860  -325  -533 -15603
 10870  -307  -526 -15607
 10880  -324  -535 -15602
 10890  -328  -545 -15604
 10900  -322  -517 -15577
 10910  -336  -529 -15569
 10920  -334  -523 -15583
 10930  -330  -531 -15582
 10940  -334  -534 -15577
 10950  -316  -525 -15599
 10960  -314  -544 -15595
 10970  -320  -524 -15569
 10980  -320  -548 -15584
 10990  -302  -535 -15576
 11000  -304  -529 -15594
 11010  -329  -543 -15590
 11020  -321  -519 -15582
 11030  -314  -534 -15597
 11040  -324  -532 -15574
 11050  -320  -541 -15581
 11060  -312  -528 -15583
 11070  -310  -529 -15548
 11080  -328  -531 -15578
 11090  -304  -525 -15568
 11100  -326  -523 -15560
 11110  -319  -527 -15551
 11120  -323  -519 -15581
 11130  -313  -542 -15569
 11140  -333  -522 -15559
 11150  -317  -528 -15546
 11160  -315  -533 -15558
 11170  -321  -531 -15539
 11180  -295  -533 -15538
 11190  -330  -527 -15567
 11200  -304  -525 -15541
 11210  -329  -519 -15568
 11220  -318  -513 -15545
 11230  -323  -521 -15556
 11240  -315  -515 -15524
 11250  -307  -520 -15522
 11260  -329  -514 -15510
 11270  -316  -510 -15514
 11280  -297  -522 -15533
 11290  -317  -519 -15521
 11300  -308  -514 -15527
 11310  -316  -512 -15545
 11320  -343  -521 -15478
 11330  -302  -526 -15530
 11340  -308  -520 -15546
 11350  -291  -523 -15507
 11360  -326  -534 -15515
 11370  -329  -520 -15505
 11380  -308  -524 -15487
 11390  -314  -540 -15493
 11400  -332  -511 -15480
 11410  -315  -516 -15506
 11420  -311  -510 -15494
 11430  -326  -510 -15456
 11440  -336  -518 -15457
 11450  -330  -516 -15473
 11460  -317  -518 -15472
 11470  -306  -533 -15461
 11480  -335  -525 -15465
 11490  -289  -528 -15465
 11500  -308  -517 -15463
 11510  -312  -533 -15446
 11520  -301  -538 -15461
 11530  -326  -522 -15444
 11540  -323  -522 -15471
 11550  -331  -511 -15456
 11560  -307  -519 -15437
 11570  -327  -520 -15412
 11580  -308  -543 -15474
 11590  -326  -526 -15443
 11600  -330  -519 -15447
 11610  -297  -531 -15419
 11620  -330  -519 -15410
 11630  -328  -518 -15430
 11640  -314  -513 -15430
 11650  -323  -519 -15409
 11660  -313  -525 -15396
 11670  -323  -523 -15429
 11680  -318  -528 -15422
 11690  -306  -513 -15415
 11700  -314  -533 -15425
 11710  -307  -528 -15431
 11720  -311  -513 -15396
 11730  -308  -532 -15399
 11740  -312  -530 -15404
 11750  -315  -506 -15409
 11760  -319  -525 -15395
 11770  -323  -521 -15382
 11780  -309  -531 -15411
 11790  -294  -526 -15373
 11800  -320  -523 -15381
 11810  -292  -521 -15374
 11820  -318  -521 -15386
 11830  -310  -518 -15395
 11840  -331  -528 -15370
 11850  -318  -535 -15401
 11860  -308  -528 -15414
 11870  -311  -514 -15378
 11880  -309  -513 -15399
 11890  -321  -517 -15407
 11900  -300  -526 -15411
 11910  -321  -530 -15408
 11920  -319  -513 -15428
 11930  -328  -527 -15395
 11940  -327  -528 -15388
 11950  -313  -528 -15395
 11960  -322  -530 -15392
 11970  -311  -534 -15414
 11980  -314  -524 -15389
 11990  -345  -530 -15399
 12000  -317  -516 -15416
 12010  -308  -519 -15391
 12020  -310  -521 -15423
 12030  -333  -534 -15428
 12040  -314  -526 -15443
 12050  -292  -526 -15456
 12060  -292  -532 -15441
 12070  -313  -520 -15445
 12080  -326  -528 -15441
 12090  -319  -519 -15459
 12100  -312  -523 -15443
 12110  -314  -533 -15443
 12120  -323  -529 -15459
 12130  -319  -514 -15485
 12140  -303  -531 -15465
 12150  -314  -533 -15476
 12160  -326  -505 -15456
 12170  -330  -529 -15451
 12180  -334  -542 -15472
 12190  -325  -528 -15506
 12200  -324  -534 -15487
 12210  -321  -529 -15524
 12220  -323  -528 -15496
 12230  -322  -536 -15511
 12240  -300  -527 -15515
 12250  -337  -526 -15528
 12260  -306  -519 -15520
 12270  -315  -539 -15527
 12280  -324  -521 -15539
 12290  -295  -529 -15523
 12300  -313  -523 -15552
 12310  -310  -523 -15561
 12320  -332  -537 -15543
 12330  -297  -553 -15550
 12340  -316  -522 -15560
 12350  -316  -509 -15607
 12360  -330  -510 -15573
 12370  -307  -516 -15592
 12380  -309  -539 -15593
 12390  -331  -539 -15582
 12400  -319  -521 -15619
 12410  -316  -503 -15631
 12420  -325  -515 -15627
 12430  -323  -528 -15614
 12440  -326  -530 -15619
 12450  -298  -527 -15634
 12460  -312  -511 -15664
 12470  -305  -529 -15641
 12480  -311  -524 -15646
 12490  -308  -535 -15622
 12500  -319  -542 -15636
 12510  -310  -533 -15678
 12520  -313  -520 -15667
 12530  -305  -516 -15688
 12540  -322  -535 -15666
 12550  -346  -536 -15722
 12560  -307  -542 -15689
 12570  -324  -528 -15690
 12580  -317  -530 -15702
 12590  -322  -530 -15701
 12600  -319  -500 -15693
 12610  -328  -530 -15717
 12620  -328  -524 -15699
 12630  -327  -531 -15692
 12640  -333  -521 -15689
 12650  -328  -530 -15707
 12660  -331  -537 -15677
 12670  -304  -526 -15721
 12680  -311  -533 -15711
 12690  -329  -517 -15691
 12700  -332  -531 -15721
 12710  -318  -536 -15724
 12720  -329  -530 -15746
 12730  -317  -524 -15735
 12740  -323  -529 -15730
 12750  -329  -518 -15714
 12760  -316  -534 -15715
 12770  -303  -525 -15727
 12780  -317  -534 -15748
 12790  -323  -535 -15733
 12800  -329  -533 -15728
 12810  -322  -546 -15734
 12820  -299  -521 -15745
 12830  -324  -536 -15725
 12840  -325  -525 -15719
 12850  -341  -542 -15776
 12860  -321  -548 -15745
 12870  -315  -533 -15729
 12880  -316  -520 -15728
 12890  -337  -542 -15766
 12900  -323  -538 -15761
 12910  -328  -516 -15729
 12920  -324  -536 -15737
 12930  -334  -522 -15747
 12940  -305  -520 -15762
 12950  -303  -535 -15741
 12960  -305  -533 -15731
 12970  -325  -540 -15717
 12980  -324  -522 -15736
 12990  -334  -521 -15727
 13000  -298  -533 -15751
 13010  -330  -531 -15726
 13020  -325  -533 -15725
 13030  -317  -522 -15728
 13040  -325  -534 -15739
 13050  -316  -548 -15739
 13060  -332  -527 -15765
 13070  -310  -529 -15718
 13080  -317  -534 -15748
 13090  -296  -529 -15763
 13100  -303  -522 -15762
 13110  -315  -542 -15740
 13120  -324  -539 -15721
 13130  -317  -528 -15744
 13140  -332  -532 -15738
 13150  -318  -548 -15743
 13160  -335  -538 -15727
 13170  -313  -546 -15729
 13180  -304  -524 -15731
 13190  -302  -537 -15741
 13200  -314  -536 -15721
 13210  -322  -530 -15710
 13220  -331  -545 -15747
 13230  -329  -543 -15724
 13240  -311  -548 -15738
 13250  -335  -523 -15728
 13260  -324  -531 -15725
 13270  -328  -532 -15711
 13280  -320  -538 -15719
 13290  -307  -518 -15688
 13300  -322  -527 -15696
 13310  -318  -538 -15714
 13320  -341  -533 -15718
 13330  -291  -537 -15738
 13340  -327  -529 -15710
 13350  -317  -543 -15730
 13360  -325  -529 -15723
 13370  -329  -536 -15709
 13380  -334  -524 -15719
 13390  -317  -526 -15705
 13400  -324  -537 -15729
 13410  -306  -520 -15721
 13420  -338  -526 -15721
 13430  -327  -533 -15743
 13440  -318  -536 -15716
 13450  -308  -538 -15704
 13460  -339  -538 -15703
 13470  -327  -527 -15721
 13480  -315  -526 -15722
 13490  -310  -508 -15712
 13500  -301  -532 -15720
 13510  -321  -526 -15725
 13520  -323  -533 -15698
 13530  -311  -531 -15698
 13540  -309  -529 -15708
 13550  -314  -518 -15732
 13560  -308  -541 -15731
 13570  -305  -539 -15695
 13580  -308  -530 -15721
 13590  -311  -513 -15709
 13600  -310  -519 -15689
 13610  -318  -536 -15692
 13620  -335  -532 -15739
 13630  -301  -521 -15716
 13640  -341  -533 -15706
 13650  -300  -529 -15706
 13660  -329  -527 -15705
 13670  -328  -531 -15710
 13680  -332  -533 -15713
 13690  -333  -548 -15705
 13700  -312  -529 -15711
 13710  -309  -537 -15721
 13720  -300  -519 -15708
 13730  -302  -522 -15710
 13740  -324  -508 -15719
 13750  -289  -504 -15686
 13760  -309  -540 -15703
 13770  -298  -533 -15687
 13780  -321  -504 -15720
 13790  -322  -525 -15702
 13800  -315  -525 -15694
 13810  -327  -534 -15707
 13820  -333  -529 -15738
 13830  -326  -516 -15713
 13840  -318  -540 -15705
 13850  -307  -536 -15688
 13860  -315  -528 -15697
 13870  -334  -525 -15716
 13880  -310  -536 -15678
 13890  -332  -528 -15710
 13900  -323  -535 -15701
 13910  -307  -543 -15698
 13920  -304  -534 -15698
 13930  -317  -531 -15703
 13940  -321  -526 -15693
 13950  -324  -543 -15710
 13960  -308  -531 -15703
 13970  -322  -527 -15678
 13980  -309  -537 -15680
 13990  -331  -538 -15679
 14000  -318  -529 -15685
 14010  -324  -526 -15681
 14020  -317  -548 -15684
 14030  -325  -527 -15692
 14040  -323  -515 -15669
 14050  -319  -534 -15699
 14060  -311  -541 -15722
 14070  -315  -528 -15719
 14080  -339  -539 -15685
 14090  -312  -524 -15679
 14100  -319  -544 -15687
 14110  -327  -567 -15703
 14120  -317  -513 -15694
 14130  -336  -537 -15683
 14140  -319  -535 -15705
 14150  -319  -529 -15691
 14160  -344  -536 -15689
 14170  -323  -533 -15695
 14180  -313  -532 -15710
 14190  -325  -538 -15701
 14200  -317  -521 -15677
 14210  -335  -532 -15662
 14220  -289  -527 -15690
 14230  -318  -542 -15697
 14240  -319  -550 -15695
 14250  -303  -548 -15697
 14260  -315  -545 -15673
 14270  -311  -521 -15693
 14280  -317  -520 -15672
 14290  -338  -542 -15653
 14300  -322  -522 -15690
 14310  -318  -539 -15674
 14320  -289  -528 -15673
 14330  -328  -539 -15681
 14340  -298  -546 -15680
 14350  -297  -534 -15690
 14360  -326  -536 -15669
 14370  -313  -540 -15687
 14380  -313  -540 -15697
 14390  -307  -522 -15716
 14400  -300  -536 -15686
 14410  -320  -532 -15670
 14420  -315  -533 -15719
 14430  -340  -517 -15682
 14440  -311  -529 -15692
 14450  -332  -534 -15679
 14460  -318  -538 -15656
 14470  -306  -539 -15695
 14480  -330  -541 -15683
 14490  -323  -542 -15659
 14500  -330  -545 -15697
 14510  -314  -537 -15684
 14520  -321  -539 -15681
 14530  -315  -541 -15676
 14540  -316  -523 -15697
 14550  -311  -522 -15683
 14560  -328  -534 -15694
 14570  -305  -531 -15684
 14580  -312  -546 -15707
 14590  -307  -527 -15704
 14600  -326  -529 -15660
 14610  -319  -536 -15684
 14620  -321  -532 -15667
 14630  -331  -508 -15678
 14640  -320  -538 -15673
 14650  -327  -529 -15687
 14660  -303  -535 -15686
 14670  -304  -519 -15687
 14680  -321  -546 -15693
 14690  -321  -541 -15679
 14700  -344  -551 -15702
 14710  -336  -527 -15694
 14720  -327  -544 -15697
 14730  -310  -538 -15691
 14740  -323  -549 -15694
 14750  -330  -526 -15672
 14760  -299  -542 -15697
 14770  -322  -528 -15680
 14780  -321  -515 -15671
 14790  -308  -533 -15670
 14800  -328  -550 -15683
 14810  -307  -533 -15704
 14820  -330  -554 -15682
 14830  -305  -528 -15668
 14840  -316  -545 -15668
 14850  -308  -536 -15678
 14860  -317  -532 -15723
 14870  -319  -507 -15701
 14880  -319  -516 -15704
 14890  -323  -527 -15707
 14900  -309  -537 -15679
 14910  -314  -517 -15717
 14920  -317  -527 -15661
 14930  -316  -527 -15682
 14940  -326  -546 -15696
 14950  -298  -529 -15677
 14960  -322  -535 -15681
 14970  -315  -540 -15690
 14980  -327  -537 -15718
 14990  -314  -522 -15704
 15000  -321  -536 -15705
 15010  -329  -525 -15671
 15020  -313  -522 -15695
 15030  -318  -536 -15704
 15040  -300  -537 -15694
 15050  -318  -540 -15705
 15060  -340  -543 -15714
 15070  -309  -514 -15719
 15080  -301  -537 -15701
 15090  -314  -529 -15700
 15100  -327  -533 -15700
 15110  -301  -520 -15700
 15120  -286  -530 -15703
 15130  -312  -537 -15690
 15140  -320  -517 -15685
 15150  -333  -525 -15679
 15160  -330  -527 -15727
 15170  -311  -533 -15682
 15180  -326  -530 -15675
 15190  -302  -539 -15681
 15200  -331  -538 -15658
 15210  -324  -532 -15714
 15220  -298  -520 -15721
 15230  -325  -539 -15707
 15240  -317  -524 -15702
 15250  -336  -537 -15686
 15260  -297  -526 -15695
 15270  -332  -527 -15687
 15280  -317  -520 -15709
 15290  -313  -525 -15700
 15300  -322  -528 -15710
 15310  -310  -530 -15692
 15320  -338  -528 -15705
 15330  -319  -520 -15688
 15340  -310  -535 -15693
 15350  -314  -525 -15694
 15360  -330  -535 -15714
 15370  -317  -521 -15677
 15380  -325  -523 -15701
 15390  -321  -529 -15745
 15400  -299  -517 -15722
 15410  -309  -530 -15716
 15420  -339  -533 -15703
 15430  -322  -529 -15703
 15440  -333  -520 -15719
 15450  -310  -530 -15703
 15460  -319  -522 -15695
 15470  -308  -529 -15705
 15480  -331  -545 -15690
 15490  -319  -539 -15677
 15500  -323  -539 -15713
 15510  -304  -522 -15697
 15520  -306  -544 -15684
 15530  -324  -539 -15697
 15540  -309  -521 -15669
 15550  -330  -547 -15686
 15560  -305  -533 -15702
 15570  -318  -547 -15710
 15580  -302  -528 -15698
 15590  -310  -529 -15687
 15600  -319  -523 -15679
 15610  -324  -542 -15677
 15620  -317  -536 -15676
 15630  -308  -513 -15665
 15640  -310  -539 -15670
 15650  -325  -532 -15670
 15660  -310  -537 -15663
 15670  -311  -539 -15675
 15680  -318  -517 -15676
 15690  -306  -524 -15676
 15700  -316  -525 -15681
 15710  -331  -514 -15702
 15720  -325  -524 -15707
 15730  -303  -530 -15687
 15740  -299  -515 -15715
 15750  -324  -519 -15691
 15760  -314  -534 -15682
 15770  -314  -528 -15678
 15780  -318  -532 -15677
 15790  -341  -546 -15664
 15800  -317  -540 -15686
 15810  -318  -541 -15692
 15820  -310  -507 -15699
 15830  -325  -544 -15673
 15840  -307  -513 -15669
 15850  -322  -511 -15652
 15860  -315  -534 -15700
 15870  -322  -537 -15656
 15880  -328  -532 -15697
 15890  -296  -539 -15708
 15900  -302  -528 -15679
 15910  -327  -523 -15686
 15920  -311  -518 -15690
 15930  -311  -516 -15659
 15940  -336  -536 -15671
 15950  -307  -533 -15695
 15960  -315  -530 -15682
 15970  -331  -527 -15680
 15980  -318  -537 -15692
 15990  -333  -533 -15672
 16000  -325  -536 -15698
 16010  -311  -537 -15695
 16020  -328  -542 -15682
 16030  -309  -527 -15680
 16040  -308  -535 -15688
 16050  -318  -545 -15692
 16060  -319  -547 -15692
 16070  -319  -537 -15699
 16080  -319  -514 -15712
 16090  -313  -529 -15698
 16100  -305  -553 -15681
 16110  -298  -534 -15696
 16120  -326  -548 -15671
 16130  -313  -546 -15706
 16140  -314  -546 -15692
 16150  -330  -515 -15679
 16160  -303  -501 -15696
 16170  -314  -512 -15692
 16180  -300  -502 -15684
 16190  -310  -503 -15694
 16200  -314  -543 -15711
 16210  -312  -547 -15700
 16220  -315  -535 -15697
 16230  -307  -540 -15686
 16240  -336  -523 -15697
 16250  -325  -516 -15703
 16260  -319  -513 -15697
 16270  -314  -514 -15691
 16280  -299  -530 -15681
 16290  -301  -534 -15689
 16300  -298  -554 -15674
 16310  -309  -534 -15707
 16320  -318  -523 -15729
 16330  -329  -520 -15710
 16340  -314  -528 -15700
 16350  -315  -523 -15716
 16360  -324  -536 -15700
 16370  -321  -539 -15684
 16380  -299  -539 -15725
 16390  -297  -537 -15705
 16400  -307  -535 -15726
 16410  -316  -533 -15691
 16420  -321  -529 -15741
 16430  -321  -511 -15682
 16440  -316  -539 -15698
 16450  -318  -523 -15707
 16460  -315  -531 -15699
 16470  -322  -514 -15688
 16480  -312  -526 -15697
 16490  -301  -538 -15710
 16500  -313  -547 -15708
 16510  -338  -535 -15687
 16520  -331  -538 -15723
 16530  -337  -531 -15694
 16540  -322  -530 -15711
 16550  -317  -528 -15712
 16560  -324  -526 -15703
 16570  -304  -532 -15717
 16580  -314  -538 -15694
 16590  -322  -535 -15707
 16600  -333  -515 -15733
 16610  -318  -524 -15716
 16620  -314  -525 -15697
 16630  -322  -517 -15713
 16640  -320  -523 -15692
 16650  -307  -518 -15693
 16660  -330  -534 -15686
 16670  -318  -541 -15705
 16680  -334  -538 -15678
 16690  -329  -547 -15701
 16700  -308  -528 -15691
 16710  -318  -519 -15701
 16720  -322  -531 -15716
 16730  -325  -536 -15701
 16740  -329  -538 -15711
 16750  -332  -526 -15688
 16760  -314  -534 -15681
 16770  -322  -548 -15686
 16780  -320  -536 -15704
 16790  -298  -540 -15694
 16800  -316  -539 -15699
 16810  -297  -544 -15664
 16820  -310  -528 -15669
 16830  -338  -517 -15686
 16840  -304  -524 -15701
 16850  -305  -530 -15674
 16860  -306  -542 -15681
 16870  -328  -545 -15696
 16880  -297  -543 -15714
 16890  -303  -543 -15705
 16900  -312  -532 -15695
 16910  -327  -527 -15702
 16920  -331  -529 -15698
 16930  -327  -536 -15707
 16940  -311  -531 -15689
 16950  -323  -537 -15705
 16960  -297  -533 -15696
 16970  -317  -515 -15676
 16980  -323  -526 -15712
 16990  -307  -527 -15714
 17000  -302  -519 -15701
 17010  -295  -522 -15682
 17020  -308  -536 -15694
 17030  -318  -537 -15685
 17040  -330  -535 -15674
 17050  -316  -528 -15676
 17060  -337  -552 -15693
 17070  -336  -536 -15699
 17080  -294  -516 -15696
 17090  -297  -532 -15697
 17100  -310  -516 -15691
 17110  -303  -533 -15704
 17120  -306  -532 -15680
 17130  -335  -530 -15660
 17140  -319  -511 -15689
 17150  -331  -522 -15678
 17160  -295  -533 -15673
 17170  -303  -523 -15659
 17180  -300  -519 -15668
 17190  -320  -552 -15653
 17200  -312  -532 -15688
 17210  -319  -539 -15676
 17220  -312  -542 -15696
 17230  -323  -537 -15678
 17240  -318  -523 -15668
 17250  -311  -514 -15681
 17260  -311  -528 -15694
 17270  -300  -508 -15683
 17280  -312  -515 -15719
 17290  -301  -518 -15666
 17300  -297  -536 -15683
 17310  -301  -538 -15676
 17320  -320  -529 -15673
 17330  -315  -547 -15694
 17340  -317  -558 -15701
 17350  -316  -530 -15672
 17360  -308  -535 -15682
 17370  -325  -534 -15675
 17380  -331  -529 -15690
 17390  -314  -525 -15675
 17400  -333  -529 -15660
 17410  -310  -524 -15707
 17420  -323  -537 -15670
 17430  -326  -540 -15685
 17440  -294  -524 -15690
 17450  -291  -527 -15681
 17460  -308  -539 -15682
 17470  -305  -541 -15678
 17480  -305  -538 -15682
 17490  -313  -531 -15676
 17500  -323  -532 -15660
 17510  -317  -541 -15671
 17520  -318  -529 -15694
 17530  -313  -512 -15709
 17540  -318  -523 -15690
 17550  -321  -529 -15693
 17560  -304  -544 -15683
 17570  -316  -524 -15715
 17580  -291  -515 -15703
 17590  -336  -519 -15693
 17600  -312  -531 -15692
 17610  -319  -525 -15682
 17620  -316  -521 -15690
 17630  -298  -535 -15679
 17640  -313  -544 -15673
 17650  -312  -533 -15696
 17660  -314  -542 -15691
 17670  -338  -541 -15666
 17680  -318  -548 -15671
 17690  -334  -532 -15690
 17700  -336  -531 -15680
 17710  -312  -538 -15703
 17720  -334  -538 -15691
 17730  -322  -531 -15694
 17740  -324  -541 -15694
 17750  -321  -520 -15714
 17760  -315  -510 -15676
 17770  -319  -539 -15680
 17780  -308  -530 -15672
 17790  -325  -537 -15738
 17800  -324  -542 -15683
 17810  -333  -531 -15700
 17820  -321  -519 -15725
 17830  -319  -518 -15693
 17840  -308  -538 -15670
 17850  -324  -533 -15702
 17860  -323  -534 -15720
 17870  -316  -540 -15704
 17880  -318  -547 -15708
 17890  -310  -528 -15694
 17900  -310  -527 -15695
 17910  -337  -526 -15692
 17920  -320  -532 -15701
 17930  -320  -525 -15703
 17940  -307  -551 -15725
 17950  -322  -513 -15723
 17960  -329  -539 -15696
 17970  -327  -534 -15711
 17980  -335  -525 -15673
 17990  -309  -515 -15719
 18000  -322  -519 -15708
 18010  -312  -535 -15704
 18020  -323  -540 -15707
 18030  -314  -534 -15681
 18040  -306  -518 -15719
 18050  -306  -533 -15682
 18060  -316  -531 -15670
 18070  -312  -524 -15692
 18080  -327  -533 -15702
 18090  -299  -524 -15698
 18100  -313  -519 -15707
 18110  -327  -513 -15677
 18120  -316  -543 -15679
 18130  -319  -529 -15694
 18140  -309  -517 -15719
 18150  -318  -525 -15682
 18160  -318  -546 -15675
 18170  -322  -524 -15710
 18180  -312  -522 -15698
 18190  -299  -516 -15685
 18200  -318  -541 -15668
 18210  -301  -528 -15689
 18220  -312  -528 -15701
 18230  -316  -521 -15696
 18240  -315  -524 -15701
 18250  -311  -533 -15682
 18260  -332  -531 -15698
 18270  -322  -531 -15684
 18280  -301  -543 -15691
 18290  -308  -527 -15668
 18300  -308  -536 -15703
 18310  -334  -528 -15691
 18320  -306  -527 -15704
 18330  -312  -511 -15691
 18340  -329  -526 -15670
 18350  -319  -530 -15677
 18360  -306  -534 -15683
 18370  -294  -519 -15669
 18380  -325  -519 -15688
 18390  -323  -521 -15670
 18400  -300  -523 -15687
 18410  -312  -521 -15678
 18420  -300  -538 -15687
 18430  -329  -539 -15682
 18440  -302  -521 -15678
 18450  -303  -512 -15693
 18460  -306  -513 -15668
 18470  -318  -542 -15707
 18480  -295  -514 -15687
 18490  -310  -529 -15698
 18500  -319  -540 -15676
 18510  -311  -539 -15688
 18520  -313  -516 -15704
 18530  -330  -534 -15685
 18540  -327  -524 -15674
 18550  -323  -540 -15671
 18560  -312  -536 -15687
 18570  -300  -537 -15685
 18580  -300  -528 -15664
 18590  -322  -541 -15690
 18600  -318  -540 -15720
 18610  -314  -530 -15714
 18620  -323  -526 -15682
 18630  -328  -544 -15693
 18640  -308  -533 -15704
 18650  -325  -509 -15674
 18660  -324  -537 -15694
 18670  -316  -531 -15696
 18680  -308  -538 -15706
 18690  -304  -521 -15689
 18700  -320  -545 -15676
 18710  -316  -531 -15663
 18720  -321  -519 -15683
 18730  -299  -527 -15687
 18740  -338  -516 -15682
 18750  -302  -523 -15698
 18760  -327  -530 -15702
 18770  -318  -534 -15699
 18780  -297  -540 -15698
 18790  -314  -537 -15688
 18800  -327  -533 -15696
 18810  -314  -519 -15702
 18820  -321  -520 -15680
 18830  -333  -516 -15700
 18840  -316  -515 -15705
 18850  -302  -524 -15686
 18860  -321  -533 -15689
 18870  -345  -535 -15686
 18880  -310  -538 -15695
 18890  -304  -523 -15700
 18900  -318  -521 -15700
 18910  -320  -538 -15710
 18920  -314  -530 -15701
 18930  -318  -535 -15713
 18940  -332  -521 -15696
 18950  -321  -537 -15699
 18960  -322  -529 -15711
 18970  -332  -531 -15708
 18980  -332  -532 -15716
 18990  -324  -512 -15697
 19000  -322  -529 -15703
 19010  -300  -518 -15719
 19020  -309  -534 -15710
 19030  -324  -536 -15679
 19040  -320  -539 -15717
 19050  -305  -529 -15711
 19060  -307  -528 -15707
 19070  -330  -533 -15690
 19080  -313  -542 -15712
 19090  -305  -533 -15692
 19100  -322  -532 -15713
 19110  -304  -531 -15697
 19120  -335  -540 -15712
 19130  -310  -538 -15736
 19140  -326  -528 -15700
 19150  -319  -538 -15708
 19160  -329  -547 -15734
 19170  -313  -533 -15720
 19180  -321  -526 -15714
 19190  -319  -533 -15705
 19200  -314  -518 -15684
 19210  -310  -526 -15697
 19220  -316  -528 -15695
 19230  -337  -540 -15687
 19240  -315  -521 -15730
 19250  -333  -533 -15709
 19260  -306  -538 -15732
 19270  -323  -519 -15715
 19280  -320  -516 -15707
 19290  -307  -522 -15733
 19300  -314  -520 -15705
 19310  -313  -556 -15714
 19320  -344  -524 -15712
 19330  -319  -531 -15704
 19340  -315  -534 -15703
 19350  -311  -526 -15704
 19360  -316  -510 -15712
 19370  -326  -542 -15696
 19380  -316  -545 -15702
 19390  -314  -535 -15715
 19400  -316  -525 -15695
 19410  -322  -537 -15724
 19420  -304  -539 -15717
 19430  -289  -514 -15707
 19440  -309  -525 -15707
 19450  -317  -520 -15710
 19460  -296  -529 -15716
 19470  -327  -530 -15737
 19480  -313  -544 -15693
 19490  -318  -517 -15678
 19500  -318  -529 -15703
 19510  -304  -521 -15687
 19520  -312  -528 -15690
 19530  -317  -524 -15683
 19540  -319  -536 -15702
 19550  -327  -524 -15711
 19560  -312  -546 -15692
 19570  -317  -521 -15702
 19580  -301  -517 -15695
 19590  -312  -500 -15703
 19600  -306  -535 -15680
 19610  -321  -528 -15707
 19620  -320  -521 -15694
 19630  -324  -549 -15661
 19640  -312  -511 -15697
 19650  -326  -513 -15692
 19660  -317  -532 -15679
 19670  -330  -525 -15679
 19680  -318  -531 -15684
 19690  -331  -532 -15679
 19700  -317  -525 -15690
 19710  -301  -520 -15678
 19720  -317  -527 -15678
 19730  -307  -527 -15672
 19740  -326  -535 -15697
 19750  -312  -523 -15702
 19760  -349  -540 -15682
 19770  -319  -527 -15687
 19780  -320  -544 -15700
 19790  -318  -509 -15685
 19800  -333  -530 -15683
 19810  -321  -541 -15672
 19820  -327  -531 -15691
 19830  -301  -506 -15684
 19840  -298  -521 -15667
 19850  -311  -531 -15680
 19860  -326  -539 -15674
 19870  -302  -530 -15696
 19880  -326  -537 -15682
 19890  -302  -516 -15683
 19900  -301  -524 -15701
 19910  -330  -529 -15705
 19920  -306  -539 -15677
 19930  -325  -518 -15667
 19940  -312  -534 -15681
 19950  -323  -539 -15682
 19960  -322  -510 -15662
 19970  -300  -527 -15692
 19980  -321  -532 -15682
 19990  -324  -536 -15694
 20000  -311  -534 -15684
 20010  -339  -534 -15694
 20020  -317  -528 -15684
 20030  -314  -533 -15692
 20040  -274  -524 -15678
 20050  -309  -528 -15668
 20060  -331  -527 -15677
 20070  -320  -533 -15672
 20080  -299  -537 -15676
 20090  -311  -532 -15681
 20100  -316  -528 -15693
 20110  -310  -535 -15691
 20120  -306  -524 -15678
 20130  -312  -540 -15702
 20140  -312  -531 -15697
 20150  -328  -525 -15737
 20160  -307  -523 -15672
 20170  -320  -530 -15712
 20180  -312  -542 -15691
 20190  -293  -540 -15692
 20200  -325  -519 -15669
 20210  -300  -524 -15694
 20220  -305  -522 -15703
 20230  -323  -544 -15657
 20240  -301  -522 -15704
 20250  -317  -520 -15715
 20260  -311  -542 -15723
 20270  -300  -532 -15717
 20280  -349  -529 -15711
 20290  -294  -526 -15710
 20300  -314  -526 -15695
 20310  -316  -529 -15682
 20320  -314  -509 -15698
 20330  -312  -527 -15690
 20340  -316  -536 -15713
 20350  -321  -546 -15689
 20360  -330  -535 -15703
 20370  -329  -515 -15719
 20380  -321  -534 -15708
 20390  -322  -544 -15709
 20400  -304  -529 -15691
 20410  -318  -537 -15719
 20420  -307  -522 -15708
 20430  -312  -524 -15722
 20440  -326  -517 -15725
 20450  -314  -527 -15721
 20460  -327  -522 -15711
 20470  -320  -520 -15718
 20480  -306  -518 -15714
 20490  -333  -523 -15715
 20500  -318  -523 -15688
 20510  -306  -537 -15732
 20520  -311  -538 -15705
 20530  -304  -538 -15694
 20540  -325  -531 -15719
 20550  -298  -528 -15692
 20560  -308  -532 -15709
 20570  -323  -535 -15698
 20580  -313  -537 -15704
 20590  -328  -528 -15700
 20600  -325  -535 -15714
 20610  -299  -521 -15707
 20620  -308  -534 -15692
 20630  -326  -524 -15676
 20640  -330  -543 -15692
 20650  -320  -511 -15682
 20660  -333  -524 -15692
 20670  -302  -530 -15707
 20680  -312  -538 -15725
 20690  -294  -534 -15704
 20700  -329  -516 -15694
 20710  -331  -537 -15713
 20720  -325  -525 -15692
 20730  -321  -525 -15700
 20740  -304  -531 -15714
 20750  -329  -528 -15714
 20760  -308  -530 -15724
 20770  -313  -515 -15694
 20780  -311  -525 -15707
 20790  -309  -524 -15696
 20800  -319  -538 -15692
 20810  -332  -532 -15674
 20820  -326  -544 -15685
 20830  -301  -524 -15672
 20840  -314  -527 -15698
 20850  -322  -524 -15673
 20860  -298  -526 -15687
 20870  -326  -527 -15689
 20880  -327  -517 -15652
 20890  -332  -535 -15688
 20900  -301  -527 -15690
 20910  -315  -524 -15678
 20920  -317  -521 -15689
 20930  -325  -523 -15692
 20940  -315  -521 -15694
 20950  -317  -520 -15652
 20960  -297  -542 -15679
 20970  -311  -532 -15677
 20980  -319  -508 -15683
 20990  -331  -528 -15681
 21000  -305  -535 -15674
 21010  -326  -535 -15656
 21020  -329  -536 -15682
 21030  -308  -538 -15703
 21040  -318  -521 -15688
 21050  -320  -530 -15655
 21060  -331  -527 -15670
 21070  -297  -529 -15676
 21080  -310  -541 -15674
 21090  -320  -527 -15677
 21100  -308  -512 -15678
 21110  -311  -522 -15694
 21120  -316  -521 -15676
 21130  -310  -517 -15678
 21140  -301  -512 -15674
 21150  -312  -531 -15693
 21160  -305  -510 -15658
 21170  -334  -531 -15666
 21180  -318  -535 -15690
 21190  -320  -529 -15669
 21200  -324  -543 -15678
 21210  -322  -529 -15679
 21220  -323  -520 -15677
 21230  -292  -538 -15678
 21240  -316  -526 -15682
 21250  -309  -529 -15672
 21260  -317  -524 -15709
 21270  -316  -526 -15694
 21280  -307  -531 -15706
 21290  -335  -534 -15720
 21300  -320  -528 -15675
 21310  -319  -526 -15671
 21320  -308  -531 -15692
 21330  -316  -527 -15676
 21340  -306  -521 -15687
 21350  -320  -536 -15696
 21360  -319  -524 -15692
 21370  -320  -523 -15702
 21380  -302  -532 -15676
 21390  -317  -516 -15659
 21400  -327  -551 -15702
 21410  -321  -538 -15696
 21420  -311  -523 -15704
 21430  -321  -528 -15697
 21440  -319  -533 -15734
 21450  -318  -523 -15676
 21460  -300  -528 -15704
 21470  -322  -540 -15695
 21480  -306  -516 -15717
 21490  -316  -530 -15710
 21500  -312  -531 -15707
 21510  -302  -543 -15703
 21520  -327  -532 -15713
 21530  -322  -526 -15709
 21540  -321  -520 -15714
 21550  -309  -527 -15694
 21560  -314  -528 -15702
 21570  -343  -529 -15692
 21580  -310  -524 -15726
 21590  -326  -535 -15701
 21600  -308  -529 -15728
 21610  -314  -538 -15728
 21620  -324  -532 -15700
 21630  -319  -525 -15711
 21640  -306  -529 -15691
 21650  -309  -538 -15703
 21660  -294  -540 -15694
 21670  -314  -517 -15700
 21680  -301  -524 -15705
 21690  -318  -531 -15721
 21700  -310  -536 -15736
 21710  -330  -532 -15715
 21720  -311  -515 -15702
 21730  -323  -530 -15708
 21740  -333  -527 -15724
 21750  -327  -544 -15691
 21760  -323  -523 -15699
 21770  -337  -539 -15736
 21780  -322  -525 -15721
 21790  -315  -535 -15731
 21800  -324  -528 -15713
 21810  -325  -522 -15699
 21820  -318  -532 -15701
 21830  -327  -530 -15719
 21840  -306  -530 -15707
 21850  -311  -549 -15698
 21860  -318  -537 -15710
 21870  -319  -523 -15712
 21880  -309  -526 -15741
 21890  -326  -529 -15721
 21900  -321  -531 -15725
 21910  -297  -521 -15701
 21920  -338  -513 -15721
 21930  -324  -528 -15710
 21940  -334  -517 -15714
 21950  -313  -530 -15728
 21960  -318  -522 -15713
 21970  -306  -516 -15708
 21980  -317  -533 -15701
 21990  -323  -539 -15693
 22000  -326  -526 -15720
 22010  -335  -545 -15714
 22020  -318  -538 -15691
 22030  -312  -511 -15716
 22040  -311  -545 -15701
 22050  -306  -500 -15718
 22060  -304  -531 -15711
 22070  -324  -538 -15700
 22080  -324  -546 -15706
 22090  -335  -537 -15713
 22100  -313  -530 -15717
 22110  -306  -543 -15697
 22120  -330  -542 -15694
 22130  -312  -523 -15698
 22140  -303  -515 -15712
 22150  -311  -515 -15718
 22160  -307  -521 -15683
 22170  -316  -534 -15688
 22180  -297  -529 -15689
 22190  -312  -538 -15695
 22200  -326  -526 -15709
 22210  -307  -527 -15711
 22220  -308  -522 -15677
 22230  -304  -526 -15663
 22240  -311  -533 -15685
 22250  -309  -525 -15679
 22260  -333  -519 -15679
 22270  -322  -522 -15711
 22280  -328  -534 -15713
 22290  -308  -521 -15690
 22300  -310  -537 -15668
 22310  -289  -523 -15702
 22320  -308  -540 -15684
 22330  -308  -527 -15694
 22340  -316  -528 -15680
 22350  -312  -542 -15675
 22360  -308  -537 -15690
 22370  -326  -550 -15663
 22380  -319  -526 -15676
 22390  -309  -517 -15695
 22400  -327  -515 -15689
 22410  -321  -529 -15681
 22420  -333  -515 -15673
 22430  -310  -536 -15691
 22440  -317  -531 -15694
 22450  -297  -505 -15710
 22460  -318  -533 -15656
 22470  -320  -531 -15674
 22480  -300  -512 -15688
 22490  -310  -531 -15663
 22500  -322  -534 -15688
 22510  -340  -529 -15674
 22520  -296  -515 -15685
 22530  -340  -538 -15687
 22540  -327  -545 -15656
 22550  -321  -535 -15661
 22560  -317  -537 -15674
 22570  -309  -534 -15655
 22580  -312  -530 -15710
 22590  -322  -530 -15673
 22600  -317  -540 -15714
 22610  -312  -523 -15682
 22620  -306  -519 -15699
 22630  -307  -541 -15682
 22640  -291  -541 -15698
 22650  -314  -543 -15675
 22660  -312  -536 -15687
 22670  -322  -528 -15701
 22680  -302  -519 -15682
 22690  -327  -534 -15697
 22700  -305  -526 -15672
 22710  -317  -539 -15708
 22720  -310  -553 -15702
 22730  -308  -510 -15690
 22740  -298  -544 -15696
 22750  -296  -518 -15701
 22760  -307  -533 -15712
 22770  -326  -529 -15699
 22780  -310  -527 -15705
 22790  -301  -517 -15712
 22800  -307  -528 -15698
 22810  -330  -517 -15693
 22820  -319  -519 -15685
 22830  -328  -505 -15684
 22840  -310  -533 -15701
 22850  -335  -521 -15707
 22860  -311  -517 -15682
 22870  -318  -518 -15699
 22880  -310  -539 -15678
 22890  -320  -520 -15707
 22900  -327  -531 -15709
 22910  -327  -536 -15699
 22920  -308  -527 -15707
 22930  -315  -521 -15698
 22940  -313  -535 -15742
 22950  -321  -535 -15710
 22960  -325  -536 -15711
 22970  -319  -542 -15717
 22980  -312  -535 -15706
 22990  -335  -531 -15731
 23000  -327  -514 -15710
 23010  -334  -530 -15685
 23020  -327  -530 -15717
 23030  -312  -533 -15703
 23040  -299  -552 -15698
 23050  -324  -528 -15715
 23060  -328  -519 -15711
 23070  -318  -538 -15711
 23080  -326  -540 -15731
 23090  -312  -523 -15732
 23100  -313  -524 -15691
 23110  -322  -536 -15696
 23120  -322  -522 -15717
 23130  -311  -525 -15712
 23140  -311  -534 -15721
 23150  -313  -524 -15718
 23160  -330  -545 -15701
 23170  -323  -523 -15710
 23180  -302  -532 -15720
 23190  -306  -528 -15700
 23200  -326  -534 -15718
 23210  -319  -535 -15699
 23220  -324  -532 -15707
 23230  -337  -515 -15731
 23240  -303  -544 -15709
 23250  -309  -528 -15702
 23260  -315  -545 -15699
 23270  -320  -521 -15709
 23280  -335  -510 -15702
 23290  -321  -534 -15721
 23300  -315  -533 -15703
 23310  -313  -529 -15740
 23320  -323  -532 -15701
 23330  -339  -546 -15718
 23340  -318  -520 -15723
 23350  -323  -532 -15687
 23360  -303  -511 -15710
 23370  -310  -523 -15678
 23380  -311  -534 -15704
 23390  -309  -529 -15698
 23400  -317  -530 -15683
 23410  -336  -539 -15713
 23420  -305  -517 -15693
 23430  -298  -523 -15695
 23440  -308  -535 -15711
 23450  -314  -523 -15688
 23460  -317  -516 -15675
 23470  -328  -533 -15687
 23480  -313  -506 -15716
 23490  -322  -512 -15693
 23500  -323  -533 -15674
 23510  -316  -531 -15696
 23520  -317  -518 -15722
 23530  -332  -535 -15656
 23540  -313  -532 -15670
 23550  -299  -537 -15655
 23560  -302  -529 -15690
 23570  -309  -525 -15687
 23580  -314  -510 -15678
 23590  -333  -534 -15644
 23600  -311  -530 -15682
 23610  -308  -554 -15669
 23620  -318  -537 -15665
 23630  -298  -527 -15669
 23640  -316  -524 -15668
 23650  -318  -535 -15685
 23660  -311  -526 -15670
 23670  -331  -536 -15676
 23680  -299  -526 -15665
 23690  -324  -517 -15668
 23700  -323  -529 -15656
 23710  -297  -511 -15664
 23720  -300  -527 -15666
 23730  -317  -535 -15649
 23740  -280  -533 -15688
 23750  -318  -529 -15654
 23760  -312  -515 -15669
 23770  -328  -517 -15672
 23780  -302  -516 -15665
 23790  -302  -521 -15672
 23800  -335  -507 -15662
 23810  -322  -530 -15675
 23820  -296  -522 -15676
 23830  -318  -524 -15666
 23840  -317  -528 -15651
 23850  -301  -529 -15680
 23860  -308  -548 -15679
 23870  -299  -509 -15691
 23880  -322  -511 -15683
 23890  -315  -541 -15695
 23900  -308  -526 -15673
 23910  -313  -522 -15686
 23920  -305  -546 -15690
 23930  -306  -524 -15670
 23940  -336  -514 -15690
 23950  -312  -522 -15711
 23960  -309  -539 -15698
 23970  -312  -536 -15683
 23980  -331  -539 -15681
 23990  -296  -523 -15699
 24000  -318  -537 -15714
 24010  -302  -532 -15709
 24020  -308  -523 -15688
 24030  -331  -532 -15662
 24040  -311  -543 -15684
 24050  -300  -540 -15705
 24060  -316  -527 -15685
 24070  -312  -536 -15691
 24080  -302  -540 -15681
 24090  -316  -515 -15720
 24100  -316  -539 -15699
 24110  -311  -514 -15711
 24120  -323  -533 -15704
 24130  -320  -550 -15727
 24140  -312  -518 -15711
 24150  -314  -524 -15719
 24160  -314  -521 -15699
 24170  -339  -517 -15726
 24180  -313  -530 -15706
 24190  -310  -532 -15695
 24200  -302  -528 -15684
 24210  -318  -527 -15718
 24220  -293  -533 -15727
 24230  -323  -523 -15682
 24240  -327  -534 -15714
 24250  -317  -520 -15700
 24260  -320  -534 -15684
 24270  -315  -540 -15725
 24280  -310  -523 -15724
 24290  -320  -524 -15737
 24300  -307  -533 -15731
 24310  -308  -535 -15709
 24320  -323  -542 -15726
 24330  -310  -519 -15715
 24340  -315  -528 -15714
 24350  -293  -557 -15719
 24360  -312  -523 -15723
 24370  -313  -538 -15728
 24380  -308  -532 -15714
 24390  -305  -524 -15757
 24400  -323  -535 -15726
 24410  -315  -539 -15733
 24420  -319  -544 -15736
 24430  -313  -525 -15705
 24440  -321  -536 -15740
 24450  -320  -522 -15737
 24460  -318  -527 -15744
 24470  -315  -529 -15746
 24480  -302  -536 -15727
 24490  -323  -532 -15737
 24500  -310  -515 -15744
 24510  -313  -510 -15694
 24520  -308  -539 -15719
 24530  -304  -534 -15742
 24540  -305  -520 -15730
 24550  -318  -534 -15710
 24560  -302  -527 -15725
 24570  -313  -541 -15745
 24580  -308  -542 -15710
 24590  -295  -529 -15722
 24600  -302  -527 -15706
 24610  -320  -529 -15701
 24620  -311  -535 -15734
 24630  -298  -520 -15709
 24640  -307  -525 -15713
 24650  -308  -521 -15722
 24660  -306  -530 -15713
 24670  -319  -533 -15696
 24680  -325  -545 -15708
 24690  -297  -524 -15719
 24700  -317  -509 -15694
 24710  -315  -516 -15683
 24720  -337  -534 -15690
 24730  -325  -518 -15716
 24740  -324  -515 -15713
 24750  -302  -540 -15700
 24760  -310  -517 -15676
 24770  -316  -524 -15675
 24780  -300  -524 -15681
 24790  -333  -532 -15701
 24800  -322  -536 -15717
 24810  -318  -516 -15682
 24820  -316  -521 -15668
 24830  -335  -529 -15703
 24840  -313  -526 -15693
 24850  -297  -520 -15664
 24860  -308  -522 -15669
 24870  -331  -528 -15673
 24880  -316  -529 -15689
 24890  -304  -515 -15668
 24900  -311  -526 -15667
 24910  -322  -522 -15661
 24920  -298  -539 -15663
 24930  -320  -514 -15666
 24940  -292  -538 -15654
 24950  -315  -525 -15667
 24960  -321  -522 -15672
 24970  -323  -512 -15659
 24980  -303  -549 -15637
 24990  -312  -515 -15668
 25000  -301  -515 -15649
 25010  -301  -532 -15651
 25020  -303  -533 -15662
 25030  -324  -531 -15661
 25040  -303  -532 -15650
 25050  -311  -533 -15657
 25060  -312  -519 -15659
 25070  -317  -538 -15640
 25080  -311  -513 -15661
 25090  -291  -526 -15672
 25100  -309  -533 -15631
 25110  -291  -534 -15640
 25120  -310  -523 -15650
 25130  -300  -529 -15650
 25140  -313  -527 -15663
 25150  -309  -537 -15663
 25160  -295  -531 -15659
 25170  -303  -524 -15664
 25180  -301  -511 -15651
 25190  -300  -536 -15673
 25200  -306  -510 -15701
 25210  -305  -526 -15658
 25220  -300  -541 -15633
 25230  -293  -554 -15656
 25240  -294  -505 -15643
 25250  -291  -506 -15657
 25260  -237  -522 -15672
 25270  -362  -545 -15659
 25280  -341  -558 -15655
 25290  -289  -520 -15683
 25300  -321  -513 -15660
 25310  -307  -526 -15652
 25320  -284  -517 -15686
 25330  -292  -511 -15682
 25340  -303  -533 -15669
 25350  -341  -512 -15694
 25360  -306  -523 -15676
 25370  -312  -557 -15671
 25380  -330  -530 -15673
 25390  -302  -490 -15660
 25400  -286  -531 -15694
 25410  -311  -545 -15686
 25420  -292  -518 -15676
 25430  -299  -508 -15674
 25440  -316  -541 -15713
 25450  -309  -537 -15661
 25460  -330  -541 -15684
 25470  -314  -545 -15717
 25480  -332  -535 -15718
 25490  -311  -502 -15712
 25500  -309  -481 -15694
 25510  -293  -512 -15720
 25520  -314  -519 -15675
 25530  -304  -538 -15696
 25540  -302  -586 -15729
 25550  -288  -567 -15728
 25560  -308  -490 -15696
 25570  -307  -490 -15711
 25580  -306  -519 -15712
 25590  -313  -550 -15729
 25600  -313  -512 -15735
 25610  -321  -536 -15707
 25620  -306  -549 -15732
 25630  -306  -525 -15718
 25640  -303  -539 -15709
 25650  -293  -554 -15723
 25660  -339  -515 -15728
 25670  -322  -504 -15718
 25680  -315  -527 -15735
 25690  -311  -524 -15720
 25700  -321  -534 -15683
 25710  -283  -555 -15734
 25720  -300  -526 -15726
 25730  -321  -531 -15743
 25740  -344  -511 -15739
 25750  -330  -510 -15737
 25760  -305  -512 -15722
 25770  -338  -509 -15740
 25780  -329  -522 -15767
 25790  -323  -533 -15755
 25800  -284  -526 -15785
 25810  -297  -527 -15742
 25820  -316  -534 -15751
 25830  -329  -515 -15749
 25840  -337  -531 -15716
 25850  -326  -545 -15733
 25860  -295  -528 -15733
 25870  -302  -534 -15726
 25880  -310  -541 -15733
 25890  -289  -547 -15712
 25900  -319  -534 -15722
 25910  -341  -540 -15723
 25920  -317  -533 -15711
 25930  -317  -527 -15768
 25940  -340  -538 -15729
 25950  -331  -536 -15744
 25960  -305  -533 -15744
 25970  -313  -521 -15734
 25980  -309  -515 -15721
 25990  -316  -524 -15715
 26000  -336  -530 -15730
 26010  -334  -534 -15729
 26020  -319  -538 -15716
 26030  -312  -519 -15724
 26040  -301  -533 -15720
 26050  -325  -526 -15728
 26060  -303  -513 -15717
 26070  -305  -520 -15703
 26080  -317  -538 -15705
 26090  -305  -529 -15688
 26100  -306  -541 -15712
 26110  -329  -524 -15691
 26120  -297  -531 -15720
 26130  -288  -512 -15699
 26140  -308  -522 -15695
 26150  -301  -524 -15728
 26160  -305  -536 -15705
 26170  -315  -510 -15683
 26180  -321  -546 -15715
 26190  -312  -533 -15687
 26200  -320  -525 -15670
 26210  -309  -527 -15685
 26220  -334  -519 -15710
 26230  -321  -521 -15691
 26240  -298  -520 -15665
 26250  -316  -535 -15677
 26260  -309  -523 -15679
 26270  -304  -518 -15676
 26280  -327  -527 -15680
 26290  -317  -537 -15693
 26300  -320  -531 -15680
 26310  -323  -517 -15697
 26320  -322  -522 -15680
 26330  -311  -527 -15673
 26340  -327  -533 -15670
 26350  -305  -526 -15673
 26360  -313  -543 -15667
 26370  -317  -525 -15691
 26380  -321  -529 -15695
 26390  -314  -524 -15658
 26400  -330  -511 -15685
 26410  -332  -550 -15655
 26420  -307  -535 -15699
 26430  -293  -534 -15667
 26440  -323  -526 -15685
 26450  -310  -541 -15691
 26460  -298  -539 -15695
 26470  -331  -545 -15687
 26480  -309  -515 -15699
 26490  -306  -525 -15694
 26500  -315  -522 -15684
 26510  -300  -536 -15665
 26520  -308  -532 -15665
 26530  -323  -542 -15689
 26540  -302  -538 -15678
 26550  -323  -515 -15663
 26560  -311  -536 -15667
 26570  -306  -526 -15691
 26580  -308  -531 -15656
 26590  -319  -527 -15689
 26600  -327  -539 -15690
 26610  -305  -537 -15702
 26620  -315  -517 -15677
 26630  -312  -514 -15700
 26640  -319  -533 -15696
 26650  -327  -543 -15681
 26660  -298  -543 -15711
 26670  -306  -548 -15688
 26680  -315  -525 -15694
 26690  -293  -529 -15700
 26700  -281  -524 -15702
 26710  -319  -526 -15685
 26720  -329  -513 -15693
 26730  -342  -527 -15705
 26740  -327  -552 -15729
 26750  -326  -534 -15718
 26760  -299  -525 -15709
 26770  -302  -538 -15700
 26780  -310  -519 -15718
 26790  -302  -526 -15723
 26800  -319  -534 -15754
 26810  -300  -535 -15741
 26820  -316  -536 -15738
 26830  -326  -536 -15714
 26840  -341  -556 -15748
 26850  -311  -531 -15760
 26860  -294  -542 -15730
 26870  -313  -538 -15765
 26880  -310  -521 -15743
 26890  -327  -538 -15728
 26900  -319  -535 -15746
 26910  -338  -549 -15752
 26920  -310  -547 -15768
 26930  -309  -529 -15710
 26940  -319  -537 -15739
 26950  -326  -535 -15764
 26960  -322  -539 -15765
 26970  -318  -535 -15776
 26980  -308  -556 -15768
 26990  -319  -538 -15778
 27000  -321  -520 -15772
 27010  -306  -525 -15772
 27020  -328  -535 -15758
 27030  -325  -529 -15774
 27040  -335  -530 -15761
 27050  -307  -530 -15794
 27060  -320  -548 -15778
 27070  -336  -540 -15773
 27080  -299  -527 -15779
 27090  -326  -531 -15766
 27100  -308  -537 -15790
 27110  -332  -521 -15776
 27120  -318  -530 -15777
 27130  -325  -524 -15796
 27140  -301  -545 -15791
 27150  -315  -545 -15784
 27160  -311  -533 -15773
 27170  -300  -535 -15769
 27180  -319  -559 -15779
 27190  -320  -544 -15789
 27200  -333  -523 -15770
 27210  -306  -516 -15765
 27220  -322  -529 -15785
 27230  -311  -543 -15758
 27240  -331  -541 -15785
 27250  -317  -535 -15767
 27260  -304  -510 -15792
 27270  -308  -545 -15754
 27280  -330  -530 -15772
 27290  -334  -562 -15757
 27300  -349  -513 -15787
 27310  -332  -507 -15808
 27320  -293  -525 -15781
 27330  -314  -540 -15776
 27340  -303  -520 -15777
 27350  -302  -544 -15767
 27360  -297  -522 -15759
 27370  -321  -535 -15760
 27380  -312  -544 -15757
 27390  -314  -538 -15737
 27400  -320  -524 -15748
 27410  -301  -510 -15752
 27420  -300  -509 -15728
 27430  -343  -532 -15726
 27440  -317  -538 -15755
 27450  -329  -532 -15718
 27460  -319  -528 -15706
 27470  -323  -540 -15757
 27480  -308  -530 -15734
 27490  -349  -518 -15695
 27500  -345  -544 -15735
 27510  -332  -582 -15749
 27520  -272  -493 -15724
 27530  -297  -466 -15715
 27540  -338  -562 -15697
 27550  -324  -525 -15707
 27560  -330  -515 -15711
 27570  -327  -544 -15716
 27580  -301  -525 -15716
 27590  -317  -514 -15694
 27600  -303  -490 -15684
 27610  -304  -522 -15702
 27620  -314  -544 -15699
 27630  -310  -512 -15686
 27640  -312  -538 -15727
 27650  -316  -538 -15696
 27660  -330  -508 -15699
 27670  -324  -558 -15673
 27680  -318  -524 -15669
 27690  -338  -486 -15696
 27700  -309  -506 -15685
 27710  -300  -526 -15661
 27720  -334  -513 -15669
 27730  -320  -515 -15705
 27740  -284  -533 -15694
 27750  -309  -547 -15645
 27760  -298  -518 -15656
 27770  -328  -526 -15647
 27780  -307  -532 -15655
 27790  -322  -533 -15650
 27800  -346  -533 -15648
 27810  -304  -528 -15660
 27820  -295  -537 -15662
 27830  -300  -514 -15672
 27840  -319  -519 -15650
 27850  -302  -534 -15669
 27860  -336  -520 -15649
 27870  -338  -529 -15635
 27880  -313  -544 -15620
 27890  -320  -552 -15645
 27900  -289  -513 -15651
 27910  -289  -529 -15642
 27920  -290  -537 -15653
 27930  -322  -517 -15627
 27940  -308  -515 -15627
 27950  -341  -522 -15639
 27960  -317  -518 -15654
 27970  -323  -515 -15662
 27980  -283  -528 -15653
 27990  -307  -537 -15651
 28000  -297  -523 -15637
 28010  -312  -529 -15647
 28020  -315  -534 -15638
 28030  -314  -536 -15642
 28040  -338  -546 -15625
 28050  -320  -518 -15625
 28060  -322  -517 -15636
 28070  -330  -540 -15634
 28080  -310  -526 -15650
 28090  -303  -509 -15599
 28100  -294  -535 -15626
 28110  -319  -547 -15649
 28120  -305  -515 -15666
 28130  -313  -545 -15625
 28140  -325  -551 -15652
 28150  -303  -535 -15660
 28160  -311  -526 -15665
 28170  -309  -527 -15651
 28180  -311  -527 -15670
 28190  -304  -528 -15638
 28200  -308  -547 -15673
 28210  -325  -540 -15671
 28220  -308  -542 -15690
 28230  -315  -553 -15649
 28240  -303  -524 -15676
 28250  -306  -522 -15669
 28260  -321  -525 -15666
 28270  -313  -520 -15638
 28280  -321  -537 -15661
 28290  -322  -536 -15665
 28300  -318  -539 -15705
 28310  -300  -525 -15684
 28320  -316  -536 -15685
 28330  -340  -524 -15692
 28340  -318  -529 -15721
 28350  -313  -515 -15718
 28360  -327  -540 -15695
 28370  -317  -532 -15700
 28380  -302  -545 -15707
 28390  -309  -535 -15705
 28400  -339  -529 -15714
 28410  -305  -524 -15719
 28420  -326  -508 -15677
 28430  -320  -526 -15684
 28440  -306  -535 -15716
 28450  -295  -528 -15728
 28460  -306  -524 -15717
 28470  -321  -528 -15712
 28480  -322  -531 -15713
 28490  -341  -516 -15741
 28500  -327  -529 -15733
 28510  -334  -508 -15742
 28520  -318  -533 -15738
 28530  -339  -526 -15768
 28540  -322  -532 -15730
 28550  -318  -535 -15731
 28560  -302  -518 -15731
 28570  -295  -531 -15720
 28580  -329  -535 -15722
 28590  -333  -536 -15724
 28600  -318  -535 -15735
 28610  -318  -539 -15739
 28620  -311  -534 -15728
 28630  -312  -531 -15729
 28640  -327  -526 -15723
 28650  -297  -527 -15703
 28660  -315  -536 -15739
 28670  -316  -515 -15749
 28680  -311  -533 -15738
 28690  -341  -540 -15745
 28700  -320  -548 -15721
 28710  -341  -535 -15705
 28720  -309  -521 -15733
 28730  -292  -524 -15749
 28740  -299  -519 -15728
 28750  -326  -535 -15710
 28760  -313  -523 -15742
 28770  -308  -523 -15718
 28780  -325  -535 -15733
 28790  -319  -529 -15747
 28800  -323  -502 -15725
 28810  -317  -522 -15748
 28820  -320  -506 -15726
 28830  -303  -539 -15732
 28840  -329  -533 -15709
 28850  -317  -535 -15699
 28860  -300  -533 -15714
 28870  -309  -515 -15708
 28880  -302  -528 -15706
 28890  -329  -527 -15718
 28900  -338  -539 -15701
 28910  -322  -537 -15693
 28920  -309  -521 -15701
 28930  -308  -519 -15721
 28940  -311  -532 -15695
 28950  -327  -522 -15700
 28960  -305  -527 -15705
 28970  -314  -502 -15714
 28980  -283  -510 -15700
 28990  -324  -521 -15697
 29000  -293  -530 -15712
 29010  -322  -539 -15696
 29020  -326  -521 -15679
 29030  -305  -524 -15681
 29040  -325  -514 -15699
 29050  -330  -510 -15648
 29060  -311  -520 -15664
 29070  -301  -530 -15678
 29080  -327  -532 -15667
 29090  -312  -529 -15688
 29100  -319  -529 -15666
 29110  -294  -529 -15670
 29120  -313  -527 -15689
 29130  -313  -519 -15689
 29140  -318  -525 -15650
 29150  -307  -506 -15654
 29160  -320  -526 -15680
 29170  -319  -541 -15643
 29180  -315  -528 -15675
 29190  -300  -516 -15669
 29200  -302  -525 -15642
 29210  -322  -525 -15653
 29220  -323  -548 -15669
 29230  -308  -539 -15654
 29240  -301  -511 -15645
 29250  -325  -537 -15653
 29260  -298  -524 -15670
 29270  -295  -526 -15631
 29280  -292  -523 -15668
 29290  -314  -522 -15652
 29300  -339  -523 -15654
 29310  -326  -520 -15629
 29320  -325  -522 -15644
 29330  -301  -526 -15670
 29340  -329  -537 -15656
 29350  -341  -524 -15663
 29360  -303  -519 -15660
 29370  -297  -534 -15656
 29380  -285  -511 -15662
 29390  -317  -542 -15660
 29400  -319  -527 -15648
 29410  -328  -523 -15659
 29420  -301  -528 -15657
 29430  -311  -523 -15640
 29440  -316  -541 -15658
 29450  -310  -515 -15671
 29460  -290  -516 -15640
 29470  -300  -518 -15673
 29480  -310  -517 -15657
 29490  -324  -529 -15683
 29500  -301  -515 -15683
 29510  -317  -524 -15647
 29520  -327  -527 -15682
 29530  -309  -519 -15685
 29540  -322  -526 -15661
 29550  -315  -538 -15660
 29560  -311  -531 -15706
 29570  -313  -542 -15671
 29580  -314  -510 -15671
 29590  -324  -538 -15699
 29600  -286  -519 -15677
 29610  -321  -525 -15652
 29620  -331  -525 -15659
 29630  -319  -529 -15679
 29640  -315  -521 -15709
 29650  -311  -531 -15704
 29660  -328  -529 -15708
 29670  -314  -532 -15733
 29680  -317  -523 -15727
 29690  -318  -527 -15718
 29700  -303  -515 -15726
 29710  -315  -527 -15721
 29720  -316  -526 -15695
 29730  -335  -519 -15711
 29740  -316  -530 -15711
 29750  -319  -539 -15710
 29760  -305  -512 -15728
 29770  -298  -515 -15753
 29780  -312  -531 -15723
 29790  -313  -523 -15735
 29800  -305  -524 -15723
 29810  -287  -533 -15727
 29820  -332  -523 -15712
 29830  -329  -535 -15738
 29840  -323  -543 -15755
 29850  -307  -532 -15734
 29860  -336  -526 -15738
 29870  -309  -526 -15744
 29880  -321  -534 -15740
 29890  -322  -545 -15740
 29900  -316  -526 -15721
 29910  -283  -531 -15736
 29920  -324  -533 -15735
 29930  -328  -538 -15717
 29940  -304  -528 -15732
 29950  -324  -542 -15725
 29960  -311  -530 -15729
 29970  -332  -529 -15698
 29980  -330  -516 -15749
 29990  -325  -520 -15752
 30000  -305  -534 -15750
 30010  -327  -537 -15749
 30020  -296  -527 -15723
 30030  -324  -527 -15748
 30040  -304  -522 -15777
 30050  -310  -526 -15741
 30060  -316  -519 -15754
 30070  -309  -513 -15761
 30080  -319  -527 -15713
 30090  -302  -538 -15736
 30100  -305  -537 -15738
 30110  -310  -534 -15717
 30120  -321  -520 -15729
 30130  -323  -521 -15747
 30140  -315  -559 -15738
 30150  -323  -524 -15726
 30160  -335  -523 -15720
 30170  -292  -522 -15738
 30180  -326  -542 -15713
 30190  -308  -529 -15735
 30200  -311  -529 -15716
 30210  -320  -505 -15720
 30220  -302  -526 -15712
 30230  -314  -529 -15732
 30240  -316  -513 -15718
 30250  -308  -533 -15708
 30260  -299  -533 -15707
 30270  -340  -529 -15719
 30280  -317  -536 -15697
 30290  -309  -507 -15702
 30300  -337  -516 -15691
 30310  -317  -526 -15688
 30320  -312  -511 -15729
 30330  -317  -523 -15676
 30340  -307  -519 -15713
 30350  -320  -521 -15681
 30360  -306  -514 -15675
 30370  -305  -522 -15680
 30380  -309  -523 -15680
 30390  -304  -530 -15677
 30400  -308  -535 -15689
 30410  -316  -520 -15671
 30420  -308  -518 -15673
 30430  -306  -513 -15641
 30440  -297  -525 -15659
 30450  -321  -528 -15650
 30460  -327  -540 -15663
 30470  -304  -511 -15660
 30480  -309  -521 -15680
 30490  -305  -512 -15665
 30500  -313  -527 -15650
 30510  -337  -526 -15665
 30520  -320  -510 -15674
 30530  -310  -520 -15657
 30540  -327  -513 -15654
 30550  -312  -520 -15637
 30560  -321  -526 -15618
 30570  -319  -524 -15649
 30580  -302  -522 -15634
 30590  -321  -529 -15637
 30600  -310  -530 -15652
 30610  -315  -523 -15650
 30620  -296  -537 -15641
 30630  -305  -521 -15658
 30640  -311  -522 -15641
 30650  -319  -523 -15636
 30660  -313  -521 -15648
 30670  -320  -530 -15613
 30680  -314  -545 -15660
 30690  -333  -533 -15650
 30700  -315  -535 -15619
 30710  -299  -525 -15656
 30720  -316  -523 -15660
 30730  -290  -528 -15675
 30740  -313  -517 -15638
 30750  -324  -535 -15635
 30760  -329  -527 -15634
 30770  -324  -531 -15627
 30780  -299  -547 -15650
 30790  -315  -534 -15656
 30800  -311  -517 -15663
 30810  -309  -535 -15656
 30820  -326  -532 -15676
 30830  -297  -514 -15670
 30840  -304  -527 -15672
 30850  -286  -526 -15687
 30860  -312  -536 -15639
 30870  -317  -519 -15655
 30880  -307  -534 -15689
 30890  -310  -519 -15678
 30900  -321  -537 -15679
 30910  -311  -535 -15679
 30920  -312  -528 -15643
 30930  -327  -504 -15692
 30940  -310  -519 -15685
 30950  -305  -529 -15665
 30960  -322  -542 -15659
 30970  -337  -519 -15687
 30980  -305  -555 -15696
 30990  -321  -536 -15674
 31000  -308  -541 -15682
 31010  -315  -533 -15687
 31020  -322  -528 -15700
 31030  -319  -519 -15695
 31040  -321  -536 -15698
 31050  -319  -547 -15714
 31060  -305  -533 -15684
 31070  -303  -544 -15703
 31080  -319  -529 -15694
 31090  -311  -544 -15711
 31100  -313  -533 -15717
 31110  -323  -525 -15737
 31120  -318  -530 -15694
 31130  -322  -527 -15738
 31140  -304  -521 -15757
 31150  -303  -538 -15706
 31160  -322  -544 -15749
 31170  -323  -526 -15737
 31180  -317  -532 -15740
 31190  -320  -532 -15737
 31200  -305  -537 -15756
 31210  -319  -550 -15739
 31220  -317  -527 -15756
 31230  -310  -529 -15738
 31240  -313  -537 -15750
 31250  -331  -536 -15738
 31260  -326  -558 -15744
 31270  -304  -532 -15750
 31280  -320  -551 -15750
 31290  -336  -533 -15748
 31300  -306  -527 -15766
 31310  -337  -545 -15771
 31320  -309  -537 -15776
 31330  -318  -533 -15768
 31340  -332  -537 -15737
 31350  -314  -529 -15765
 31360  -337  -543 -15758
 31370  -335  -529 -15742
 31380  -337  -544 -15776
 31390  -318  -541 -15792
 31400  -309  -538 -15780
 31410  -312  -538 -15780
 31420  -313  -547 -15760
 31430  -331  -541 -15766
 31440  -325  -533 -15776
 31450  -313  -525 -15782
 31460  -318  -553 -15776
 31470  -323  -543 -15731
 31480  -333  -539 -15770
 31490  -334  -535 -15795
 31500  -304  -545 -15782
 31510  -317  -532 -15772
 31520  -322  -549 -15768
 31530  -312  -544 -15743
 31540  -305  -535 -15750
 31550  -333  -531 -15751
 31560  -323  -524 -15734
 31570  -315  -521 -15776
 31580  -321  -525 -15755
 31590  -318  -515 -15758
 31600  -328  -536 -15767
 31610  -337  -539 -15768
 31620  -303  -506 -15745
 31630  -316  -535 -15768
 31640  -312  -527 -15743
 31650  -307  -528 -15805
 31660  -321  -526 -15764
 31670  -320  -520 -15752
 31680  -336  -535 -15761
 31690  -313  -519 -15731
 31700  -329  -536 -15738
 31710  -321  -516 -15755
 31720  -314  -529 -15749
 31730  -334  -515 -15714
 31740  -330  -542 -15740
 31750  -313  -533 -15733
 31760  -312  -512 -15736
 31770  -311  -516 -15753
 31780  -330  -521 -15728
 31790  -325  -522 -15741
 31800  -326  -545 -15703
 31810  -307  -515 -15732
 31820  -322  -522 -15755
 31830  -312  -524 -15732
 31840  -317  -537 -15728
 31850  -313  -533 -15738
 31860  -323  -540 -15701
 31870  -313  -535 -15720
 31880  -306  -533 -15722
 31890  -338  -534 -15717
 31900  -313  -529 -15712
 31910  -306  -517 -15713
 31920  -317  -553 -15735
 31930  -309  -523 -15713
 31940  -303  -533 -15717
 31950  -308  -541 -15708
 31960  -315  -545 -15710
 31970  -304  -539 -15714
 31980  -319  -512 -15728
