  3100   211 15050   357
  3110   214 15153   365
  3120   198 15238   354
  3130   216 15302   374
  3140   210 15402   389
  3150   241 15471   380
  3160   218 15583   393
  3170   240 15661   393
  3180   222 15758   381
  3190   246 15832   382
  3200   229 15950   380
  3210   251 16022   404
  3220   242 16085   397
  3230   251 16179   396
  3240   238 16224   383
  3250   231 16283   392
  3260   237 16373   387
  3270   244 16411   388
  3280   259 16462   404
  3290   248 16464   406
  3300   254 16515   390
  3310   244 16557   383
  3320   261 16592   396
  3330   250 16599   396
  3340   255 16628   402
  3350   262 16635   404
  3360   263 16629   392
  3370   232 16636   381
  3380   243 16655   389
  3390   259 16634   372
  3400   240 16621   401
  3410   253 16641   411
  3420   246 16654   394
  3430   233 16647   392
  3440   264 16670   391
  3450   261 16646   408
  3460   241 16640   398
  3470   247 16651   414
  3480   252 16642   392
  3490   236 16651   400
  3500   258 16650   394
  3510   263 16638   399
  3520   254 16641   425
  3530   248 16634   386
  3540   253 16639   394
  3550   239 16646   385
  3560   236 16629   401
  3570   246 16631   419
  3580   231 16620   414
  3590   245 16614   392
  3600   252 16641   413
  3610   245 16608   406
  3620   248 16644   376
  3630   252 16618   406
  3640   226 16616   388
  3650   241 16624   405
  3660   251 16600   401
  3670   250 16578   410
  3680   246 16597   421
  3690   235 16599   378
  3700   275 16571   401
  3710   245 16591   386
  3720   251 16565   396
  3730   255 16540   390
  3740   248 16563   409
  3750   229 16547   400
  3760   229 16535   405
  3770   239 16533   395
  3780   262 16546   378
  3790   231 16539   373
  3800   247 16520   405
  3810   249 16515   390
  3820   244 16504   410
  3830   254 16499   404
  3840   267 16499   426
  3850   246 16487   377
  3860   246 16478   383
  3870   258 16472   409
  3880   256 16435   377
  3890   258 16453   404
  3900   250 16451   376
  3910   229 16432   389
  3920   235 16428   402
  3930   248 16430   404
  3940   252 16405   382
  3950   241 16413   399
  3960   251 16409   386
  3970   241 16390   371
  3980   241 16399   387
  3990   230 16386   406
  4000   229 16378   382
  4010   265 16385   406
  4020   266 16344   391
  4030   238 16347   400
  4040   230 16341   382
  4050   225 16336   390
  4060   237 16340   422
  4070   250 16317   404
  4080   259 16337   376
  4090   251 16314   379
  4100   243 16317   358
  4110   249 16268   388
  4120   260 16316   396
  4130   235 16300   395
  4140   226 16294   377
  4150   241 16241   404
  4160   251 16285   412
  4170   253 16258   373
  4180   250 16258   394
  4190   254 16253   392
  4200   238 16234   392
  4210   245 16242   383
  4220   210 16224   381
  4230   244 16234   390
  4240   231 16228   402
  4250   259 16215   418
  4260   227 16200   399
  4270   241 16215   380
  4280   243 16221   401
  4290   252 16227   395
  4300   240 16220   372
  4310   253 16200   395
  4320   243 16205   386
  4330   251 16199   404
  4340   234 16207   378
  4350   255 16197   394
  4360   238 16189   386
  4370   226 16200   411
  4380   252 16207   396
  4390   249 16213   389
  4400   257 16192   384
  4410   233 16205   408
  4420   260 16192   385
  4430   234 16178   408
  4440   250 16203   400
  4450   257 16183   389
  4460   254 16190   392
  4470   253 16181   365
  4480   237 16190   385
  4490   226 16188   386
  4500   227 16211   390
  4510   232 16192   384
  4520   215 16192   381
  4530   226 16170   390
  4540   238 16199   384
  4550   224 16189   396
  4560   248 16215   386
  4570   238 16184   394
  4580   225 16196   389
  4590   255 16193   382
  4600   228 16182   388
  4610   243 16216   398
  4620   248 16212   388
  4630   222 16224   418
  4640   221 16237   389
  4650   222 16214   377
  4660   243 16209   414
  4670   259 16196   403
  4680   245 16203   409
  4690   235 16225   416
  4700   254 16204   385
  4710   231 16211   405
  4720   245 16192   381
  4730   222 16214   387
  4740   230 16203   414
  4750   214 16231   380
  4760   235 16196   410
  4770   214 16192   400
  4780   230 16212   403
  4790   219 16199   391
  4800   223 16200   395
  4810   236 16199   400
  4820   227 16206   396
  4830   195 16211   412
  4840   242 16182   414
  4850   217 16171   405
  4860   249 16168   386
  4870   255 16175   447
  4880   274 16165   379
  4890   158 16171   326
  4900    36 16155   348
  4910    98 16161   390
  4920   288 16191   449
  4930   431 16158   457
  4940   447 16161   422
  4950   350 16144   397
  4960   201 16159   369
  4970    21 16117   345
  4980    77 16102   349
  4990   215 16125   376
  5000   272 16120   431
  5010   314 16103   414
  5020   282 16119   385
  5030   225 16078   367
  5040   202 16066   328
  5050   214 16111   382
  5060   228 16072   386
  5070   226 16050   372
  5080   196 16054   363
  5090   213 16043   385
  5100   231 16030   391
  5110   265 16040   397
  5120   255 16019   357
  5130   244 15994   388
  5140   227 16007   414
  5150   219 15994   397
  5160   229 15981   367
  5170   213 15967   353
  5180   217 15964   347
  5190   224 15969   385
  5200   224 15984   416
  5210   231 15940   423
  5220   232 15941   407
  5230   266 15923   393
  5240   269 15915   384
  5250   243 15901   395
  5260   199 15903   367
  5270   206 15885   349
  5280   215 15906   373
  5290   226 15890   400
  5300   234 15856   427
  5310   238 15862   431
  5320   247 15881   391
  5330   237 15853   368
  5340   235 15828   373
  5350   232 15832   354
  5360   233 15817   379
  5370   242 15830   389
  5380   231 15805   392
  5390   216 15796   405
  5400   196 15803   408
  5410   209 15767   376
  5420   218 15758   381
  5430   258 15769   382
  5440   264 15762   384
  5450   233 15772   381
  5460   245 15787   381
  5470   215 15780   377
  5480   218 15763   383
  5490   193 15766   376
  5500   219 15772   351
  5510   211 15769   384
  5520   274 15794   359
  5530   276 15775   373
  5540   261 15759   391
  5550   228 15777   379
  5560   176 15736   398
  5570   187 15766   381
  5580   222 15779   396
  5590   212 15757   386
  5600   238 15791   387
  5610   266 15775   384
  5620   260 15801   392
  5630   235 15780   366
  5640   220 15813   373
  5650   184 15821   384
  5660   196 15820   373
  5670   214 15820   374
  5680   244 15820   399
  5690   232 15812   394
  5700   254 15824   393
  5710   253 15838   377
  5720   232 15838   370
  5730   227 15818   350
  5740   209 15821   379
  5750   221 15845   362
  5760   225 15821   376
  5770   228 15835   404
  5780   263 15828   405
  5790   226 15816   392
  5800   243 15844   384
  5810   249 15865   362
  5820   244 15844   382
  5830   212 15852   379
  5840   227 15848   380
  5850   229 15856   400
  5860   239 15851   391
  5870   235 15867   385
  5880   240 15844   404
  5890   227 15860   368
  5900   248 15829   383
  5910   222 15849   355
  5920   220 15864   373
  5930   246 15873   384
  5940   230 15846   376
  5950   217 15854   405
  5960   220 15848   372
  5970   237 15858   398
  5980   238 15840   360
  5990   221 15852   363
  6000   224 15899   372
  6010   228 15874   369
  6020   232 15850   364
  6030   221 15882   386
  6040   234 15859   386
  6050   247 15868   390
  6060   221 15852   400
  6070   246 15869   393
  6080   260 15865   391
  6090   227 15848   374
  6100   232 15831   383
  6110   239 15832   388
  6120   229 15822   365
  6130   236 15864   376
  6140   237 15846   379
  6150   217 15841   375
  6160   226 15835   396
  6170   229 15852   370
  6180   222 15851   378
  6190   237 15847   382
  6200   231 15820   377
  6210   224 15808   380
  6220   209 15817   377
  6230   214 15829   373
  6240   229 15809   370
  6250   237 15810   358
  6260   222 15827   377
  6270   248 15814   380
  6280   232 15789   391
  6290   232 15785   367
  6300   218 15798   372
  6310   204 15812   357
  6320   237 15827   368
  6330   244 15798   375
  6340   252 15786   364
  6350   221 15785   385
  6360   210 15783   368
  6370   238 15783   381
  6380   213 15763   376
  6390   204 15776   391
  6400   228 15775   362
  6410   234 15738   384
  6420   237 15730   380
  6430   231 15740   381
  6440   236 15710   376
  6450   232 15746   383
  6460   240 15740   357
  6470   219 15746   406
  6480   240 15754   381
  6490   234 15760   387
  6500   225 15750   365
  6510   205 15776   409
  6520   236 15754   397
  6530   240 15763   364
  6540   242 15759   368
  6550   259 15773   348
  6560   243 15737   383
  6570   246 15723   381
  6580   222 15742   389
  6590   224 15744   396
  6600   231 15759   368
  6610   236 15743   384
  6620   239 15753   376
  6630   226 15772   366
  6640   226 15778   400
  6650   246 15802   358
  6660   227 15798   393
  6670   237 15814   392
  6680   228 15818   403
  6690   234 15851   411
  6700   236 15810   389
  6710   224 15802   370
  6720   238 15804   379
  6730   226 15795   364
  6740   251 15799   404
  6750   233 15765   376
  6760   236 15798   398
  6770   218 15820   378
  6780   224 15786   383
  6790   250 15766   389
  6800   228 15806   372
  6810   237 15820   388
  6820   232 15834   371
  6830   220 15799   378
  6840   233 15808   392
  6850   215 15820   376
  6860   230 15805   355
  6870   242 15794   396
  6880   224 15816   386
  6890   238 15807   355
  6900   237 15791   378
  6910   247 15787   371
  6920   239 15789   378
  6930   239 15807   355
  6940   242 15807   378
  6950   244 15802   382
  6960   230 15809   391
  6970   234 15819   366
  6980   221 15810   392
  6990   230 15835   355
  7000   241 15841   382
  7010   207 15814   382
  7020   220 15824   386
  7030   225 15846   388
  7040   219 15838   374
  7050   229 15851   392
  7060   222 15836   375
  7070   266 15827   368
  7080   229 15838   403
  7090   233 15826   383
  7100   230 15833   371
  7110   234 15834   387
  7120   248 15841   384
  7130   242 15852   373
  7140   240 15835   387
  7150   234 15860   394
  7160   254 15842   373
  7170   257 15865   368
  7180   236 15838   386
  7190   252 15843   381
  7200   232 15855   376
  7210   232 15868   377
  7220   245 15838   359
  7230   233 15837   384
  7240   239 15859   388
  7250   225 15859   378
  7260   229 15861   387
  7270   235 15844   367
  7280   248 15840   382
  7290   228 15856   378
  7300   241 15843   350
  7310   234 15846   376
  7320   244 15881   403
  7330   232 15865   386
  7340   231 15874   400
  7350   217 15884   372
  7360   227 15867   403
  7370   250 15851   393
  7380   243 15846   387
  7390   229 15854   388
  7400   228 15878   394
  7410   248 15867   393
  7420   237 15879   382
  7430   216 15844   388
  7440   227 15851   386
  7450   239 15838   358
  7460   228 15837   400
  7470   222 15835   381
  7480   212 15847   378
  7490   228 15861   382
  7500   236 15842   385
  7510   237 15867   399
  7520   238 15855   389
  7530   236 15831   385
  7540   239 15843   369
  7550   258 15837   392
  7560   229 15816   383
  7570   209 15817   357
  7580   239 15814   363
  7590   243 15821   384
  7600   231 15810   386
  7610   216 15805   390
  7620   221 15788   403
  7630   230 15802   375
  7640   228 15785   389
  7650   227 15797   380
  7660   223 15812   376
  7670   221 15816   377
  7680   218 15801   370
  7690   221 15785   403
  7700   233 15775   377
  7710   233 15777   387
  7720   234 15802   361
  7730   215 15771   370
  7740   243 15730   384
  7750   217 15743   366
  7760   254 15742   378
  7770   220 15719   391
  7780   216 15725   383
  7790   241 15723   366
  7800   233 15718   364
  7810   218 15741   380
  7820   219 15749   364
  7830   206 15765   366
  7840   252 15752   370
  7850   225 15768   377
  7860   243 15760   394
  7870   225 15766   359
  7880   226 15768   396
  7890   231 15774   392
  7900   249 15760   384
  7910   206 15761   370
  7920   242 15770   377
  7930   235 15776   385
  7940   221 15746   370
  7950   232 15752   387
  7960   219 15782   379
  7970   237 15782   384
  7980   238 15803   384
  7990   244 15822   373
  8000   236 15796   367
  8010   239 15824   413
  8020   241 15822   398
  8030   233 15815   398
  8040   242 15835   371
  8050   227 15837   375
  8060   231 15813   381
  8070   236 15814   384
  8080   239 15794   387
  8090   213 15797   357
  8100   223 15807   359
  8110   250 15799   369
  8120   241 15806   382
  8130   241 15798   384
  8140   232 15765   387
  8150   239 15796   372
  8160   218 15786   370
  8170   233 15822   374
  8180   241 15823   363
  8190   222 15840   377
  8200   248 15845   368
  8210   249 15819   374
  8220   239 15797   377
  8230   206 15804   392
  8240   219 15807   380
  8250   239 15808   355
  8260   224 15791   370
  8270   224 15802   363
  8280   235 15778   384
  8290   230 15789   382
  8300   218 15808   396
  8310   235 15808   387
  8320   232 15815   402
  8330   230 15822   385
  8340   250 15829   379
  8350   250 15833   387
  8360   238 15843   371
  8370   220 15821   379
  8380   232 15846   379
  8390   235 15868   403
  8400   250 15841   404
  8410   233 15834   401
  8420   219 15832   398
  8430   227 15835   408
  8440   233 15828   384
  8450   250 15813   371
  8460   230 15831   382
  8470   235 15829   398
  8480   215 15824   380
  8490   225 15882   367
  8500   240 15880   392
  8510   218 15860   389
  8520   232 15852   388
  8530   257 15839   360
  8540   229 15850   380
  8550   202 15852   391
  8560   220 15852   372
  8570   254 15848   378
  8580   220 15835   379
  8590   229 15830   369
  8600   218 15844   379
  8610   240 15868   375
  8620   231 15819   388
  8630   216 15861   393
  8640   216 15861   388
  8650   239 15858   382
  8660   228 15838   376
  8670   242 15866   369
  8680   253 15865   368
  8690   225 15854   346
  8700   217 15850   391
  8710   220 15866   396
  8720   244 15853   382
  8730   242 15851   375
  8740   236 15838   378
  8750   229 15852   383
  8760   218 15843   382
  8770   235 15825   370
  8780   223 15832   399
  8790   233 15842   376
  8800   234 15849   391
  8810   233 15855   402
  8820   225 15844   402
  8830   228 15824   382
  8840   222 15838   390
  8850   220 15833   382
  8860   254 15853   378
  8870   245 15852   384
  8880   232 15830   388
  8890   229 15816   380
  8900   237 15803   364
  8910   249 15815   383
  8920   233 15796   392
  8930   223 15796   391
  8940   244 15792   390
  8950   210 15786   387
  8960   228 15833   367
  8970   224 15800   384
  8980   231 15800   359
  8990   242 15802   373
  9000   227 15810   377
  9010   232 15812   377
  9020   248 15803   381
  9030   228 15796   383
  9040   242 15802   362
  9050   230 15772   368
  9060   209 15769   389
  9070   250 15768   387
  9080   244 15752   376
  9090   227 15730   386
  9100   229 15784   392
  9110   234 15760   352
  9120   209 15721   373
  9130   233 15736   386
  9140   247 15740   391
  9150   219 15729   400
  9160   231 15729   371
  9170   241 15737   383
  9180   226 15760   379
  9190   240 15785   378
  9200   227 15769   401
  9210   238 15757   370
  9220   232 15762   385
  9230   228 15799   402
  9240   223 15777   381
  9250   209 15784   383
  9260   222 15763   373
  9270   238 15761   373
  9280   229 15757   375
  9290   225 15792   383
  9300   243 15793   377
  9310   229 15769   391
  9320   233 15795   386
  9330   243 15811   403
  9340   234 15821   408
  9350   222 15852   363
  9360   220 15835   385
  9370   230 15846   374
  9380   220 15848   405
  9390   220 15861   392
  9400   239 15842   376
  9410   234 15828   382
  9420   225 15816   394
  9430   236 15822   399
  9440   239 15805   365
  9450   234 15817   394
  9460   240 15807   377
  9470   216 15798   393
  9480   244 15799   388
  9490   242 15809   375
  9500   251 15802   385
  9510   247 15800   375
  9520   211 15803   376
  9530   218 15824   372
  9540   232 15812   406
  9550   233 15823   381
  9560   245 15824   388
  9570   248 15819   377
  9580   238 15818   379
  9590   253 15801   371
  9600   236 15784   408
  9610   246 15796   389
  9620   222 15776   358
  9630   226 15767   382
  9640   230 15787   390
  9650   223 15817   387
  9660   239 15823   380
  9670   236 15840   381
  9680   252 15840   385
  9690   256 15843   379
  9700   222 15842   375
  9710   231 15849   381
  9720   227 15843   379
  9730   233 15822   387
  9740   237 15847   398
  9750   238 15867   358
  9760   234 15848   382
  9770   225 15846   376
  9780   262 15823   370
  9790   228 15835   376
  9800   257 15832   376
  9810   221 15818   379
  9820   248 15821   389
  9830   213 15831   380
  9840   209 15849   363
  9850   234 15868   382
  9860   251 15841   360
  9870   231 15839   395
  9880   247 15875   383
  9890   235 15873   373
  9900   216 15857   395
  9910   218 15850   411
  9920   202 15837   401
  9930   225 15836   380
  9940   237 15866   387
  9950   215 15840   393
  9960   229 15828   355
  9970   223 15849   373
  9980   223 15831   366
  9990   248 15876   391
 10000   226 15857   381
 10010   247 15846   378
 10020   200 15854   364
 10030   233 15857   372
 10040   246 15879   363
 10050   226 15844   381
 10060   253 15861   368
 10070   210 15859   385
 10080   246 15842   394
 10090   225 15865   391
 10100   237 15851   390
 10110   214 15842   391
 10120   225 15847   387
 10130   214 15817   384
 10140   240 15848   381
 10150   229 15823   364
 10160   223 15823   387
 10170   226 15850   364
 10180   216 15820   384
 10190   224 15829   385
 10200   246 15833   370
 10210   248 15796   392
 10220   236 15802   378
 10230   239 15801   382
 10240   246 15813   377
 10250   236 15806   379
 10260   254 15810   376
 10270   227 15787   384
 10280   223 15804   372
 10290   243 15772   398
 10300   215 15779   388
 10310   230 15772   387
 10320   247 15788   386
 10330   231 15780   382
 10340   215 15774   363
 10350   240 15789   366
 10360   241 15797   382
 10370   253 15804   370
 10380   234 15790   361
 10390   214 15776   378
 10400   230 15780   380
 10410   243 15796   381
 10420   230 15787   385
 10430   249 15767   373
 10440   225 15739   380
 10450   240 15746   384
 10460   231 15743   373
 10470   218 15718   396
 10480   249 15722   374
 10490   255 15730   398
 10500   218 15725   387
 10510   220 15757   389
 10520   217 15747   398
 10530   249 15784   382
 10540   225 15772   374
 10550   206 15759   387
 10560   226 15774   372
 10570   230 15764   380
 10580   216 15761   370
 10590   234 15750   388
 10600   255 15755   365
 10610   214 15760   406
 10620   231 15771   374
 10630   236 15754   381
 10640   220 15753   379
 10650   228 15780   384
 10660   226 15757   388
 10670   231 15781   385
 10680   237 15810   375
 10690   246 15830   386
 10700   248 15817   372
 10710   228 15812   388
 10720   232 15831   392
 10730   237 15835   368
 10740   225 15826   364
 10750   225 15813   369
 10760   241 15813   374
 10770   220 15807   393
 10780   237 15813   403
 10790   241 15787   376
 10800   231 15803   366
 10810   237 15798   376
 10820   244 15787   390
 10830   235 15790   366
 10840   227 15782   397
 10850   246 15771   388
 10860   215 15795   366
 10870   248 15818   395
 10880   229 15800   377
 10890   243 15799   368
 10900   249 15779   371
 10910   221 15814   370
 10920   233 15799   394
 10930   240 15787   340
 10940   223 15790   369
 10950   240 15771   377
 10960   241 15776   386
 10970   237 15766   382
 10980   228 15788   363
 10990   204 15767   382
 11000   236 15785   381
 11010   233 15777   356
 11020   236 15819   393
 11030   229 15814   392
 11040   239 15829   363
 11050   236 15818   375
 11060   243 15806   384
 11070   230 15786   381
 11080   221 15798   395
 11090   231 15807   365
 11100   239 15796   375
 11110   227 15775   392
 11120   191 15819   395
 11130   226 15814   378
 11140   236 15804   369
 11150   224 15799   389
 11160   209 15809   415
 11170   240 15815   380
 11180   229 15789   363
 11190   213 15800   375
 11200   225 15818   375
 11210   236 15817   377
 11220   237 15802   391
 11230   246 15802   373
 11240   210 15777   379
 11250   239 15783   384
 11260   225 15778   377
 11270   215 15786   380
 11280   239 15848   380
 11290   203 15785   389
 11300   208 15788   378
 11310   227 15797   385
 11320   245 15817   372
 11330   235 15781   362
 11340   239 15777   398
 11350   245 15801   359
 11360   219 15793   373
 11370   218 15795   387
 11380   213 15807   365
 11390   210 15814   396
 11400   240 15800   380
 11410   234 15795   381
 11420   227 15787   372
 11430   245 15769   357
 11440   240 15784   384
 11450   259 15790   376
 11460   227 15756   369
 11470   232 15767   370
 11480   230 15771   391
 11490   222 15769   369
 11500   227 15743   358
 11510   219 15749   376
 11520   233 15766   387
 11530   229 15751   369
 11540   247 15737   396
 11550   224 15750   386
 11560   230 15745   370
 11570   208 15737   372
 11580   228 15741   376
 11590   253 15746   378
 11600   230 15717   374
 11610   221 15720   380
 11620   214 15721   359
 11630   243 15695   373
 11640   222 15673   366
 11650   234 15692   369
 11660   235 15679   391
 11670   233 15683   385
 11680   233 15674   361
 11690   237 15674   380
 11700   237 15655   399
 11710   265 15655   375
 11720   240 15667   376
 11730   228 15645   360
 11740   239 15652   385
 11750   237 15638   400
 11760   218 15635   373
 11770   220 15632   366
 11780   224 15613   374
 11790   211 15588   367
 11800   227 15586   398
 11810   233 15581   383
 11820   219 15583   369
 11830   243 15587   377
 11840   236 15545   383
 11850   255 15548   369
 11860   240 15551   383
 11870   225 15534   366
 11880   231 15560   362
 11890   237 15550   359
 11900   233 15535   359
 11910   228 15528   364
 11920   213 15536   380
 11930   225 15543   382
 11940   229 15511   375
 11950   241 15542   365
 11960   226 15513   375
 11970   211 15511   370
 11980   231 15505   381
 11990   240 15487   381
 12000   224 15471   396
 12010   236 15508   382
 12020   212 15497   359
 12030   235 15495   381
 12040   212 15468   368
 12050   205 15495   361
 12060   229 15509   367
 12070   239 15492   384
 12080   223 15512   376
 12090   208 15488   379
 12100   225 15487   369
 12110   236 15498   373
 12120   240 15495   361
 12130   236 15489   367
 12140   231 15490   357
 12150   230 15490   390
 12160   213 15494   385
 12170   235 15496   349
 12180   242 15494   371
 12190   222 15524   389
 12200   227 15489   372
 12210   235 15534   369
 12220   239 15514   371
 12230   236 15526   389
 12240   206 15518   392
 12250   255 15536   349
 12260   237 15516   351
 12270   225 15522   368
 12280   230 15510   375
 12290   222 15527   384
 12300   243 15549   357
 12310   203 15532   389
 12320   229 15559   359
 12330   228 15569   388
 12340   250 15526   356
 12350   227 15546   370
 12360   218 15559   363
 12370   228 15583   376
 12380   248 15591   363
 12390   215 15586   371
 12400   236 15595   387
 12410   217 15609   377
 12420   238 15589   366
 12430   227 15595   375
 12440   216 15619   379
 12450   234 15622   381
 12460   212 15612   385
 12470   247 15653   385
 12480   236 15666   391
 12490   231 15670   401
 12500   241 15661   368
 12510   242 15677   361
 12520   218 15673   376
 12530   223 15689   371
 12540   221 15685   392
 12550   226 15717   380
 12560   254 15713   365
 12570   222 15720   392
 12580   216 15772   390
 12590   216 15757   386
 12600   226 15752   365
 12610   220 15733   380
 12620   217 15750   393
 12630   238 15769   386
 12640   224 15774   382
 12650   244 15797   384
 12660   251 15791   377
 12670   232 15768   394
 12680   236 15815   398
 12690   214 15824   386
 12700   230 15804   364
 12710   227 15815   383
 12720   225 15831   373
 12730   241 15855   372
 12740   225 15863   372
 12750   215 15869   367
 12760   215 15873   382
 12770   240 15860   384
 12780   239 15857   374
 12790   218 15884   398
 12800   214 15872   386
 12810   233 15876   360
 12820   228 15896   373
 12830   229 15877   390
 12840   234 15858   383
 12850   228 15890   398
 12860   233 15888   387
 12870   222 15900   383
 12880   242 15910   362
 12890   234 15918   391
 12900   238 15888   377
 12910   250 15886   392
 12920   217 15901   394
 12930   227 15910   379
 12940   244 15885   358
 12950   226 15912   403
 12960   206 15897   401
 12970   227 15904   398
 12980   231 15888   376
 12990   250 15882   381
 13000   222 15865   402
 13010   239 15908   375
 13020   242 15887   379
 13030   242 15879   378
 13040   229 15875   373
 13050   239 15860   368
 13060   216 15868   408
 13070   235 15867   395
 13080   231 15881   370
 13090   248 15873   382
 13100   235 15876   383
 13110   245 15880   386
 13120   241 15839   383
 13130   239 15823   376
 13140   244 15840   366
 13150   231 15822   376
 13160   230 15830   377
 13170   232 15828   370
 13180   221 15820   388
 13190   237 15807   366
 13200   243 15799   361
 13210   226 15800   381
 13220   240 15810   388
 13230   220 15782   364
 13240   239 15799   368
 13250   235 15785   368
 13260   235 15762   389
 13270   240 15775   369
 13280   209 15768   371
 13290   250 15778   385
 13300   234 15755   395
 13310   230 15746   359
 13320   240 15736   389
 13330   226 15742   375
 13340   245 15749   389
 13350   217 15732   361
 13360   224 15717   388
 13370   215 15751   370
 13380   236 15758   392
 13390   227 15739   368
 13400   224 15732   389
 13410   225 15705   378
 13420   231 15717   390
 13430   218 15707   380
 13440   233 15711   383
 13450   218 15720   397
 13460   231 15725   377
 13470   218 15735   380
 13480   253 15731   373
 13490   218 15709   376
 13500   221 15708   387
 13510   227 15725   378
 13520   236 15702   378
 13530   238 15696   396
 13540   222 15699   354
 13550   235 15731   383
 13560   222 15729   356
 13570   233 15738   357
 13580   244 15733   377
 13590   243 15724   361
 13600   240 15726   384
 13610   230 15720   363
 13620   230 15731   360
 13630   247 15740   366
 13640   211 15748   374
 13650   242 15742   386
 13660   230 15755   367
 13670   242 15777   385
 13680   220 15766   360
 13690   222 15786   379
 13700   223 15788   386
 13710   230 15800   394
 13720   227 15799   381
 13730   234 15797   367
 13740   219 15794   370
 13750   220 15835   384
 13760   213 15818   386
 13770   246 15838   394
 13780   228 15827   373
 13790   224 15844   394
 13800   240 15863   380
 13810   216 15848   385
 13820   218 15868   387
 13830   214 15847   392
 13840   242 15885   378
 13850   227 15872   362
 13860   217 15882   381
 13870   246 15900   387
 13880   250 15914   365
 13890   219 15904   370
 13900   218 15910   392
 13910   229 15943   378
 13920   245 15939   398
 13930   211 15951   380
 13940   231 15964   405
 13950   237 15945   375
 13960   212 15952   372
 13970   254 15967   373
 13980   237 15964   381
 13990   233 15948   412
 14000   248 15956   388
 14010   236 15959   384
 14020   230 15967   388
 14030   236 15963   373
 14040   231 15966   411
 14050   223 15973   396
 14060   250 16008   378
 14070   220 15996   396
 14080   251 15983   382
 14090   229 15994   376
 14100   242 15995   371
 14110   224 15991   377
 14120   252 16008   391
 14130   221 15979   392
 14140   227 16011   406
 14150   227 16003   385
 14160   229 15991   373
 14170   245 15997   389
 14180   235 16012   382
 14190   244 15997   395
 14200   218 15995   375
 14210   216 15994   356
 14220   231 15996   382
 14230   230 16006   404
 14240   227 15977   380
 14250   228 15986   397
 14260   248 15999   393
 14270   229 15978   371
 14280   249 15986   413
 14290   239 16001   386
 14300   246 15990   374
 14310   238 15986   375
 14320   212 15942   365
 14330   233 15938   374
 14340   230 15955   381
 14350   239 15972   397
 14360   248 15935   382
 14370   234 15924   356
 14380   223 15905   384
 14390   248 15930   381
 14400   247 15929   392
 14410   245 15931   384
 14420   219 15897   386
 14430   215 15907   377
 14440   227 15908   384
 14450   222 15915   406
 14460   248 15877   385
 14470   236 15866   381
 14480   253 15870   401
 14490   229 15855   392
 14500   218 15860   386
 14510   235 15845   385
 14520   241 15816   371
 14530   211 15843   379
 14540   241 15824   373
 14550   222 15813   383
 14560   234 15792   371
 14570   208 15795   396
 14580   210 15814   392
 14590   225 15801   376
 14600   203 15790   360
 14610   237 15763   407
 14620   236 15758   376
 14630   227 15765   377
 14640   215 15765   402
 14650   238 15766   385
 14660   218 15739   386
 14670   229 15728   387
 14680   222 15738   375
 14690   221 15722   396
 14700   226 15730   393
 14710   235 15724   375
 14720   222 15737   367
 14730   233 15714   366
 14740   243 15702   381
 14750   224 15727   381
 14760   222 15694   368
 14770   213 15696   367
 14780   214 15695   372
 14790   234 15685   376
 14800   219 15690   408
 14810   220 15711   367
 14820   226 15699   374
 14830   250 15687   390
 14840   214 15678   384
 14850   219 15672   381
 14860   234 15681   381
 14870   209 15689   379
 14880   222 15678   373
 14890   233 15709   383
 14900   206 15683   354
 14910   247 15709   377
 14920   229 15701   359
 14930   227 15701   379
 14940   235 15701   355
 14950   225 15695   385
 14960   237 15729   369
 14970   223 15698   369
 14980   222 15725   372
 14990   216 15749   362
 15000   238 15723   368
 15010   218 15728   371
 15020   231 15735   351
 15030   226 15748   377
 15040   227 15747   395
 15050   215 15764   390
 15060   225 15800   383
 15070   242 15787   402
 15080   240 15800   380
 15090   231 15817   372
 15100   230 15804   378
 15110   237 15794   404
 15120   238 15821   397
 15130   251 15793   381
 15140   237 15832   384
 15150   239 15824   376
 15160   245 15863   366
 15170   213 15834   366
 15180   244 15872   368
 15190   237 15869   384
 15200   226 15883   373
 15210   238 15884   382
 15220   220 15878   384
 15230   221 15905   377
 15240   221 15906   376
 15250   217 15904   368
 15260   236 15905   376
 15270   229 15906   372
 15280   232 15930   395
 15290   258 15939   385
 15300   222 15909   378
 15310   221 15932   384
 15320   246 15957   384
 15330   234 15942   370
 15340   219 15956   380
 15350   214 15961   380
 15360   240 15962   380
 15370   244 15946   391
 15380   228 15955   376
 15390   257 15960   384
 15400   215 15966   405
 15410   248 16003   381
 15420   244 15990   390
 15430   237 15974   374
 15440   244 15987   386
 15450   239 16015   381
 15460   248 16009   373
 15470   243 15985   382
 15480   225 15994   380
 15490   234 16002   382
 15500   233 16002   399
 15510   250 15979   382
 15520   246 15990   374
 15530   230 15988   388
 15540   225 15998   391
 15550   240 16011   385
 15560   223 15991   390
 15570   255 15991   373
 15580   227 16007   380
 15590   243 15985   378
 15600   221 15981   394
 15610   249 15987   368
 15620   216 15980   373
 15630   240 15980   375
 15640   244 15969   385
 15650   242 15971   386
 15660   241 15940   387
 15670   201 15954   414
 15680   225 15955   379
 15690   231 15936   384
 15700   219 15933   378
 15710   216 15947   371
 15720   232 15924   373
 15730   218 15918   378
 15740   218 15905   377
 15750   220 15928   394
 15760   240 15929   367
 15770   217 15919   382
 15780   220 15913   376
 15790   215 15881   392
 15800   218 15900   390
 15810   231 15874   381
 15820   237 15859   384
 15830   225 15871   378
 15840   234 15851   396
 15850   214 15839   379
 15860   248 15857   375
 15870   223 15823   389
 15880   226 15811   373
 15890   225 15805   401
 15900   217 15796   390
 15910   212 15814   381
 15920   215 15795   389
 15930   246 15790   373
 15940   229 15778   382
 15950   234 15771   373
 15960   225 15764   365
 15970   225 15778   395
 15980   219 15764   382
 15990   241 15766   398
 16000   219 15745   373
 16010   223 15738   388
 16020   232 15735   370
 16030   212 15713   375
 16040   251 15701   360
 16050   230 15686   388
 16060   227 15710   391
 16070   245 15703   380
 16080   244 15719   409
 16090   220 15716   381
 16100   214 15697   370
 16110   214 15708   378
 16120   224 15703   395
 16130   227 15702   374
 16140   225 15712   369
 16150   218 15668   369
 16160   209 15687   377
 16170   245 15704   373
 16180   206 15701   367
 16190   229 15692   382
 16200   243 15692   362
 16210   263 15689   357
 16220   237 15700   354
 16230   242 15706   378
 16240   219 15679   399
 16250   224 15684   347
 16260   241 15729   403
 16270   235 15701   374
 16280   232 15706   378
 16290   225 15722   370
 16300   243 15754   364
 16310   228 15705   365
 16320   253 15744   356
 16330   225 15721   377
 16340   235 15738   369
 16350   235 15743   369
 16360   215 15745   385
 16370   206 15727   350
 16380   231 15763   369
 16390   223 15751   381
 16400   232 15779   383
 16410   209 15785   385
 16420   228 15769   379
 16430   226 15789   372
 16440   234 15828   398
 16450   241 15829   369
 16460   213 15838   388
 16470   224 15822   367
 16480   225 15844   392
 16490   240 15833   385
 16500   227 15841   395
 16510   224 15831   369
 16520   230 15840   392
 16530   228 15866   385
 16540   230 15867   367
 16550   232 15870   386
 16560   237 15890   389
 16570   238 15908   378
 16580   241 15888   384
 16590   243 15909   373
 16600   235 15913   375
 16610   224 15920   388
 16620   234 15919   373
 16630   216 15940   377
 16640   251 15924   373
 16650   250 15955   377
 16660   237 15918   383
 16670   221 15923   376
 16680   229 15973   382
 16690   240 15934   354
 16700   213 15968   362
 16710   228 15965   382
 16720   222 15957   353
 16730   238 15971   373
 16740   237 15963   371
 16750   230 15991   386
 16760   223 15991   395
 16770   242 16018   401
 16780   248 16017   376
 16790   237 16015   368
 16800   233 15997   393
 16810   277 15984   391
 16820   299 16003   498
 16830   260 15970   419
 16840   213 15971   250
 16850   157 16013   299
 16860   174 15983   413
 16870   195 16002   419
 16880   291 15984   390
 16890   303 16005   406
 16900   253 16004   445
 16910   229 15983   397
 16920   219 15991   302
 16930   187 15992   332
 16940   198 15977   398
 16950   224 15979   381
 16960   231 15994   384
 16970   237 15962   378
 16980   295 15982   422
 16990   252 15976   415
 17000   215 15965   372
 17010   205 15972   370
 17020   209 15975   375
 17030   221 15962   367
 17040   251 15931   358
 17050   266 15951   393
 17060   262 15944   360
 17070   211 15922   381
 17080   216 15932   387
 17090   202 15921   399
 17100   212 15921   368
 17110   233 15902   351
 17120   261 15903   392
 17130   262 15881   419
 17140   250 15881   390
 17150   249 15900   367
 17160   204 15849   350
 17170   204 15840   363
 17180   217 15857   364
 17190   219 15864   397
 17200   236 15849   373
 17210   253 15846   410
 17220   251 15834   385
 17230   253 15821   400
 17240   224 15820   367
 17250   205 15814   356
 17260   219 15801   376
 17270   260 15799   358
 17280   259 15812   387
 17290   233 15775   392
 17300   226 15767   394
 17310   230 15756   387
 17320   209 15759   376
 17330   207 15748   347
 17340   212 15745   379
 17350   226 15752   376
 17360   244 15730   382
 17370   231 15724   428
 17380   257 15726   403
 17390   253 15699   385
 17400   228 15703   369
 17410   237 15696   363
 17420   231 15700   356
 17430   230 15696   375
 17440   217 15707   364
 17450   230 15709   394
 17460   222 15711   385
 17470   231 15706   357
 17480   208 15664   375
 17490   232 15690   391
 17500   244 15698   366
 17510   250 15683   343
 17520   230 15673   353
 17530   223 15695   358
 17540   218 15681   382
 17550   207 15662   357
 17560   211 15656   367
 17570   230 15674   370
 17580   251 15692   389
 17590   253 15705   374
 17600   245 15720   374
 17610   250 15707   357
 17620   229 15717   381
 17630   213 15709   378
 17640   208 15708   383
 17650   240 15716   368
 17660   236 15713   358
 17670   242 15716   361
 17680   249 15716   366
 17690   233 15715   369
 17700   235 15732   380
 17710   242 15753   395
 17720   217 15760   380
 17730   240 15765   377
 17740   224 15765   379
 17750   227 15801   379
 17760   244 15809   365
 17770   252 15787   357
 17780   233 15802   372
 17790   245 15801   380
 17800   206 15831   365
 17810   207 15830   383
 17820   221 15834   384
 17830   237 15820   388
 17840   209 15847   388
 17850   250 15851   368
 17860   231 15851   363
 17870   218 15864   397
 17880   220 15880   357
 17890   205 15880   379
 17900   215 15896   354
 17910   240 15901   356
 17920   230 15913   373
 17930   251 15902   394
 17940   223 15889   414
 17950   240 15909   393
 17960   220 15919   384
 17970   233 15919   393
 17980   226 15942   375
 17990   240 15949   368
 18000   228 15969   382
 18010   234 15967   385
 18020   248 15975   363
 18030   225 15980   387
 18040   236 15967   391
 18050   235 15978   373
 18060   226 15952   376
 18070   232 15998   346
 18080   242 15986   360
 18090   229 15982   367
 18100   225 16010   365
 18110   224 16001   364
 18120   234 16021   378
 18130   243 16013   384
 18140   253 16006   380
 18150   221 16013   388
 18160   231 16016   372
 18170   237 15994   373
 18180   224 16008   366
 18190   232 15998   372
 18200   232 15999   370
 18210   239 16012   393
 18220   255 15999   382
 18230   226 15978   388
 18240   252 16007   379
 18250   251 16005   384
 18260   251 15992   361
 18270   220 16007   361
 18280   250 16006   380
 18290   222 15987   372
 18300   229 15971   376
 18310   230 15978   392
 18320   243 16002   385
 18330   242 15965   374
 18340   234 15980   364
 18350   235 15964   353
 18360   236 15949   369
 18370   222 15955   388
 18380   211 15931   400
 18390   258 15935   398
 18400   243 15923   376
 18410   218 15920   398
 18420   239 15943   380
 18430   235 15939   367
 18440   234 15900   381
 18450   226 15916   391
 18460   229 15905   359
 18470   206 15881   410
 18480   222 15887   357
 18490   238 15885   374
 18500   246 15840   378
 18510   212 15864   370
 18520   249 15850   371
 18530   227 15854   398
 18540   230 15825   392
 18550   237 15807   372
 18560   236 15800   371
 18570   235 15835   388
 18580   242 15822   394
 18590   229 15794   378
 18600   233 15775   360
 18610   217 15794   403
 18620   227 15770   379
 18630   244 15784   373
 18640   223 15790   361
 18650   222 15733   382
 18660   228 15758   368
 18670   228 15754   372
 18680   244 15726   376
 18690   243 15724   362
 18700   230 15724   388
 18710   240 15720   397
 18720   222 15695   377
 18730   235 15692   367
 18740   235 15712   374
 18750   234 15708   397
 18760   244 15694   361
 18770   229 15708   382
 18780   213 15685   385
 18790   226 15671   375
 18800   205 15694   394
 18810   245 15701   360
 18820   229 15686   368
 18830   224 15680   365
 18840   222 15702   383
 18850   231 15696   382
 18860   204 15679   363
 18870   202 15663   385
 18880   220 15673   367
 18890   227 15667   380
 18900   203 15671   375
 18910   228 15680   373
 18920   227 15683   380
 18930   238 15696   378
 18940   237 15688   373
 18950   227 15708   387
 18960   226 15711   382
 18970   215 15708   405
 18980   232 15702   376
 18990   241 15721   369
 19000   222 15729   350
 19010   232 15736   385
 19020   233 15735   373
 19030   238 15727   387
 19040   207 15751   379
 19050   233 15770   368
 19060   243 15758   389
 19070   230 15743   386
 19080   232 15750   374
 19090   218 15777   369
 19100   223 15779   371
 19110   233 15794   373
 19120   238 15790   369
 19130   222 15828   382
 19140   235 15828   380
 19150   243 15812   376
 19160   234 15835   391
 19170   239 15837   389
 19180   218 15850   390
 19190   198 15848   379
 19200   231 15864   395
 19210   249 15875   377
 19220   239 15867   387
 19230   225 15885   395
 19240   241 15895   385
 19250   226 15891   411
 19260   224 15915   343
 19270   240 15911   356
 19280   249 15931   396
 19290   234 15939   362
 19300   240 15933   376
 19310   223 15924   382
 19320   227 15958   377
 19330   251 15947   374
 19340   244 15958   389
 19350   235 15972   371
 19360   215 15967   385
 19370   233 15980   343
 19380   224 15985   358
 19390   211 15979   363
 19400   246 15971   365
 19410   243 15996   374
 19420   244 15980   363
 19430   235 15987   386
 19440   231 16006   396
 19450   260 16030   380
 19460   247 15996   363
 19470   244 16018   382
 19480   239 16025   357
 19490   239 15998   390
 19500   247 16006   389
 19510   225 15991   393
 19520   233 16024   361
 19530   242 16007   378
 19540   232 16015   381
 19550   243 16011   363
 19560   228 15996   401
 19570   237 16049   404
 19580   255 16023   369
 19590   241 15993   404
 19600   228 15989   381
 19610   234 15993   375
 19620   223 15999   381
 19630   228 16002   365
 19640   244 16004   386
 19650   234 15989   385
 19660   253 15981   383
 19670   218 15986   396
 19680   230 15985   401
 19690   240 15967   371
 19700   220 15951   371
 19710   236 15957   373
 19720   237 15965   385
 19730   240 15948   373
 19740   228 15945   364
 19750   243 15959   375
 19760   238 15940   363
 19770   249 15921   365
 19780   231 15914   371
 19790   245 15924   369
 19800   233 15888   372
 19810   222 15910   389
 19820   232 15887   384
 19830   214 15894   392
 19840   242 15871   373
 19850   255 15844   399
 19860   247 15843   369
 19870   234 15843   386
 19880   240 15832   388
 19890   209 15816   392
 19900   223 15827   376
 19910   225 15819   393
 19920   221 15800   376
 19930   229 15789   384
 19940   238 15814   379
 19950   241 15809   377
 19960   227 15778   374
 19970   239 15779   356
 19980   254 15785   378
 19990   233 15780   372
 20000   231 15745   380
 20010   224 15751   382
 20020   233 15742   371
 20030   237 15733   387
 20040   216 15730   365
 20050   235 15746   369
 20060   251 15726   373
 20070   231 15727   361
 20080   232 15709   379
 20090   235 15727   371
 20100   224 15717   361
 20110   247 15700   372
 20120   214 15697   377
 20130   230 15698   388
 20140   251 15677   381
 20150   234 15705   372
 20160   225 15691   402
 20170   222 15701   352
 20180   246 15702   374
 20190   228 15690   387
 20200   249 15696   396
 20210   241 15707   401
 20220   224 15693   377
 20230   214 15670   395
 20240   211 15704   396
 20250   232 15700   369
 20260   237 15712   366
 20270   233 15691   382
 20280   224 15719   386
 20290   228 15717   364
 20300   232 15729   351
 20310   221 15719   365
 20320   237 15722   364
 20330   222 15737   382
 20340   236 15736   376
 20350   241 15734   365
 20360   231 15752   375
 20370   229 15721   370
 20380   239 15745   394
 20390   255 15754   349
 20400   218 15741   370
 20410   243 15764   375
 20420   250 15751   373
 20430   211 15773   377
 20440   241 15804   392
 20450   230 15817   369
 20460   240 15812   374
 20470   241 15827   374
 20480   224 15803   385
 20490   232 15816   370
 20500   227 15825   374
 20510   244 15848   386
 20520   240 15838   363
 20530   234 15816   380
 20540   243 15849   395
 20550   239 15857   372
 20560   214 15862   380
 20570   231 15876   384
 20580   243 15876   365
 20590   242 15901   374
 20600   234 15888   369
 20610   246 15892   384
 20620   217 15920   379
 20630   234 15915   361
 20640   251 15934   357
 20650   248 15939   375
 20660   249 15931   403
 20670   238 15940   380
 20680   228 15927   375
 20690   240 15924   365
 20700   218 15951   377
 20710   237 15955   379
 20720   242 15966   381
 20730   241 15961   367
 20740   232 15979   367
 20750   221 15980   381
 20760   235 15986   374
 20770   241 15991   394
 20780   245 15994   384
 20790   231 15978   371
 20800   222 15970   378
 20810   227 15990   378
 20820   228 15985   382
 20830   207 15978   397
 20840   231 15966   383
 20850   227 15985   391
 20860   257 15983   389
 20870   235 15988   390
 20880   246 15985   385
 20890   253 15982   379
 20900   228 15988   387
 20910   232 15986   405
 20920   227 16003   381
 20930   242 15993   373
 20940   226 15984   388
 20950   255 15983   384
 20960   237 15982   352
 20970   245 15965   388
 20980   238 15949   391
 20990   253 15991   377
 21000   245 15967   392
 21010   247 15959   383
 21020   234 15957   393
 21030   235 15953   374
 21040   235 15965   380
 21050   232 15956   377
 21060   214 15939   391
 21070   218 15941   376
 21080   237 15932   372
 21090   250 15924   387
 21100   226 15923   355
 21110   220 15899   368
 21120   223 15908   397
 21130   238 15888   373
 21140   250 15901   374
 21150   228 15876   385
 21160   221 15889   384
 21170   244 15876   370
 21180   226 15852   376
 21190   225 15857   380
 21200   221 15837   356
 21210   243 15847   375
 21220   230 15844   374
 21230   227 15840   358
 21240   244 15825   373
 21250   212 15798   391
 21260   229 15823   377
 21270   240 15807   375
 21280   236 15799   368
 21290   225 15794   383
 21300   238 15797   374
 21310   227 15793   371
 21320   220 15764   369
 21330   221 15780   367
 21340   232 15753   381
 21350   227 15740   364
 21360   231 15731   389
 21370   229 15740   362
 21380   221 15727   360
 21390   214 15724   359
 21400   215 15719   388
 21410   249 15721   378
 21420   238 15708   380
 21430   248 15709   380
 21440   222 15710   357
 21450   227 15716   397
 21460   239 15724   375
 21470   228 15707   369
 21480   232 15712   367
 21490   245 15711   376
 21500   229 15689   393
 21510   238 15696   382
 21520   216 15702   367
 21530   224 15706   388
 21540   229 15696   379
 21550   229 15679   357
 21560   229 15703   368
 21570   241 15693   375
 21580   226 15672   365
 21590   229 15680   373
 21600   220 15696   372
 21610   219 15695   374
 21620   223 15718   393
 21630   222 15714   387
 21640   241 15716   374
 21650   223 15730   371
 21660   227 15712   382
 21670   213 15734   378
 21680   235 15740   367
 21690   242 15713   372
 21700   234 15753   371
 21710   226 15756   371
 21720   234 15756   369
 21730   235 15770   357
 21740   212 15770   363
 21750   254 15773   369
 21760   233 15775   370
 21770   233 15758   394
 21780   238 15797   374
 21790   221 15798   372
 21800   242 15810   380
 21810   208 15817   393
 21820   231 15814   374
 21830   247 15821   378
 21840   239 15819   384
 21850   245 15853   388
 21860   238 15857   376
 21870   248 15869   363
 21880   230 15837   388
 21890   220 15851   375
 21900   236 15891   361
 21910   237 15863   351
 21920   236 15896   406
 21930   242 15894   390
 21940   228 15926   360
 21950   244 15939   379
 21960   246 15931   376
 21970   225 15933   390
 21980   236 15947   384
 21990   249 15933   389
 22000   225 15943   392
 22010   220 15957   361
 22020   255 15949   365
 22030   231 15939   382
 22040   216 15971   387
 22050   230 15985   405
 22060   222 15972   379
 22070   252 15958   370
 22080   246 15960   383
 22090   251 15994   365
 22100   242 16000   368
 22110   244 16008   374
 22120   221 16017   371
 22130   232 16012   373
 22140   221 16007   401
 22150   232 16024   347
 22160   245 16008   367
 22170   223 16024   378
 22180   252 16020   375
 22190   234 16024   401
 22200   237 16004   366
 22210   246 16018   398
 22220   229 16011   383
 22230   247 16006   417
 22240   258 15992   387
 22250   252 16002   371
 22260   221 16021   390
 22270   234 16000   368
 22280   238 16014   376
 22290   219 16016   384
 22300   237 15995   370
 22310   242 15985   382
 22320   240 15978   378
 22330   219 16005   387
 22340   227 15991   353
 22350   254 16009   367
 22360   239 15973   384
 22370   262 15962   370
 22380   230 15964   381
 22390   242 15943   363
 22400   231 15938   361
 22410   249 15940   365
 22420   252 15945   368
 22430   248 15937   377
 22440   239 15934   370
 22450   231 15919   388
 22460   239 15911   365
 22470   254 15898   376
 22480   241 15885   386
 22490   243 15889   368
 22500   244 15868   390
 22510   247 15866   393
 22520   239 15872   392
 22530   243 15867   391
 22540   242 15861   383
 22550   232 15840   375
 22560   226 15817   371
 22570   247 15810   372
 22580   238 15830   370
 22590   236 15800   369
 22600   217 15808   349
 22610   231 15799   369
 22620   238 15776   376
 22630   236 15789   361
 22640   246 15817   387
 22650   218 15773   364
 22660   236 15765   388
 22670   231 15728   366
 22680   223 15739   378
 22690   212 15756   373
 22700   218 15768   383
 22710   234 15751   372
 22720   235 15733   373
 22730   258 15715   383
 22740   226 15703   380
 22750   240 15705   387
 22760   223 15714   382
 22770   249 15719   367
 22780   230 15695   373
 22790   230 15690   405
 22800   231 15714   364
 22810   234 15698   388
 22820   222 15706   386
 22830   243 15681   380
 22840   223 15684   366
 22850   217 15700   360
 22860   212 15691   384
 22870   245 15703   365
 22880   223 15670   375
 22890   215 15677   375
 22900   209 15663   390
 22910   231 15666   367
 22920   235 15667   380
 22930   240 15701   369
 22940   230 15692   356
 22950   237 15699   377
 22960   230 15720   358
 22970   232 15721   359
 22980   218 15716   373
 22990   238 15717   358
 23000   252 15704   359
 23010   236 15716   370
 23020   230 15732   371
 23030   253 15716   369
 23040   245 15755   378
 23050   248 15742   377
 23060   258 15753   373
 23070   218 15761   365
 23080   234 15754   375
 23090   219 15768   378
 23100   215 15770   372
 23110   208 15774   374
 23120   224 15784   367
 23130   216 15795   371
 23140   232 15802   373
 23150   251 15816   393
 23160   230 15818   380
 23170   223 15819   369
 23180   237 15841   376
 23190   229 15842   381
 23200   235 15835   382
 23210   249 15831   386
 23220   218 15849   383
 23230   232 15884   371
 23240   237 15867   390
 23250   213 15854   370
 23260   210 15885   387
 23270   218 15880   368
 23280   233 15904   374
 23290   241 15906   378
 23300   219 15938   361
 23310   246 15942   374
 23320   225 15928   384
 23330   234 15920   386
 23340   239 15920   377
 23350   222 15950   378
 23360   230 15935   371
 23370   237 15947   370
 23380   248 15951   387
 23390   237 15969   390
 23400   240 15958   394
 23410   248 15984   378
 23420   235 15973   385
 23430   240 15973   378
 23440   254 15955   376
 23450   243 15974   386
 23460   216 16006   382
 23470   241 16001   368
 23480   239 16011   378
 23490   232 15985   363
 23500   231 16012   373
 23510   223 15992   390
 23520   231 16012   394
 23530   243 16001   387
 23540   250 15994   393
 23550   247 15993   404
 23560   253 16008   365
 23570   228 16001   392
 23580   227 16005   385
 23590   237 15994   369
 23600   225 16013   395
 23610   237 16000   360
 23620   251 15984   369
 23630   228 16003   384
 23640   228 16009   393
 23650   250 16011   360
 23660   245 15989   364
 23670   251 15984   398
 23680   231 15978   395
 23690   243 15966   402
 23700   226 15938   385
 23710   230 15969   368
 23720   234 15960   372
 23730   219 15926   392
 23740   236 15946   381
 23750   241 15927   383
 23760   266 15937   391
 23770   255 15907   380
 23780   236 15914   374
 23790   226 15921   358
 23800   252 15904   380
 23810   241 15899   383
 23820   240 15906   381
 23830   256 15881   383
 23840   207 15880   385
 23850   234 15890   388
 23860   234 15866   383
 23870   243 15867   363
 23880   237 15854   381
 23890   228 15837   374
 23900   226 15841   383
 23910   225 15847   387
 23920   233 15835   377
 23930   227 15812   391
 23940   241 15806   355
 23950   209 15784   382
 23960   225 15792   385
 23970   209 15774   375
 23980   232 15800   411
 23990   218 15777   385
 24000   231 15773   373
 24010   246 15784   385
 24020   229 15742   369
 24030   220 15741   374
 24040   231 15760   363
 24050   232 15751   384
 24060   231 15753   381
 24070   239 15725   360
 24080   228 15739   372
 24090   237 15714   376
 24100   234 15724   373
 24110   219 15714   377
 24120   249 15716   372
 24130   252 15716   345
 24140   245 15690   357
 24150   239 15717   376
 24160   219 15726   393
 24170   234 15724   385
 24180   219 15704   386
 24190   223 15710   370
 24200   209 15706   403
 24210   252 15704   367
 24220   229 15678   392
 24230   240 15671   388
 24240   226 15704   369
 24250   226 15694   369
 24260   225 15676   349
 24270   228 15677   381
 24280   231 15688   358
 24290   235 15695   351
 24300   229 15697   352
 24310   239 15702   405
 24320   213 15722   384
 24330   243 15722   394
 24340   234 15728   380
 24350   224 15715   395
 24360   233 15733   366
 24370   209 15715   375
 24380   244 15750   349
 24390   247 15726   401
 24400   221 15743   389
 24410   239 15736   370
 24420   224 15762   377
 24430   237 15782   394
 24440   220 15769   375
 24450   243 15772   384
 24460   225 15791   364
 24470   234 15789   378
 24480   220 15787   382
 24490   249 15808   359
 24500   229 15813   364
 24510   230 15812   385
 24520   229 15827   381
 24530   236 15819   369
 24540   226 15838   376
 24550   219 15870   400
 24560   215 15867   376
 24570   245 15863   372
 24580   246 15844   379
 24590   219 15878   369
 24600   243 15871   383
 24610   238 15898   377
 24620   219 15883   379
 24630   247 15907   368
 24640   230 15915   378
 24650   239 15892   373
 24660   217 15938   392
 24670   231 15927   383
 24680   234 15932   390
 24690   234 15927   381
 24700   238 15934   401
 24710   220 15921   395
 24720   236 15965   369
 24730   221 15950   370
 24740   225 15960   381
 24750   236 15971   387
 24760   209 16003   385
 24770   227 15986   383
 24780   221 15976   387
 24790   232 16001   377
 24800   219 16025   374
 24810   244 16005   371
 24820   216 16009   371
 24830   248 16007   366
 24840   235 15992   398
 24850   224 15995   377
 24860   233 15996   374
 24870   231 15997   391
 24880   239 16031   363
 24890   238 16009   382
 24900   250 16010   362
 24910   228 15999   391
 24920   225 16008   399
 24930   236 16019   401
 24940   247 16006   382
 24950   246 16009   371
 24960   230 16000   367
 24970   246 16026   374
 24980   239 16003   377
 24990   248 16008   371
 25000   237 15989   367
 25010   223 16009   382
 25020   261 15982   382
 25030   241 16008   392
 25040   239 15987   386
 25050   245 15966   367
 25060   232 15961   396
 25070   217 15938   393
 25080   246 15953   390
 25090   243 15955   407
 25100   250 15957   382
 25110   202 15943   360
 25120   219 15946   381
 25130   215 15948   370
 25140   238 15938   391
 25150   248 15915   364
 25160   234 15915   379
 25170   227 15938   385
 25180   248 15908   360
 25190   237 15893   375
 25200   248 15889   387
 25210   245 15889   402
 25220   249 15863   395
 25230   238 15888   384
 25240   252 15877   378
 25250   246 15870   400
 25260   221 15867   360
 25270   241 15823   382
 25280   224 15838   366
 25290   237 15845   377
 25300   241 15812   394
 25310   220 15818   388
 25320   226 15822   399
 25330   225 15817   387
 25340   229 15812   363
 25350   235 15787   377
 25360   230 15788   385
 25370   237 15775   372
 25380   226 15798   389
 25390   212 15791   379
 25400   207 15760   383
 25410   231 15758   367
 25420   231 15784   377
 25430   244 15767   381
 25440   244 15782   369
 25450   233 15748   386
 25460   244 15776   381
 25470   231 15758   392
 25480   232 15757   370
 25490   228 15786   381
 25500   232 15754   342
 25510   235 15763   362
 25520   231 15734   356
 25530   222 15755   364
 25540   227 15743   378
 25550   248 15760   351
 25560   236 15769   386
 25570   224 15749   368
 25580   235 15740   380
 25590   218 15744   382
 25600   239 15776   374
 25610   232 15768   358
 25620   249 15765   360
 25630   219 15761   401
 25640   248 15757   395
 25650   230 15764   375
 25660   218 15793   367
 25670   241 15759   373
 25680   240 15805   388
 25690   236 15781   368
 25700   240 15771   375
 25710   246 15791   376
 25720   237 15790   369
 25730   233 15804   371
 25740   240 15825   361
 25750   254 15812   370
 25760   239 15822   386
 25770   238 15819   391
 25780   215 15829   396
 25790   242 15845   381
 25800   230 15859   379
 25810   231 15856   384
 25820   245 15893   382
 25830   229 15900   401
 25840   243 15872   370
 25850   211 15870   362
 25860   241 15871   374
 25870   240 15895   381
 25880   245 15879   383
 25890   232 15892   371
 25900   230 15908   384
 25910   218 15908   376
 25920   225 15923   377
 25930   244 15913   400
 25940   240 15920   374
 25950   252 15937   412
 25960   226 15956   387
 25970   238 15952   396
 25980   240 15957   382
 25990   229 15933   374
 26000   236 15961   374
 26010   232 15962   388
 26020   241 15970   392
 26030   230 15972   395
 26040   243 15966   387
 26050   242 15976   369
 26060   249 15953   409
 26070   230 15984   385
 26080   242 16002   393
 26090   225 16011   398
 26100   227 15991   366
 26110   211 16024   390
 26120   238 16003   394
 26130   255 16014   398
 26140   217 15993   377
 26150   246 16013   368
 26160   244 16019   372
 26170   217 16008   375
 26180   233 16021   380
 26190   224 16012   375
 26200   236 16021   392
 26210   242 16018   370
 26220   222 16022   376
 26230   241 16016   388
 26240   234 15984   377
 26250   238 15993   398
 26260   240 16009   391
 26270   206 16016   406
 26280   252 16019   358
 26290   241 16005   381
 26300   244 15993   410
 26310   231 15998   378
 26320   246 16018   377
 26330   250 15999   371
 26340   217 15997   396
 26350   234 15998   387
 26360   229 15981   381
 26370   241 15974   374
 26380   239 15990   395
 26390   246 15974   382
 26400   234 15962   371
 26410   206 15948   391
 26420   245 15952   371
 26430   229 15955   384
 26440   229 15940   369
 26450   233 15928   374
 26460   240 15916   382
 26470   233 15889   375
 26480   226 15906   386
 26490   214 15886   365
 26500   240 15921   388
 26510   236 15908   390
 26520   251 15880   373
 26530   238 15877   371
 26540   220 15866   398
 26550   205 15854   384
 26560   225 15859   397
 26570   231 15827   389
 26580   244 15852   391
 26590   227 15810   377
 26600   255 15833   401
 26610   231 15794   382
 26620   231 15806   366
 26630   231 15784   391
 26640   226 15777   382
 26650   250 15768   392
 26660   228 15782   364
 26670   231 15769   373
 26680   240 15785   397
 26690   220 15760   384
 26700   217 15743   370
 26710   226 15730   384
 26720   238 15727   393
 26730   219 15723   398
 26740   236 15720   374
 26750   230 15726   362
 26760   217 15717   379
 26770   227 15748   388
 26780   263 15684   365
 26790   229 15691   395
 26800   230 15696   388
 26810   229 15691   370
 26820   220 15715   350
 26830   242 15699   360
 26840   215 15718   386
 26850   224 15695   389
 26860   216 15691   396
 26870   215 15706   379
 26880   235 15683   388
 26890   224 15681   395
 26900   220 15682   386
 26910   235 15694   368
 26920   227 15684   380
 26930   212 15694   368
 26940   226 15689   372
 26950   230 15697   353
 26960   259 15669   384
 26970   234 15695   378
 26980   224 15707   367
 26990   242 15712   389
 27000   235 15710   361
 27010   229 15693   373
 27020   213 15711   362
 27030   233 15733   385
 27040   238 15723   361
 27050   225 15720   393
 27060   228 15733   379
 27070   246 15728   371
 27080   237 15747   368
 27090   233 15745   365
 27100   219 15758   370
 27110   227 15776   363
 27120   240 15775   384
 27130   228 15772   363
 27140   249 15779   355
 27150   227 15805   389
 27160   225 15799   388
 27170   236 15810   372
 27180   227 15811   386
 27190   244 15858   380
 27200   231 15843   396
 27210   193 15819   390
 27220   238 15855   371
 27230   239 15849   384
 27240   230 15866   386
 27250   221 15847   391
 27260   237 15862   378
 27270   237 15840   386
 27280   224 15881   389
 27290   237 15865   396
 27300   253 15886   364
 27310   206 15916   386
 27320   215 15917   383
 27330   251 15931   368
 27340   290 15918   405
 27350   254 15933   437
 27360   230 15926   323
 27370   154 15941   315
 27380   175 15969   406
 27390   239 15941   417
 27400   261 15938   376
 27410   303 15968   369
 27420   234 15958   402
 27430   235 15961   402
 27440   257 15955   340
 27450   219 15977   370
 27460   215 16013   372
 27470   226 15980   351
 27480   233 15993   375
 27490   227 15997   382
 27500   265 16008   398
 27510   248 16018   395
 27520   249 16004   391
 27530   258 15992   385
 27540   257 16002   373
 27550   230 15990   399
 27560   220 16009   388
 27570   241 16007   360
 27580   207 15987   365
 27590   229 15989   387
 27600   265 16032   382
 27610   256 15994   387
 27620   241 15978   382
 27630   234 15988   379
 27640   236 16002   378
 27650   236 16007   377
 27660   239 15996   370
 27670   233 15986   408
 27680   222 15992   388
 27690   233 15999   403
 27700   230 15978   385
 27710   258 15962   384
 27720   238 15963   382
 27730   246 15961   371
 27740   227 15961   378
 27750   224 15939   385
 27760   240 15927   384
 27770   226 15933   399
 27780   229 15920   374
 27790   227 15938   387
 27800   244 15913   385
 27810   256 15918   374
 27820   236 15925   365
 27830   237 15913   369
 27840   262 15908   360
 27850   230 15906   398
 27860   228 15892   394
 27870   226 15871   363
 27880   221 15850   386
 27890   236 15869   381
 27900   225 15844   376
 27910   239 15838   374
 27920   226 15813   373
 27930   221 15831   384
 27940   232 15819   390
 27950   240 15804   379
 27960   236 15821   392
 27970   247 15805   388
 27980   240 15798   390
 27990   244 15803   386
 28000   225 15781   394
 28010   234 15779   371
 28020   246 15774   365
 28030   223 15747   348
 28040   232 15752   380
 28050   245 15747   365
 28060   219 15733   385
 28070   229 15743   375
 28080   236 15751   378
 28090   233 15725   387
 28100   193 15728   375
 28110   212 15716   370
 28120   250 15725   374
 28130   216 15693   372
 28140   207 15722   376
 28150   239 15720   375
 28160   241 15702   385
 28170   206 15694   369
 28180   220 15694   374
 28190   214 15698   367
 28200   236 15718   393
 28210   212 15686   379
 28220   229 15704   402
 28230   240 15694   374
 28240   234 15701   381
 28250   209 15695   392
 28260   244 15673   373
 28270   228 15683   381
 28280   226 15678   376
 28290   229 15672   375
 28300   234 15680   388
 28310   215 15695   363
 28320   222 15692   384
 28330   217 15690   379
 28340   216 15714   372
 28350   219 15710   383
 28360   232 15732   381
 28370   239 15718   359
 28380   251 15729   392
 28390   229 15721   392
 28400   218 15729   383
 28410   213 15728   385
 28420   218 15768   376
 28430   233 15769   338
 28440   231 15753   386
 28450   233 15740   389
 28460   252 15765   381
 28470   230 15774   382
 28480   241 15801   380
 28490   206 15800   385
 28500   231 15802   383
 28510   246 15802   371
 28520   224 15821   371
 28530   214 15839   374
 28540   226 15842   378
 28550   216 15844   382
 28560   236 15856   358
 28570   221 15853   376
 28580   245 15861   372
 28590   234 15864   392
 28600   219 15873   392
 28610   244 15890   392
 28620   233 15884   404
 28630   240 15930   390
 28640   229 15906   387
 28650   245 15931   387
 28660   243 15936   399
 28670   243 15934   358
 28680   224 15962   394
 28690   225 15941   367
 28700   224 15959   370
 28710   237 15966   404
 28720   232 15956   394
 28730   235 15971   379
 28740   254 15981   385
 28750   238 15973   405
 28760   231 15984   376
 28770   220 15998   391
 28780   231 16005   385
 28790   233 16015   412
 28800   241 15999   378
 28810   216 15994   378
 28820   236 16027   382
 28830   244 16035   379
 28840   254 16033   366
 28850   225 16015   389
 28860   236 16036   391
 28870   244 16036   379
 28880   257 16034   373
 28890   246 16022   384
 28900   224 16012   372
 28910   235 16021   386
 28920   231 16025   403
 28930   215 16036   396
 28940   241 16031   388
 28950   228 16026   378
 28960   241 16017   388
 28970   222 16033   394
 28980   233 16003   374
 28990   229 16002   389
 29000   225 16009   361
 29010   233 16026   380
 29020   245 16014   388
 29030   249 16019   391
 29040   244 16008   380
 29050   207 15978   374
 29060   237 15982   391
 29070   228 15991   375
 29080   241 15979   383
 29090   236 15954   378
 29100   249 15959   364
 29110   226 15970   371
 29120   245 15951   386
 29130   248 15954   393
 29140   235 15953   400
 29150   239 15954   383
 29160   223 15933   382
 29170   248 15948   359
 29180   227 15922   383
 29190   249 15932   389
 29200   254 15920   394
 29210   248 15906   401
 29220   235 15897   371
 29230   211 15883   376
 29240   226 15888   377
 29250   230 15876   385
 29260   237 15881   388
 29270   237 15880   376
 29280   234 15856   369
 29290   249 15861   392
 29300   245 15835   406
 29310   237 15838   370
 29320   240 15824   353
 29330   242 15829   364
 29340   243 15836   389
 29350   217 15796   378
 29360   237 15808   392
 29370   244 15797   386
 29380   225 15781   368
 29390   217 15795   394
 29400   249 15774   370
 29410   217 15784   389
 29420   220 15798   388
 29430   238 15763   355
 29440   246 15754   376
 29450   216 15762   384
 29460   224 15756   382
 29470   231 15731   367
 29480   228 15759   386
 29490   226 15738   400
 29500   245 15748   381
 29510   221 15735   371
 29520   228 15728   377
 29530   219 15752   362
 29540   243 15723   388
 29550   223 15750   403
 29560   234 15721   373
 29570   232 15727   376
 29580   230 15720   387
 29590   225 15726   374
 29600   236 15733   377
 29610   225 15706   391
 29620   226 15728   373
 29630   231 15717   376
 29640   211 15717   374
 29650   239 15736   367
 29660   231 15750   376
 29670   236 15753   380
 29680   223 15743   341
 29690   210 15746   379
 29700   210 15752   381
 29710   240 15789   381
 29720   217 15756   377
 29730   214 15748   390
 29740   230 15766   359
 29750   234 15761   378
 29760   217 15775   370
 29770   247 15771   399
 29780   225 15786   397
 29790   225 15786   369
 29800   228 15799   401
 29810   248 15812   376
 29820   257 15822   384
 29830   255 15815   378
 29840   242 15833   373
 29850   259 15857   381
 29860   229 15850   379
 29870   239 15856   365
 29880   236 15866   366
 29890   225 15881   370
 29900   232 15902   375
 29910   220 15888   377
 29920   233 15918   385
 29930   221 15884   383
 29940   207 15953   378
 29950   245 15917   379
 29960   228 15940   373
 29970   237 15931   357
 29980   235 15929   391
 29990   231 15949   395
 30000   225 15969   376
 30010   222 15956   385
 30020   239 15962   369
 30030   230 15965   393
 30040   241 15974   382
 30050   237 15976   390
 30060   216 15986   397
 30070   234 15980   358
 30080   239 15989   376
 30090   224 15983   407
 30100   242 15995   358
 30110   216 16020   373
 30120   261 16018   355
 30130   251 16027   368
 30140   233 16030   370
 30150   242 16020   357
 30160   231 16009   387
 30170   234 16044   405
 30180   241 16012   385
 30190   244 16025   388
 30200   244 16028   378
 30210   218 16055   381
 30220   221 16045   391
 30230   227 16029   384
 30240   241 16021   386
 30250   229 16011   369
 30260   239 16031   387
 30270   225 16041   394
 30280   240 16043   376
 30290   235 16023   387
 30300   238 16001   368
 30310   229 15997   380
 30320   233 16011   372
 30330   233 16016   362
 30340   241 16044   383
 30350   225 16023   373
 30360   237 16017   357
 30370   231 16005   372
 30380   254 16033   404
 30390   225 16016   382
 30400   244 15980   381
 30410   236 15973   371
 30420   239 15977   376
 30430   237 15962   386
 30440   227 15951   388
 30450   234 15977   385
 30460   256 15954   395
 30470   235 15936   388
 30480   239 15951   388
 30490   255 15939   353
 30500   228 15909   353
 30510   249 15935   371
 30520   235 15885   364
 30530   250 15920   354
 30540   229 15885   384
 30550   228 15878   384
 30560   230 15877   382
 30570   235 15870   375
 30580   246 15866   377
 30590   221 15870   371
 30600   221 15843   366
 30610   227 15855   371
 30620   238 15810   356
 30630   225 15806   375
 30640   246 15804   357
 30650   236 15803   377
 30660   212 15775   385
 30670   233 15797   360
 30680   240 15796   363
 30690   227 15788   372
 30700   211 15762   367
 30710   220 15762   371
 30720   229 15764   378
 30730   219 15723   385
 30740   233 15729   379
 30750   209 15721   367
 30760   215 15728   396
 30770   237 15718   372
 30780   237 15731   372
 30790   238 15691   370
 30800   222 15703   367
 30810   203 15703   364
 30820   233 15720   374
 30830   231 15714   364
 30840   240 15697   359
 30850   238 15697   380
 30860   208 15692   375
 30870   214 15692   362
 30880   223 15700   373
 30890   214 15677   376
 30900   225 15695   393
 30910   234 15692   379
 30920   224 15685   380
 30930   233 15691   381
 30940   228 15656   385
 30950   215 15681   379
 30960   215 15697   367
 30970   209 15686   361
 30980   220 15689   387
 30990   238 15684   381
 31000   234 15705   364
 31010   255 15698   358
 31020   240 15706   374
 31030   221 15694   354
 31040   222 15699   390
 31050   223 15716   356
 31060   248 15696   365
 31070   212 15707   369
 31080   231 15710   370
 31090   213 15744   362
 31100   213 15726   368
 31110   235 15757   390
 31120   217 15744   356
 31130   235 15737   381
 31140   227 15764   368
 31150   220 15751   365
 31160   215 15760   361
 31170   222 15771   371
 31180   228 15795   391
 31190   235 15787   358
 31200   200 15804   374
 31210   228 15821   362
 31220   206 15820   384
 31230   244 15817   362
 31240   217 15812   365
 31250   218 15825   367
 31260   226 15835   377
 31270   226 15852   377
 31280   236 15849   388
 31290   221 15844   367
 31300   251 15844   378
 31310   232 15862   373
 31320   221 15868   347
 31330   247 15874   386
 31340   220 15891   392
 31350   233 15919   373
 31360   231 15901   384
 31370   225 15922   368
 31380   216 15946   393
 31390   227 15910   391
 31400   222 15948   385
 31410   242 15940   389
 31420   233 15928   375
 31430   221 15921   359
 31440   235 15977   380
 31450   229 15947   362
 31460   222 15959   357
 31470   253 15969   378
 31480   234 15957   391
 31490   245 15953   377
 31500   233 15962   374
 31510   220 15986   377
 31520   217 15981   378
 31530   239 15995   377
 31540   252 15999   367
 31550   245 16005   381
 31560   241 15994   402
 31570   240 15988   377
 31580   250 15987   375
 31590   236 16004   371
 31600   226 15981   382
 31610   224 16005   378
 31620   222 16008   354
 31630   234 15959   377
 31640   231 15991   385
 31650   246 15995   357
 31660   240 15984   421
 31670   226 15985   375
 31680   250 15988   404
 31690   257 15986   366
 31700   249 15956   379
 31710   232 15961   375
 31720   209 15977   362
 31730   237 15979   387
 31740   239 15956   388
 31750   247 15969   379
 31760   229 15954   393
 31770   239 15935   386
 31780   232 15926   375
 31790   234 15907   387
 31800   219 15924   345
 31810   242 15925   407
 31820   235 15924   375
 31830   236 15904   359
 31840   215 15894   364
 31850   251 15911   375
 31860   227 15886   371
 31870   222 15892   370
 31880   241 15894   378
 31890   220 15870   363
 31900   246 15877   398
 31910   240 15841   364
 31920   210 15824   389
 31930   223 15835   376
 31940   243 15813   388
 31950   249 15829   368
 31960   245 15824   353
 31970   231 15812   375
 31980   227 15810   378
