  6970 -11025    23   121
  6980 -11118    36   131
  6990 -11228    53   127
  7000 -11266    61   114
  7010 -11346    48   115
  7020 -11400    35   119
  7030 -11480    37    95
  7040 -11560    38   117
  7050 -11657    35   112
  7060 -11730    56   106
  7070 -11811    40   103
  7080 -11882    51   141
  7090 -11950    51   141
  7100 -11982    65   107
  7110 -12047    40   112
  7120 -12100    53   123
  7130 -12117    45   128
  7140 -12143    43    97
  7150 -12147    43   117
  7160 -12172    31   115
  7170 -12185    46   119
  7180 -12203    48   127
  7190 -12194    59   112
  7200 -12207    51   113
  7210 -12200    41   111
  7220 -12214    57   124
  7230 -12220    40   112
  7240 -12226    47   125
  7250 -12227    53   105
  7260 -12252    39   110
  7270 -12226    76   114
  7280 -12240    32   118
  7290 -12264    50   103
  7300 -12238    57   110
  7310 -12230    50   132
  7320 -12259    48   127
  7330 -12259    79   117
  7340 -12257    50    90
  7350 -12267    49   106
  7360 -12284    57   104
  7370 -12281    51   105
  7380 -12271    54   100
  7390 -12281    51   123
  7400 -12278    64   117
  7410 -12300    41   112
  7420 -12307    48   130
  7430 -12304    50   109
  7440 -12330    47   123
  7450 -12323    58   118
  7460 -12301    54   117
  7470 -12344    40   129
  7480 -12336    41   122
  7490 -12313    51   120
  7500 -12327    32    97
  7510 -12323    45   115
  7520 -12340    57   143
  7530 -12332    60   114
  7540 -12349    56   131
  7550 -12333    34   149
  7560 -12340    48   131
  7570 -12326    56   126
  7580 -12336    45   116
  7590 -12340    42   129
  7600 -12354    55   115
  7610 -12333    56   115
  7620 -12346    42   129
  7630 -12348    41   124
  7640 -12348    36   126
  7650 -12344    62   126
  7660 -12368    51   141
  7670 -12334    65   130
  7680 -12338    48    87
  7690 -12373    53   137
  7700 -12354    49   122
  7710 -12341    40   116
  7720 -12324    54   138
  7730 -12349    46   123
  7740 -12342    54   134
  7750 -12359    49   114
  7760 -12342    46   116
  7770 -12357    49   129
  7780 -12352    72   130
  7790 -12361    57   123
  7800 -12349    48   104
  7810 -12330    63   141
  7820 -12337    53   117
  7830 -12345    51   105
  7840 -12323    44   109
  7850 -12320    36   147
  7860 -12327    44   115
  7870 -12300    63   115
  7880 -12343    56   132
  7890 -12314    39   111
  7900 -12320    40   120
  7910 -12311    67   137
  7920 -12290    53   121
  7930 -12262    57   133
  7940 -12273    43   123
  7950 -12301    52   133
  7960 -12254    54   109
  7970 -12273    46   116
  7980 -12268    53   155
  7990 -12260    45   115
  8000 -12251    37   133
  8010 -12256    44   132
  8020 -12258    44   134
  8030 -12227    54   110
  8040 -12241    47   124
  8050 -12233    75   116
  8060 -12225    60   103
  8070 -12235    38   110
  8080 -12201    46   117
  8090 -12212    58   132
  8100 -12223    54   144
  8110 -12212    42   133
  8120 -12192    41   122
  8130 -12186    36   120
  8140 -12204    69   109
  8150 -12193    40   111
  8160 -12204    47   125
  8170 -12165    49   117
  8180 -12177    52   126
  8190 -12158    55   125
  8200 -12144    59   107
  8210 -12146    47   130
  8220 -12140    43   139
  8230 -12147    40   128
  8240 -12163    50   123
  8250 -12135    55   139
  8260 -12136    57   117
  8270 -12121    60   110
  8280 -12124    60   108
  8290 -12130    63   107
  8300 -12126    59   146
  8310 -12130    44   150
  8320 -12104    59   118
  8330 -12104    42   108
  8340 -12111    60   101
  8350 -12098    39   104
  8360 -12098    43   119
  8370 -12111    30   113
  8380 -12093    40   106
  8390 -12064    44    95
  8400 -12102    53   119
  8410 -12079    34   111
  8420 -12111    74   107
  8430 -12085    54   130
  8440 -12088    53   117
  8450 -12097    46   123
  8460 -12098    47   109
  8470 -12077    50   125
  8480 -12062    53   121
  8490 -12062    55   123
  8500 -12096    58   135
  8510 -12074    59   103
  8520 -12067    56   123
  8530 -12098    44   121
  8540 -12070    58   107
  8550 -12080    47   110
  8560 -12078    38   143
  8570 -12079    35   111
  8580 -12084    55   144
  8590 -12085    61   125
  8600 -12097    58   124
  8610 -12087    50   112
  8620 -12076    49   109
  8630 -12098    36   120
  8640 -12081    59   130
  8650 -12098    44   142
  8660 -12086    34   119
  8670 -12102    41   139
  8680 -12115    64   126
  8690 -12117    44   119
  8700 -12102    62   134
  8710 -12097    40   116
  8720 -12103    60   129
  8730 -12111    62   123
  8740 -12103    37   114
  8750 -12120    37    98
  8760 -12132    58   146
  8770 -12130    58   134
  8780 -12139    55   146
  8790 -12123    53   122
  8800 -12137    46   119
  8810 -12144    51   135
  8820 -12154    37   128
  8830 -12161    41   111
  8840 -12134    48   123
  8850 -12137    24   143
  8860 -12171    42   114
  8870 -12163    38   115
  8880 -12162    38   107
  8890 -12148    34   123
  8900 -12163    33   138
  8910 -12163    46   130
  8920 -12171    51   124
  8930 -12161    51   137
  8940 -12172    30   128
  8950 -12165    39   108
  8960 -12180    43   118
  8970 -12192    54   133
  8980 -12183    49   136
  8990 -12185    54   129
  9000 -12169    63   122
  9010 -12173    35   131
  9020 -12194    28   105
  9030 -12204    49   130
  9040 -12189    51   106
  9050 -12202    50   133
  9060 -12218    57   114
  9070 -12228    54   103
  9080 -12225    52   148
  9090 -12185    58   122
  9100 -12216    57   120
  9110 -12219    47   118
  9120 -12218    65   117
  9130 -12227    45   130
  9140 -12238    57   130
  9150 -12224    66   119
  9160 -12227    35   123
  9170 -12221    44   122
  9180 -12219    49   127
  9190 -12204    61   139
  9200 -12236    51   112
  9210 -12209    57   103
  9220 -12226    68   117
  9230 -12214    39   122
  9240 -12239    41   107
  9250 -12233    47   119
  9260 -12225    39   106
  9270 -12224    54   126
  9280 -12238    57   135
  9290 -12235    64   129
  9300 -12216    62   131
  9310 -12206    54   121
  9320 -12231    47   118
  9330 -12235    35   130
  9340 -12243    36   135
  9350 -12202    43   123
  9360 -12201    28   129
  9370 -12200    47   126
  9380 -12216    48   133
  9390 -12220    35   119
  9400 -12180    36   126
  9410 -12176    46   126
  9420 -12187    22   112
  9430 -12171    52   122
  9440 -12183    48   112
  9450 -12180    35   106
  9460 -12185    66   123
  9470 -12190    39   124
  9480 -12170    45   129
  9490 -12182    52   121
  9500 -12167    43   110
  9510 -12166    29   134
  9520 -12165    52   126
  9530 -12157    30   115
  9540 -12178    41   134
  9550 -12162    33   135
  9560 -12157    44   114
  9570 -12140    47   109
  9580 -12131    42   115
  9590 -12125    67   132
  9600 -12118    42   125
  9610 -12130    44   108
  9620 -12095    51   118
  9630 -12104    58   130
  9640 -12110    50   139
  9650 -12111    34   120
  9660 -12091    42   115
  9670 -12084    33   136
  9680 -12052    59   124
  9690 -12075    44   153
  9700 -12092    52   113
  9710 -12053    44   128
  9720 -12066    42   116
  9730 -12059    59   130
  9740 -12048    57   138
  9750 -12042    58   151
  9760 -12026    45   139
  9770 -12028    54   128
  9780 -12022    52   141
  9790 -12026    33   118
  9800 -12021    59   142
  9810 -12002    61   117
  9820 -12012    38   113
  9830 -12009    46   112
  9840 -11999    47   109
  9850 -11980    41   113
  9860 -11960    61   127
  9870 -11963    47   157
  9880 -11975    55   109
  9890 -11975    50   126
  9900 -11953    49   119
  9910 -11964    37   113
  9920 -11950    50   114
  9930 -11965    63   118
  9940 -11943    40   122
  9950 -11927    46   123
  9960 -11927    59    93
  9970 -11921    59   155
  9980 -11921    45   106
  9990 -11898    46   146
 10000 -11913    46   171
 10010 -11902    53   150
 10020 -11911    48    91
 10030 -11906    64   121
 10040 -11900    42   118
 10050 -11865    50   117
 10060 -11899    46   129
 10070 -11880    43   110
 10080 -11883    45   125
 10090 -11860    34   125
 10100 -11858    54   131
 10110 -11861    52   152
 10120 -11868    50   107
 10130 -11881    45   134
 10140 -11877    30   125
 10150 -11849    40   109
 10160 -11850    66   115
 10170 -11846    50   114
 10180 -11864    49   139
 10190 -11844    47   111
 10200 -11845    52   116
 10210 -11855    43   103
 10220 -11847    47   141
 10230 -11835    47   127
 10240 -11830    36   105
 10250 -11831    33   134
 10260 -11845    60   127
 10270 -11837    31   114
 10280 -11848    47   108
 10290 -11837    31   128
 10300 -11857    48   131
 10310 -11834    39   111
 10320 -11840    53   142
 10330 -11851    39   141
 10340 -11850    44   124
 10350 -11848    45   120
 10360 -11865    38   109
 10370 -11848    40   106
 10380 -11858    49   112
 10390 -11859    61   149
 10400 -11859    50   125
 10410 -11852    46   123
 10420 -11872    52   107
 10430 -11848    44   130
 10440 -11860    47   127
 10450 -11864    57   119
 10460 -11857    37   133
 10470 -11865    41   126
 10480 -11865    44   136
 10490 -11864    46   134
 10500 -11882    49   117
 10510 -11872    39   106
 10520 -11870    37   123
 10530 -11894    46   132
 10540 -11878    55   121
 10550 -11881    50   132
 10560 -11866    35   127
 10570 -11898    35   112
 10580 -11908    50   120
 10590 -11875    41   131
 10600 -11889    48   109
 10610 -11896    48   124
 10620 -11921    49   126
 10630 -11898    38   123
 10640 -11934    37   118
 10650 -11906    53   134
 10660 -11927    32   120
 10670 -11913    45   119
 10680 -11913    65   112
 10690 -11907    50   142
 10700 -11915    48   126
 10710 -11940    37   118
 10720 -11935    46   141
 10730 -11934    38   125
 10740 -11942    41   101
 10750 -11930    58   127
 10760 -11936    52   135
 10770 -11961    43   129
 10780 -11944    52   124
 10790 -11957    32   126
 10800 -11961    43   102
 10810 -11961    44   109
 10820 -11938    53   121
 10830 -11956    43   110
 10840 -11963    22   119
 10850 -11953    35   138
 10860 -11964    43   110
 10870 -11958    45   120
 10880 -11947    56   104
 10890 -11989    50   128
 10900 -11976    33   133
 10910 -11964    49   127
 10920 -11970    48   123
 10930 -11962    53   124
 10940 -11971    29   108
 10950 -11984    35   122
 10960 -11949    49   116
 10970 -11947    50   121
 10980 -11955    41   101
 10990 -11960    48    97
 11000 -11943    48   128
 11010 -11952    37   127
 11020 -11977    56   130
 11030 -11937    67   119
 11040 -11971    42   144
 11050 -11955    53   113
 11060 -11951    61   110
 11070 -11953    38   146
 11080 -11948    45   117
 11090 -11929    45   129
 11100 -11924    56   121
 11110 -11933    56   114
 11120 -11942    49   132
 11130 -11938    51   110
 11140 -11933    35   132
 11150 -11913    22   125
 11160 -11917    49   107
 11170 -11905    47   139
 11180 -11903    56   133
 11190 -11902    22   120
 11200 -11903    41   135
 11210 -11892    60   139
 11220 -11927    31   118
 11230 -11869    40   131
 11240 -11898    42   115
 11250 -11884    55   132
 11260 -11888    60   102
 11270 -11869    61   131
 11280 -11900    73   102
 11290 -11872    62   116
 11300 -11855    36   114
 11310 -11866    57   113
 11320 -11847    51   124
 11330 -11829    53   126
 11340 -11828    50   124
 11350 -11822    33   112
 11360 -11829    50   129
 11370 -11831    63   142
 11380 -11809    57   159
 11390 -11780    45   110
 11400 -11792    38   110
 11410 -11772    51   133
 11420 -11792    41   127
 11430 -11804    46   141
 11440 -11769    43   121
 11450 -11785    52   123
 11460 -11776    35   118
 11470 -11742    42   141
 11480 -11756    46   109
 11490 -11735    65    99
 11500 -11735    54   103
 11510 -11707    17   123
 11520 -11720    45   117
 11530 -11706    45   111
 11540 -11711    56   118
 11550 -11694    48   139
 11560 -11692    54   109
 11570 -11682    31   118
 11580 -11678    46   109
 11590 -11667    57   130
 11600 -11676    37   112
 11610 -11664    61   118
 11620 -11684    38   107
 11630 -11654    58   135
 11640 -11630    46   131
 11650 -11643    46   149
 11660 -11620    33   120
 11670 -11615    51   108
 11680 -11629    22   125
 11690 -11612    38   120
 11700 -11608    59   123
 11710 -11598    50   127
 11720 -11608    57   114
 11730 -11582    57   118
 11740 -11581    60   127
 11750 -11572    60   128
 11760 -11583    38   143
 11770 -11569    38   112
 11780 -11557    35   136
 11790 -11559    37   117
 11800 -11542    43   120
 11810 -11545    55   117
 11820 -11518    40    96
 11830 -11540    27   146
 11840 -11539    27   102
 11850 -11532    42   129
 11860 -11536    46   110
 11870 -11508    48   123
 11880 -11517    47   111
 11890 -11519    44   110
 11900 -11533    41   108
 11910 -11511    50   108
 11920 -11519    42   108
 11930 -11504    35   117
 11940 -11497    38   112
 11950 -11489    47   114
 11960 -11519    51   114
 11970 -11524    54   132
 11980 -11486    34   111
 11990 -11485    41   121
 12000 -11508    40   144
 12010 -11498    62   137
 12020 -11484    47   111
 12030 -11496    49   125
 12040 -11478    31    92
 12050 -11463    36   119
 12060 -11476    30   110
 12070 -11498    40   124
 12080 -11487    51   126
 12090 -11500    33   126
 12100 -11495    40   120
 12110 -11474    57   124
 12120 -11510    42   105
 12130 -11492    49   111
 12140 -11515    50   107
 12150 -11499    34   119
 12160 -11511    26   129
 12170 -11491    49   110
 12180 -11497    41   113
 12190 -11477    40   114
 12200 -11487    54   120
 12210 -11488    39   142
 12220 -11510    32   150
 12230 -11511    52   105
 12240 -11519    44   119
 12250 -11509    43   132
 12260 -11514    47   115
 12270 -11501    53   131
 12280 -11513    33   121
 12290 -11511    55   123
 12300 -11531    49   140
 12310 -11520    43   111
 12320 -11517    51   109
 12330 -11523    38   108
 12340 -11514    46   115
 12350 -11514    40   117
 12360 -11532    43   139
 12370 -11514    41   122
 12380 -11541    44   118
 12390 -11527    56   106
 12400 -11533    43   137
 12410 -11554    49   103
 12420 -11553    50   107
 12430 -11544    51   138
 12440 -11544    41   128
 12450 -11521    22   110
 12460 -11535    39   136
 12470 -11558    54   119
 12480 -11559    30   107
 12490 -11555    46   150
 12500 -11581    39   120
 12510 -11576    42   112
 12520 -11560    39   136
 12530 -11563    52   133
 12540 -11566    55   132
 12550 -11577    42   114
 12560 -11544    38   123
 12570 -11588    61   126
 12580 -11568    26   116
 12590 -11595    31    95
 12600 -11560    47   102
 12610 -11586    56   104
 12620 -11578    51   122
 12630 -11583    26   136
 12640 -11572    53   114
 12650 -11549    57   134
 12660 -11578    43   115
 12670 -11559    34   117
 12680 -11589    44   116
 12690 -11572    69   123
 12700 -11576    52   125
 12710 -11568    40   105
 12720 -11567    42   107
 12730 -11589    42   133
 12740 -11574    39   110
 12750 -11571    33   106
 12760 -11565    43   103
 12770 -11553    15   117
 12780 -11573    59   100
 12790 -11565    48   137
 12800 -11554    43   103
 12810 -11556    47   134
 12820 -11560    37   107
 12830 -11580    32   129
 12840 -11545    35   123
 12850 -11553    34   115
 12860 -11561    54   132
 12870 -11547    50   136
 12880 -11537    30   130
 12890 -11541    46   128
 12900 -11543    43   127
 12910 -11533    49   120
 12920 -11516    38   128
 12930 -11532    42   120
 12940 -11540    45   148
 12950 -11511    30   126
 12960 -11499    62    94
 12970 -11501    53   118
 12980 -11500    48   120
 12990 -11494    36   131
 13000 -11517    48   144
 13010 -11500    49   131
 13020 -11504    45   140
 13030 -11520    48   132
 13040 -11486    51   125
 13050 -11477    40   116
 13060 -11466    32   121
 13070 -11464    40   111
 13080 -11435    50   121
 13090 -11442    28   129
 13100 -11465    58   142
 13110 -11447    53   139
 13120 -11446    36   132
 13130 -11401    43   121
 13140 -11413    38   131
 13150 -11415    33   113
 13160 -11422    26   108
 13170 -11393    48   118
 13180 -11415    55   117
 13190 -11385    43   118
 13200 -11382    42   150
 13210 -11386    38   133
 13220 -11412    46   130
 13230 -11398    36   129
 13240 -11413    38   124
 13250 -11443    53   130
 13260 -11425    28   118
 13270 -11442    48   128
 13280 -11424    38   114
 13290 -11424    43   120
 13300 -11387    50   131
 13310 -11399    40   140
 13320 -11378    39   112
 13330 -11392    36   129
 13340 -11372    59   125
 13350 -11385    58   127
 13360 -11379    41   125
 13370 -11376    42   129
 13380 -11365    47   114
 13390 -11332    48   129
 13400 -11362    49   117
 13410 -11366    51   111
 13420 -11375    34   138
 13430 -11398    38   146
 13440 -11414    51   106
 13450 -11432    43   133
 13460 -11459    25   114
 13470 -11483    27   129
 13480 -11474    52   128
 13490 -11476    46   116
 13500 -11463    43   100
 13510 -11474    35   112
 13520 -11459    36   126
 13530 -11465    43   144
 13540 -11449    55   121
 13550 -11448    27   123
 13560 -11430    27   118
 13570 -11422    58   125
 13580 -11437    48   107
 13590 -11435    28   129
 13600 -11424    38   114
 13610 -11407    46   124
 13620 -11389    33   121
 13630 -11403    29   122
 13640 -11402    66   106
 13650 -11425    40   106
 13660 -11443    34   110
 13670 -11415    40   121
 13680 -11456    40   107
 13690 -11487    51   101
 13700 -11485    36   112
 13710 -11472    59   106
 13720 -11490    48   106
 13730 -11454    37   116
 13740 -11482    55   116
 13750 -11467    45   135
 13760 -11483    51   128
 13770 -11479    59   120
 13780 -11498    43   113
 13790 -11454    41   103
 13800 -11460    36   110
 13810 -11480    33   138
 13820 -11469    54    99
 13830 -11452    38   105
 13840 -11475    62   111
 13850 -11443    35   132
 13860 -11447    36   127
 13870 -11466    43   146
 13880 -11453    30   118
 13890 -11483    34   131
 13900 -11480    48   123
 13910 -11471    61   114
 13920 -11493    30   111
 13930 -11500    47   139
 13940 -11495    40    97
 13950 -11471    55   122
 13960 -11490    47   130
 13970 -11505    24   121
 13980 -11516    22   118
 13990 -11500    35   138
 14000 -11506    36   128
 14010 -11482    38   133
 14020 -11501    32   122
 14030 -11504    43   145
 14040 -11500    41   125
 14050 -11500    39   111
 14060 -11511    43   126
 14070 -11483    52   119
 14080 -11500    25   112
 14090 -11526    28   120
 14100 -11494    41   127
 14110 -11528    43   111
 14120 -11513    48   147
 14130 -11541    49   112
 14140 -11537    30   135
 14150 -11511    36   122
 14160 -11504    62   126
 14170 -11534    42   105
 14180 -11523    35   127
 14190 -11547    46    98
 14200 -11517    54   129
 14210 -11520    37   124
 14220 -11527    37   116
 14230 -11533    36   131
 14240 -11510    33   119
 14250 -11527    45   147
 14260 -11535    45   121
 14270 -11531    45   132
 14280 -11527    26   140
 14290 -11531    46    98
 14300 -11552    44   112
 14310 -11537    42   109
 14320 -11530    39   101
 14330 -11557    38   126
 14340 -11547    40   123
 14350 -11545    46   127
 14360 -11543    49   120
 14370 -11537    29   107
 14380 -11539    46   123
 14390 -11529    45   140
 14400 -11553    27   120
 14410 -11578    37   122
 14420 -11549    48   123
 14430 -11549    46   137
 14440 -11536    33   105
 14450 -11547    45   118
 14460 -11544    45   116
 14470 -11552    34   132
 14480 -11545    47   107
 14490 -11580    37   119
 14500 -11537    42   116
 14510 -11560    49   124
 14520 -11560    39   138
 14530 -11543    37   131
 14540 -11524    39   134
 14550 -11560    53   135
 14560 -11548    44   150
 14570 -11531    37   125
 14580 -11551    39   127
 14590 -11553    33   120
 14600 -11530    60   132
 14610 -11545    45   131
 14620 -11521    49   105
 14630 -11543    50   137
 14640 -11533    54   147
 14650 -11537    53   111
 14660 -11520    50   127
 14670 -11490    38   120
 14680 -11512    48   111
 14690 -11501    49   137
 14700 -11495    52   125
 14710 -11509    36   133
 14720 -11487    39   130
 14730 -11497    36   111
 14740 -11474    59   119
 14750 -11464    43   106
 14760 -11476    42   129
 14770 -11473    58   137
 14780 -11481    39   112
 14790 -11488    42   128
 14800 -11471    53   108
 14810 -11471    46   119
 14820 -11456    57   126
 14830 -11466    42   142
 14840 -11450    49   118
 14850 -11444    45   134
 14860 -11438    45   141
 14870 -11426    46   111
 14880 -11447    57   121
 14890 -11438    42   136
 14900 -11406    45   123
 14910 -11410    47   145
 14920 -11412    40   112
 14930 -11408    45   144
 14940 -11396    37   110
 14950 -11376    20   110
 14960 -11383    50   143
 14970 -11365    39   111
 14980 -11377    24   132
 14990 -11367    34   142
 15000 -11381    43   130
 15010 -11387    35   130
 15020 -11416    29    91
 15030 -11444    39   140
 15040 -11468    44   133
 15050 -11472    69   117
 15060 -11480    36   120
 15070 -11476    52   117
 15080 -11487    41   113
 15090 -11479    59   118
 15100 -11493    37   113
 15110 -11491    43   112
 15120 -11488    30   121
 15130 -11445    49   103
 15140 -11478    42   117
 15150 -11446    50   119
 15160 -11443    44   136
 15170 -11437    48   122
 15180 -11423    58   119
 15190 -11424    46   123
 15200 -11396    31   128
 15210 -11400    45   135
 15220 -11422    45   126
 15230 -11433    40   108
 15240 -11419    43   127
 15250 -11460    37   117
 15260 -11467    41   122
 15270 -11467    43   129
 15280 -11474    32   136
 15290 -11480    46   115
 15300 -11475    38   121
 15310 -11476    48   121
 15320 -11465    43   128
 15330 -11450    33   122
 15340 -11439    49   126
 15350 -11433    45   130
 15360 -11424    50   113
 15370 -11426    41   126
 15380 -11422    59   116
 15390 -11414    44   127
 15400 -11409    52   118
 15410 -11413    51   116
 15420 -11392    45   155
 15430 -11410    46   112
 15440 -11412    42   127
 15450 -11420    54   102
 15460 -11426    43   108
 15470 -11430    65   106
 15480 -11460    43   122
 15490 -11507    30   123
 15500 -11505    44    97
 15510 -11511    41   117
 15520 -11544    27   137
 15530 -11535    53   113
 15540 -11511    49   115
 15550 -11520    37   129
 15560 -11538    34   129
 15570 -11511    56   112
 15580 -11509    39   118
 15590 -11528    52   111
 15600 -11515    38   128
 15610 -11506    38   125
 15620 -11519    58   103
 15630 -11507    21   119
 15640 -11484    49   118
 15650 -11481    41   132
 15660 -11496    51   120
 15670 -11504    63   127
 15680 -11499    49   125
 15690 -11505    44   136
 15700 -11495    45   111
 15710 -11505    38   130
 15720 -11513    57   134
 15730 -11504    43   127
 15740 -11506    38   125
 15750 -11500    30   123
 15760 -11513    38   120
 15770 -11496    23   122
 15780 -11497    39   109
 15790 -11501    47   115
 15800 -11506    48   112
 15810 -11499    38   134
 15820 -11513    53   142
 15830 -11505    27   121
 15840 -11503     7   107
 15850 -11508    42   132
 15860 -11486    31   136
 15870 -11515    38   104
 15880 -11508    45   124
 15890 -11498    34   132
 15900 -11505    18   138
 15910 -11509    41   131
 15920 -11527    47   113
 15930 -11517    37   135
 15940 -11497    54   130
 15950 -11516    44   127
 15960 -11512    37   100
 15970 -11525    32   106
 15980 -11513    32   126
 15990 -11533    44   136
 16000 -11536    53   128
 16010 -11525    43   139
 16020 -11527    44   114
 16030 -11523    49   149
 16040 -11536    41   138
 16050 -11542    32   136
 16060 -11544    37   125
 16070 -11529    39   109
 16080 -11535    31   114
 16090 -11530    38   109
 16100 -11529    37   119
 16110 -11529    16   115
 16120 -11549    38   130
 16130 -11532    42   107
 16140 -11540    51   125
 16150 -11549    45   103
 16160 -11556    34   136
 16170 -11554    21   108
 16180 -11538    35   145
 16190 -11574    38   126
 16200 -11544    44   140
 16210 -11533    29   127
 16220 -11534    50   141
 16230 -11548    39   117
 16240 -11554    41   130
 16250 -11557    52   132
 16260 -11540    28   133
 16270 -11527    50   121
 16280 -11520    50   140
 16290 -11530    34   123
 16300 -11532    30   118
 16310 -11542    37   128
 16320 -11530    34   125
 16330 -11533    48   104
 16340 -11506    36   124
 16350 -11531    36   113
 16360 -11540    26   145
 16370 -11524    44   113
 16380 -11516    45   140
 16390 -11530    42   146
 16400 -11517    14   116
 16410 -11512    30   115
 16420 -11511    57   109
 16430 -11488    44   124
 16440 -11525    35   132
 16450 -11512    48   109
 16460 -11509    51   116
 16470 -11498    34   124
 16480 -11499    62   128
 16490 -11483    35   111
 16500 -11472    33   111
 16510 -11487    25   142
 16520 -11463    42   128
 16530 -11473    29   121
 16540 -11475    56   125
 16550 -11477    35   102
 16560 -11467    49   138
 16570 -11483    23   133
 16580 -11435    29   134
 16590 -11461    33   111
 16600 -11467    23   116
 16610 -11455    40   131
 16620 -11468    25   124
 16630 -11462    44   117
 16640 -11453    43   126
 16650 -11438    39   116
 16660 -11442    42   134
 16670 -11428    30   131
 16680 -11420    50   120
 16690 -11434    30   141
 16700 -11412    47   140
 16710 -11421    36   124
 16720 -11385    36   128
 16730 -11409    31   136
 16740 -11395    44   129
 16750 -11379    50   115
 16760 -11354    52   101
 16770 -11364    34   109
 16780 -11359    50   131
 16790 -11376    43   119
 16800 -11392    47   110
 16810 -11374    41   122
 16820 -11394    29   134
 16830 -11409    27   136
 16840 -11462    46   114
 16850 -11474    52   121
 16860 -11504    42   101
 16870 -11484    37   113
 16880 -11506    36    89
 16890 -11490    34   122
 16900 -11485    41   138
 16910 -11534    45   124
 16920 -11503    41   129
 16930 -11494    31   142
 16940 -11457    40   131
 16950 -11478    38   122
 16960 -11462    48   125
 16970 -11457    49   145
 16980 -11452    44   118
 16990 -11449    35   119
 17000 -11438    48   128
 17010 -11437    48   132
 17020 -11441    27   119
 17030 -11430    47   109
 17040 -11444    45   115
 17050 -11434    44   115
 17060 -11459    42   129
 17070 -11474    35   119
 17080 -11472    47   124
 17090 -11485    45   137
 17100 -11457    46   112
 17110 -11460    44   108
 17120 -11450    45   119
 17130 -11444    37    98
 17140 -11439    55   130
 17150 -11423    57   123
 17160 -11433    47   116
 17170 -11416    38   128
 17180 -11425    34   120
 17190 -11410    52   118
 17200 -11431    31   106
 17210 -11400    47   139
 17220 -11400    37   150
 17230 -11409    45   136
 17240 -11410    15   125
 17250 -11407    56   127
 17260 -11420    38   142
 17270 -11438    38   122
 17280 -11452    44   126
 17290 -11464    56   100
 17300 -11486    44   124
 17310 -11528    40   132
 17320 -11542    42   107
 17330 -11532    52   119
 17340 -11525    47   119
 17350 -11557    56   123
 17360 -11533    30   117
 17370 -11540    54    96
 17380 -11532    41   123
 17390 -11528    48   115
 17400 -11506    38   124
 17410 -11501    52   118
 17420 -11485    42   119
 17430 -11520    41   111
 17440 -11521    27   122
 17450 -11516    34   139
 17460 -11528    42   105
 17470 -11506    40   124
 17480 -11494    56   112
 17490 -11496    26   120
 17500 -11504    27   129
 17510 -11505    38   125
 17520 -11510    54   158
 17530 -11519    30   101
 17540 -11520    39   112
 17550 -11501    29   131
 17560 -11517    19   124
 17570 -11505    31   129
 17580 -11493    59   136
 17590 -11509    40   132
 17600 -11511    35   126
 17610 -11493    29   112
 17620 -11505    32   134
 17630 -11507    40   108
 17640 -11509    56   117
 17650 -11491    39   127
 17660 -11486    44   111
 17670 -11473    45   125
 17680 -11475    25   122
 17690 -11511    34   144
 17700 -11487    51   127
 17710 -11511    37   126
 17720 -11492    29   140
 17730 -11510    50   127
 17740 -11525    31   121
 17750 -11495    43   114
 17760 -11534    35   138
 17770 -11524    25   122
 17780 -11511    41   123
 17790 -11548    49   111
 17800 -11490    46   116
 17810 -11524    42   138
 17820 -11511    40   115
 17830 -11503    33   119
 17840 -11508    51   106
 17850 -11511    31    83
 17860 -11534    37   113
 17870 -11521    41   126
 17880 -11530    37   128
 17890 -11529    49   111
 17900 -11531    23   108
 17910 -11524    57   136
 17920 -11530    24   105
 17930 -11527    45   124
 17940 -11534    48   140
 17950 -11515    17   125
 17960 -11517    40   107
 17970 -11549    42   123
 17980 -11549    32   114
 17990 -11545    49   136
 18000 -11544    39   128
 18010 -11525    56   118
 18020 -11542    32   121
 18030 -11514    49   140
 18040 -11508    32   143
 18050 -11510    45   138
 18060 -11528    43   118
 18070 -11538    30   115
 18080 -11517    21   143
 18090 -11513    35   141
 18100 -11516    37   108
 18110 -11511    20   128
 18120 -11512    62   142
 18130 -11512    39   106
 18140 -11502    38   140
 18150 -11521    51   130
 18160 -11506    56   122
 18170 -11475    57   110
 18180 -11499    35   109
 18190 -11502    37   100
 18200 -11509    33   132
 18210 -11485    31   142
 18220 -11499    53   120
 18230 -11480    42   114
 18240 -11475    16   126
 18250 -11493    26   137
 18260 -11449    45   125
 18270 -11472    38   126
 18280 -11463    35   121
 18290 -11455    38   127
 18300 -11465    59    96
 18310 -11465    50   124
 18320 -11429    23   136
 18330 -11432    37   122
 18340 -11424    27   127
 18350 -11440    38   101
 18360 -11434    48   111
 18370 -11425    49   122
 18380 -11433    42   127
 18390 -11412    48   129
 18400 -11425    47   133
 18410 -11445    46   119
 18420 -11464    36   109
 18430 -11465    55   136
 18440 -11467    50   101
 18450 -11444    37   108
 18460 -11439    45   103
 18470 -11441    33   148
 18480 -11429    33   131
 18490 -11416    48   105
 18500 -11405    57   120
 18510 -11388    61   114
 18520 -11384    42   135
 18530 -11361    58   121
 18540 -11401    29   165
 18550 -11383    25   127
 18560 -11364    53   144
 18570 -11352    42   140
 18580 -11372    43   115
 18590 -11368    43   119
 18600 -11356    50   128
 18610 -11379    34   115
 18620 -11409    37   145
 18630 -11382    33   126
 18640 -11436    36   143
 18650 -11435    17   100
 18660 -11467    40   131
 18670 -11465    49   116
 18680 -11457    45   137
 18690 -11470    48    98
 18700 -11481    37   137
 18710 -11476    52   127
 18720 -11476    47   113
 18730 -11497    36   125
 18740 -11464    50   130
 18750 -11463    52   146
 18760 -11463    52   148
 18770 -11446    27   134
 18780 -11462    46   122
 18790 -11439    38   128
 18800 -11418    31   125
 18810 -11431    38   133
 18820 -11432    33   131
 18830 -11428    42   129
 18840 -11427    47   122
 18850 -11426    34   147
 18860 -11439    54   142
 18870 -11441    54   122
 18880 -11444    59   118
 18890 -11455    36   121
 18900 -11450    49   117
 18910 -11455    42   107
 18920 -11424    43   117
 18930 -11433    40   144
 18940 -11413    53   135
 18950 -11397    45   115
 18960 -11407    45   117
 18970 -11397    32   122
 18980 -11373    42   133
 18990 -11376    54   116
 19000 -11383    46   111
 19010 -11366    39   115
 19020 -11352    41   112
 19030 -11378    44   122
 19040 -11347    40   120
 19050 -11376    41   140
 19060 -11361    46   105
 19070 -11386    46   104
 19080 -11394    52   111
 19090 -11437    26   110
 19100 -11455    46   121
 19110 -11452    51   121
 19120 -11489    52   127
 19130 -11450    43   124
 19140 -11463    42   133
 19150 -11481    38   140
 19160 -11476    42    97
 19170 -11456    39   116
 19180 -11452    40   122
 19190 -11466    49   120
 19200 -11462    39   127
 19210 -11462    59   106
 19220 -11458    25   137
 19230 -11444    38   129
 19240 -11448    44   118
 19250 -11472    58   141
 19260 -11444    55   144
 19270 -11461    49   124
 19280 -11465    53   106
 19290 -11450    47   134
 19300 -11455    45   123
 19310 -11465    47   117
 19320 -11459    52   139
 19330 -11451    41   121
 19340 -11455    46    92
 19350 -11469    36   115
 19360 -11459    31   131
 19370 -11466    42   113
 19380 -11444    46   123
 19390 -11440    46   119
 19400 -11461    38   113
 19410 -11446    39   132
 19420 -11448    33   120
 19430 -11470    25   134
 19440 -11461    53   136
 19450 -11451    31   141
 19460 -11443    35   121
 19470 -11424    48   114
 19480 -11421    35   114
 19490 -11442    44   138
 19500 -11441    18   118
 19510 -11450    45   106
 19520 -11433    32   130
 19530 -11435    46   130
 19540 -11430    41   140
 19550 -11440    30   122
 19560 -11451    28   110
 19570 -11442    50   135
 19580 -11442    21   153
 19590 -11415    48   119
 19600 -11445    44   133
 19610 -11462    45   120
 19620 -11440    38   121
 19630 -11432    36   121
 19640 -11456    40   109
 19650 -11442    42   131
 19660 -11445    34   127
 19670 -11449    36   132
 19680 -11443    42   126
 19690 -11437    30   124
 19700 -11450    34   111
 19710 -11440    33   110
 19720 -11460    38   130
 19730 -11426    55   115
 19740 -11469    39   121
 19750 -11460    40   118
 19760 -11452    43   115
 19770 -11430    40   126
 19780 -11455    34   118
 19790 -11447    46   124
 19800 -11433    38   108
 19810 -11436    44   124
 19820 -11447    39   129
 19830 -11445    45   130
 19840 -11434    38   116
 19850 -11437    41   128
 19860 -11433    41   129
 19870 -11429    41   114
 19880 -11452    41   123
 19890 -11411    50   112
 19900 -11425    40   144
 19910 -11437    42   104
 19920 -11446    37   115
 19930 -11430    19   147
 19940 -11389    46   106
 19950 -11397    20   106
 19960 -11414    54   148
 19970 -11401    47   122
 19980 -11397    35   138
 19990 -11414    40   128
 20000 -11405    53   131
 20010 -11404    44   129
 20020 -11362    54   124
 20030 -11392    35   110
 20040 -11387    27   144
 20050 -11405    41   130
 20060 -11377    40   134
 20070 -11366    42   116
 20080 -11367    40   116
 20090 -11361    39   123
 20100 -11336    56   127
 20110 -11351    41   116
 20120 -11350    57   144
 20130 -11328    36   140
 20140 -11320    41   123
 20150 -11336    46   106
 20160 -11323    44   105
 20170 -11321    46   122
 20180 -11321    36   106
 20190 -11287    43   112
 20200 -11271    51   119
 20210 -11294    11   127
 20220 -11304    49   114
 20230 -11291    42   147
 20240 -11281    22   124
 20250 -11259    27   138
 20260 -11256    27   121
 20270 -11236    49   101
 20280 -11243    17   104
 20290 -11232    37   125
 20300 -11248    40   110
 20310 -11213    39   123
 20320 -11225    53   116
 20330 -11199    47   110
 20340 -11205    42   137
 20350 -11198    29   132
 20360 -11185    45   115
 20370 -11183    24   107
 20380 -11158    65   115
 20390 -11159    25   114
 20400 -11159    40   141
 20410 -11139    30   127
 20420 -11133    55   121
 20430 -11129    32   121
 20440 -11128    39   104
 20450 -11113    43   128
 20460 -11115    46   120
 20470 -11111    50   111
 20480 -11084    36   123
 20490 -11108    24   154
 20500 -11107    40   120
 20510 -11072    37   124
 20520 -11069    41   125
 20530 -11037    34   109
 20540 -11052    43   115
 20550 -11041    28   126
 20560 -11051    34   102
 20570 -11023    18   120
 20580 -11031    45   120
 20590 -11007    17   123
 20600 -11021    21   111
 20610 -11006    27   115
 20620 -11011    19   134
 20630 -10994    25   138
 20640 -11010    45   116
 20650 -10980    47   139
 20660 -10979    57   120
 20670 -11001    40   121
 20680 -11013    33   128
 20690 -10999    50   107
 20700 -10980    34   123
 20710 -10995    24   113
 20720 -11014    34   137
 20730 -11004    28   136
 20740 -10998    41   109
 20750 -11005    38   126
 20760 -11024    34    97
 20770 -11001    40   123
 20780 -10988    52   113
 20790 -11008    38   118
 20800 -10990    36   117
 20810 -11006    29   129
 20820 -11021    21   115
 20830 -10997    36   135
 20840 -11005    45   121
 20850 -11019    35   126
 20860 -11020    48   112
 20870 -11038    52   121
 20880 -11014    46   104
 20890 -11044    44   115
 20900 -11048    30   117
 20910 -11068    15    92
 20920 -11059    51   115
 20930 -11052    37    89
 20940 -11084    23   138
 20950 -11088    53   113
 20960 -11105    26   117
 20970 -11118    34   105
 20980 -11120    36   125
 20990 -11129    39   123
 21000 -11134    53   120
 21010 -11154    44   113
 21020 -11150    51   118
 21030 -11155    36   134
 21040 -11149    45   111
 21050 -11159    34   123
 21060 -11190    43   112
 21070 -11220    40   103
 21080 -11221    46   115
 21090 -11216    36   129
 21100 -11205    56   109
 21110 -11246    24   118
 21120 -11256    41   130
 21130 -11262    62   124
 21140 -11254    25   117
 21150 -11271    38   114
 21160 -11296    52   118
 21170 -11328    38   100
 21180 -11322    33   125
 21190 -11315    34   128
 21200 -11356    45   125
 21210 -11353    35   106
 21220 -11372    63   150
 21230 -11383    50   131
 21240 -11387    39   125
 21250 -11352    32   118
 21260 -11398    26   122
 21270 -11394    28   125
 21280 -11412    23   123
 21290 -11418    29   119
 21300 -11407    28   129
 21310 -11438    56   142
 21320 -11439    33   126
 21330 -11452    55    94
 21340 -11461    44   117
 21350 -11438    44   131
 21360 -11471    48   105
 21370 -11486    42   131
 21380 -11496    20   151
 21390 -11470    46   116
 21400 -11494    26   132
 21410 -11525    41   110
 21420 -11528    37   131
 21430 -11547    40   122
 21440 -11516    28   128
 21450 -11539    41   122
 21460 -11555    31   125
 21470 -11538    43   108
 21480 -11555    33   136
 21490 -11545    38   129
 21500 -11549    54   112
 21510 -11553    36   140
 21520 -11567    63   128
 21530 -11548    32   108
 21540 -11565    39   129
 21550 -11582    23   119
 21560 -11575    30   133
 21570 -11577    35   123
 21580 -11587    30   129
 21590 -11567    44   124
 21600 -11588    52   128
 21610 -11576    21   136
 21620 -11578    41   100
 21630 -11601    38   111
 21640 -11601    36   128
 21650 -11583    52   118
 21660 -11587    33   123
 21670 -11607    50   103
 21680 -11593    34   139
 21690 -11612    32   121
 21700 -11605    44   137
 21710 -11608    45   108
 21720 -11610    45   109
 21730 -11579    36   119
 21740 -11610    37   137
 21750 -11598    43   109
 21760 -11591    50   117
 21770 -11583    43   140
 21780 -11594    42   101
 21790 -11595    42   134
 21800 -11571    51   102
 21810 -11565    20   120
 21820 -11592    49   129
 21830 -11576    43   125
 21840 -11564    46   145
 21850 -11568    38   132
 21860 -11564    56   119
 21870 -11562    40   120
 21880 -11554    32   111
 21890 -11582    48   118
 21900 -11539    47   144
 21910 -11544    43   118
 21920 -11554    45   102
 21930 -11533    49   101
 21940 -11544    23   111
 21950 -11507    31   101
 21960 -11519    25   123
 21970 -11509    51    99
 21980 -11494    47   113
 21990 -11488    16   116
 22000 -11492    41   100
 22010 -11502    51   151
 22020 -11494    46   118
 22030 -11491    41   109
 22040 -11469    50   128
 22050 -11471    27   136
 22060 -11469    47   117
 22070 -11483    36   124
 22080 -11446    28   104
 22090 -11450    44   130
 22100 -11457    49   111
 22110 -11479    43   112
 22120 -11444    35   131
 22130 -11452    36   121
 22140 -11420    30   123
 22150 -11424    67   141
 22160 -11389    42   115
 22170 -11379    33   119
 22180 -11408    52   124
 22190 -11406    29   111
 22200 -11385    35   122
 22210 -11348    50    99
 22220 -11361    26   100
 22230 -11378    46   117
 22240 -11350    36   119
 22250 -11382    47   128
 22260 -11332    51   130
 22270 -11365    43   116
 22280 -11325    37   121
 22290 -11350    26   129
 22300 -11307    50   102
 22310 -11320    52   129
 22320 -11323    39   131
 22330 -11333    44   120
 22340 -11316    24   104
 22350 -11310    24   135
 22360 -11314    30   101
 22370 -11293    42   129
 22380 -11286    45   119
 22390 -11291    56   114
 22400 -11289    36   118
 22410 -11260    38   120
 22420 -11268    18   107
 22430 -11272    32   123
 22440 -11280    22   119
 22450 -11269    53   137
 22460 -11270    41   116
 22470 -11272    28   119
 22480 -11250    34   104
 22490 -11254    43   122
 22500 -11256    44   142
 22510 -11270    46   125
 22520 -11267    45   114
 22530 -11282    37   122
 22540 -11279    35   127
 22550 -11273    38   104
 22560 -11281    51   135
 22570 -11276    37   109
 22580 -11276    44   121
 22590 -11268    41   115
 22600 -11279    32   115
 22610 -11268    51   120
 22620 -11295    46   125
 22630 -11278    45   134
 22640 -11274    58   104
 22650 -11256    47   137
 22660 -11268    44   118
 22670 -11305    28   131
 22680 -11286    60   100
 22690 -11295    48   141
 22700 -11306    53   127
 22710 -11302    40   132
 22720 -11299    36   127
 22730 -11294    44   113
 22740 -11299    32   125
 22750 -11306    35   126
 22760 -11311    36   103
 22770 -11334    54   120
 22780 -11344    36   133
 22790 -11368    33   138
 22800 -11369    32   128
 22810 -11354    26   130
 22820 -11359    53   135
 22830 -11352    41   114
 22840 -11371    26   122
 22850 -11399    31   123
 22860 -11402    30   120
 22870 -11383    63   124
 22880 -11416    44   107
 22890 -11404    46   105
 22900 -11421    29   115
 22910 -11420    46   113
 22920 -11426    36   122
 22930 -11427    33   126
 22940 -11426    38   121
 22950 -11441    39   131
 22960 -11475    33   124
 22970 -11476    40   121
 22980 -11475    19   125
 22990 -11484    38   125
 23000 -11521    32   126
 23010 -11504    35   121
 23020 -11488    38   133
 23030 -11493    43   130
 23040 -11500    55   111
 23050 -11516    38   110
 23060 -11520    40   108
 23070 -11537    36   119
 23080 -11521    50   135
 23090 -11549    51   116
 23100 -11537    36   118
 23110 -11541    45   118
 23120 -11579    42   125
 23130 -11561    55   118
 23140 -11555    43   120
 23150 -11559    31   123
 23160 -11583    48   132
 23170 -11572    45   107
 23180 -11599    47   122
 23190 -11586    45   114
 23200 -11592    36   124
 23210 -11583    41   133
 23220 -11613    46   109
 23230 -11639    41   127
 23240 -11604    51   106
 23250 -11615    51   141
 23260 -11621    51   136
 23270 -11609    41   121
 23280 -11617    48   131
 23290 -11636    52   138
 23300 -11615    57   117
 23310 -11633    46   111
 23320 -11629    42   107
 23330 -11637    45   154
 23340 -11616    53   137
 23350 -11634    43   116
 23360 -11629    55   132
 23370 -11638    40   134
 23380 -11633    53   121
 23390 -11637    47   118
 23400 -11645    46   114
 23410 -11640    39   131
 23420 -11654    32    99
 23430 -11636    37   107
 23440 -11632    42   114
 23450 -11633    48   114
 23460 -11652    37    86
 23470 -11653    50   109
 23480 -11652    33   135
 23490 -11637    44   132
 23500 -11633    36   125
 23510 -11645    44   117
 23520 -11635    45   117
 23530 -11657    52   134
 23540 -11640    51   115
 23550 -11637    33   140
 23560 -11626    44   124
 23570 -11626    54    95
 23580 -11629    37   134
 23590 -11629    38   105
 23600 -11632    40   135
 23610 -11617    47   117
 23620 -11613    56   114
 23630 -11642    50   113
 23640 -11610    56   125
 23650 -11603    66   145
 23660 -11613    65   135
 23670 -11600    44    98
 23680 -11602    32   121
 23690 -11577    48   110
 23700 -11589    56   116
 23710 -11591    26   123
 23720 -11582    64   132
 23730 -11578    35   114
 23740 -11559    30   131
 23750 -11580    47   128
 23760 -11573    54   112
 23770 -11559    18   122
 23780 -11588    39   132
 23790 -11559    53   123
 23800 -11531    35   128
 23810 -11547    24   132
 23820 -11557    30   123
 23830 -11538    59   128
 23840 -11534    38   116
 23850 -11489    30   102
 23860 -11502    57   103
 23870 -11511    32   125
 23880 -11481    45   110
 23890 -11509    24   123
 23900 -11496    43   132
 23910 -11496    33   105
 23920 -11477    31   115
 23930 -11470    38   110
 23940 -11477    44   123
 23950 -11452    40   130
 23960 -11449    59   134
 23970 -11429    37   135
 23980 -11420    44   108
 23990 -11439    22   125
 24000 -11412    43   119
 24010 -11402    31   125
 24020 -11422    42   125
 24030 -11395    37   112
 24040 -11376    35   114
 24050 -11395    42   122
 24060 -11403    47   122
 24070 -11391    51   113
 24080 -11370    37   129
 24090 -11362    24   128
 24100 -11358    48   131
 24110 -11348    37    97
 24120 -11336    38   130
 24130 -11354    49   121
 24140 -11316    33   127
 24150 -11329    36    96
 24160 -11332    26   129
 24170 -11321    50   124
 24180 -11306    55   146
 24190 -11297    58   118
 24200 -11291    32   111
 24210 -11308    44   125
 24220 -11295    43   104
 24230 -11281    36   110
 24240 -11262    32   114
 24250 -11305    28   129
 24260 -11296    54   118
 24270 -11311    31   146
 24280 -11286    39   128
 24290 -11283    43   126
 24300 -11267    38   120
 24310 -11288    38   107
 24320 -11270    47   137
 24330 -11248    31   103
 24340 -11309    29   124
 24350 -11304    36   116
 24360 -11263    57   112
 24370 -11290    49   129
 24380 -11286    42   105
 24390 -11283    30   132
 24400 -11262    40   101
 24410 -11294    25   137
 24420 -11265    39   117
 24430 -11269    32   135
 24440 -11280    38   137
 24450 -11276    45   135
 24460 -11275    35   113
 24470 -11307    44   127
 24480 -11293    32   139
 24490 -11297    40   129
 24500 -11300    46   127
 24510 -11285    53   119
 24520 -11305    41   111
 24530 -11303    38   133
 24540 -11314    39   103
 24550 -11342    33   130
 24560 -11346    32   114
 24570 -11370    19   112
 24580 -11351    15   120
 24590 -11339    28   122
 24600 -11366    42   124
 24610 -11372    46   118
 24620 -11367    36   124
 24630 -11385    50   114
 24640 -11346    33   119
 24650 -11372    67   126
 24660 -11377    51   125
 24670 -11409    50   122
 24680 -11413    32   113
 24690 -11407    49   120
 24700 -11400    65   121
 24710 -11412    55   135
 24720 -11432    38    97
 24730 -11431    77   136
 24740 -11437    64   107
 24750 -11438    67   128
 24760 -11444    53   116
 24770 -11457    44   125
 24780 -11485    43   137
 24790 -11488    58   138
 24800 -11497    52   130
 24810 -11505    65   147
 24820 -11515    57   125
 24830 -11516    45   123
 24840 -11504    53   115
 24850 -11518    54   120
 24860 -11529    50   126
 24870 -11522    39   111
 24880 -11546    40   121
 24890 -11535    58   141
 24900 -11562    46   146
 24910 -11562    35   133
 24920 -11534    68   113
 24930 -11557    41   120
 24940 -11576    32   128
 24950 -11577    36   124
 24960 -11538    37   155
 24970 -11569    44   128
 24980 -11582    48   119
 24990 -11593    42   130
 25000 -11598    30   133
 25010 -11591    52   146
 25020 -11626    26   142
 25030 -11615    39   136
 25040 -11640    48   132
 25050 -11630    60   133
 25060 -11640    32   138
 25070 -11624    37   120
 25080 -11625    34   124
 25090 -11638    30   116
 25100 -11605    35   133
 25110 -11625    43   131
 25120 -11638    66   141
 25130 -11633    43   143
 25140 -11642    29   146
 25150 -11638    64   138
 25160 -11653    36   125
 25170 -11638    54   129
 25180 -11652    55   115
 25190 -11653    41   126
 25200 -11646    54   121
 25210 -11638    55   143
 25220 -11659    50   108
 25230 -11668    49   133
 25240 -11662    41   137
 25250 -11661    46   132
 25260 -11626    51   108
 25270 -11642    49   127
 25280 -11630    56   110
 25290 -11635    52   108
 25300 -11657    35   138
 25310 -11638    50   124
 25320 -11633    16   123
 25330 -11638    58   149
 25340 -11647    55   131
 25350 -11637    40   124
 25360 -11646    34   122
 25370 -11654    44   106
 25380 -11615    33   115
 25390 -11612    46   103
 25400 -11609    46   117
 25410 -11612    32   137
 25420 -11609    29   131
 25430 -11617    24   147
 25440 -11596    37   122
 25450 -11602    53   121
 25460 -11615    45   132
 25470 -11594    59   131
 25480 -11576    63   129
 25490 -11605    39   123
 25500 -11594    57   131
 25510 -11594    31   127
 25520 -11575    34   125
 25530 -11593    34   115
 25540 -11575    59   110
 25550 -11553    40   126
 25560 -11550    52   139
 25570 -11574    29   109
 25580 -11537    45   134
 25590 -11530    14   112
 25600 -11524    47   102
 25610 -11506    43   128
 25620 -11540    36   149
 25630 -11515    43   125
 25640 -11520    52   136
 25650 -11514    56   128
 25660 -11507    21    95
 25670 -11513    30   124
 25680 -11481    48   110
 25690 -11495    18   131
 25700 -11485    37   126
 25710 -11463    54   131
 25720 -11478    52   124
 25730 -11485    52   127
 25740 -11471    28   153
 25750 -11431    21   130
 25760 -11434    36   116
 25770 -11466    29   128
 25780 -11441    35   117
 25790 -11436    26   119
 25800 -11406    46   110
 25810 -11415    43   154
 25820 -11406    36   130
 25830 -11394    58   120
 25840 -11384    36   119
 25850 -11371    44   108
 25860 -11360    31   108
 25870 -11367    42   110
 25880 -11370    23   122
 25890 -11359    30   120
 25900 -11350    42   150
 25910 -11353    45   127
 25920 -11366    27   133
 25930 -11334    35   121
 25940 -11362    24   114
 25950 -11333    45   126
 25960 -11335    51   110
 25970 -11323    26   141
 25980 -11328    45   133
 25990 -11320    36   111
 26000 -11303    32   140
 26010 -11328    52   125
 26020 -11308    42   112
 26030 -11301    38   123
 26040 -11306    39   126
 26050 -11287    28   121
 26060 -11290    52   127
 26070 -11302    37   124
 26080 -11254    41   132
 26090 -11300    31   121
 26100 -11286    52   128
 26110 -11321   -15   141
 26120 -11284    61   145
 26130 -11282    38   125
 26140 -11277    47    99
 26150 -11296    64   153
 26160 -11317    16   102
 26170 -11280    25   118
 26180 -11306    45   138
 26190 -11304    47   147
 26200 -11308    25   127
 26210 -11277    56   112
 26220 -11300    37   123
 26230 -11280    13   103
 26240 -11305    52   116
 26250 -11309    45   126
 26260 -11305    -7   110
 26270 -11292    32   127
 26280 -11296    52   131
 26290 -11301    40   113
 26300 -11316    56   125
 26310 -11316    56   118
 26320 -11307    31   102
 26330 -11334    15   136
 26340 -11317    57   115
 26350 -11336    52   118
 26360 -11341    38   136
 26370 -11358    34   108
 26380 -11368    50   148
 26390 -11344    59   117
 26400 -11376    41   135
 26410 -11353    67   125
 26420 -11379    22   120
 26430 -11382    27   110
 26440 -11403    31   133
 26450 -11396    35   117
 26460 -11403    30   128
 26470 -11405    51   109
 26480 -11402    51   120
 26490 -11431    47   122
 26500 -11425    53   128
 26510 -11427    32   130
 26520 -11434    30   139
 26530 -11450    29   158
 26540 -11470    34   114
 26550 -11480    43   132
 26560 -11467    47   113
 26570 -11473    36   131
 26580 -11504    40   127
 26590 -11465    46   129
 26600 -11498    39   118
 26610 -11517    20   138
 26620 -11508    34   126
 26630 -11514    45   158
 26640 -11527    28   118
 26650 -11524    37   115
 26660 -11545    43   118
 26670 -11534    32   128
 26680 -11555    45    95
 26690 -11534    44   116
 26700 -11561    30   102
 26710 -11550    51   108
 26720 -11572    36   147
 26730 -11563    51   126
 26740 -11587    52   133
 26750 -11582    46   117
 26760 -11586    34   129
 26770 -11577    38   124
 26780 -11560    44   115
 26790 -11595    32   125
 26800 -11583    48   129
 26810 -11595    40   128
 26820 -11620    67   128
 26830 -11599    56   110
 26840 -11611    37   115
 26850 -11614    43    86
 26860 -11636    32   135
 26870 -11617    52   117
 26880 -11620    52   131
 26890 -11609    51   114
 26900 -11617    56   115
 26910 -11647    54   130
 26920 -11616    57   131
 26930 -11628    46   119
 26940 -11639    27   106
 26950 -11632    38   117
 26960 -11642    40   134
 26970 -11625    52   132
 26980 -11628    51   129
 26990 -11645    45   134
 27000 -11631    48   109
 27010 -11635    45   136
 27020 -11643    35   125
 27030 -11653    29   109
 27040 -11652    20   102
 27050 -11654   100   151
 27060 -11640    73   145
 27070 -11662    -3   197
 27080 -11646    -5   117
 27090 -11624   104    29
 27100 -11628     9   156
 27110 -11636    -4   128
 27120 -11629    94   107
 27130 -11641     9   164
 27140 -11639    29   119
 27150 -11637    69   108
 27160 -11632    13   112
 27170 -11624    13   127
 27180 -11616    35   144
 27190 -11629   106    74
 27200 -11619    58    79
 27210 -11606    29   113
 27220 -11618    91   112
 27230 -11611    37   137
 27240 -11606     9   162
 27250 -11611    41   126
 27260 -11612    36   110
 27270 -11567    39   124
 27280 -11568    66   119
 27290 -11596    64   128
 27300 -11574    52   102
 27310 -11578    13   151
 27320 -11563    54   133
 27330 -11578    41   126
 27340 -11567    36   129
 27350 -11556    45   155
 27360 -11527    58   133
 27370 -11561    60   120
 27380 -11564    42   126
 27390 -11533    40   149
 27400 -11521    16   120
 27410 -11531    23   125
 27420 -11522    54   111
 27430 -11518    62   112
 27440 -11499    28   121
 27450 -11494    43   138
 27460 -11507    52   132
 27470 -11488    37   112
 27480 -11490    29   124
 27490 -11487    28   109
 27500 -11468    35   124
 27510 -11470    48   119
 27520 -11454    34   106
 27530 -11460    59   127
 27540 -11448    55   128
 27550 -11442    35   124
 27560 -11440    21   133
 27570 -11425    39    99
 27580 -11424    22   124
 27590 -11410    36   106
 27600 -11386    47   128
 27610 -11399    36   120
 27620 -11387    37   102
 27630 -11377    39   130
 27640 -11382    25   118
 27650 -11375    48   111
 27660 -11380    36   129
 27670 -11377    30   135
 27680 -11375    31   128
 27690 -11376    43   126
 27700 -11348    20   134
 27710 -11362    41   127
 27720 -11342    40   134
 27730 -11341    43   116
 27740 -11322    43   124
 27750 -11315    38   122
 27760 -11325    30   128
 27770 -11300    46   113
 27780 -11331    28   136
 27790 -11309    45   130
 27800 -11303    47   145
 27810 -11312    10   122
 27820 -11300    39   111
 27830 -11287    39   134
 27840 -11270    40   109
 27850 -11280    34   120
 27860 -11286    37   128
 27870 -11283    55   116
 27880 -11287    37   117
 27890 -11287    55   123
 27900 -11276    38   132
 27910 -11307    22   133
 27920 -11293    55   123
 27930 -11294    48   125
 27940 -11295    18   143
 27950 -11313    43   126
 27960 -11314    36   123
 27970 -11324    46   137
 27980 -11293    38   137
 27990 -11313    37   116
 28000 -11304    47   132
 28010 -11295    36    88
 28020 -11307    53   125
 28030 -11300    50   147
 28040 -11307    39   131
 28050 -11310    40   125
 28060 -11306    34   114
 28070 -11304    53   128
 28080 -11322    36   138
 28090 -11327    37   122
 28100 -11311    45   120
 28110 -11304    47   121
 28120 -11317    54   115
 28130 -11335    35   115
 28140 -11335    39   118
 28150 -11317    47   125
 28160 -11357    47   139
 28170 -11350    54   123
 28180 -11367    52   109
 28190 -11392    34   132
 28200 -11376    51   114
 28210 -11380    51   122
 28220 -11379    43   111
 28230 -11385    38   125
 28240 -11401    37   112
 28250 -11395    44   126
 28260 -11394    45   124
 28270 -11403    27   106
 28280 -11424    33   115
 28290 -11430    32   127
 28300 -11398    42   119
 28310 -11436    30   121
 28320 -11445    47   120
 28330 -11434    38   120
 28340 -11466    45   121
 28350 -11496    45   132
 28360 -11480    50   118
 28370 -11480    56   125
 28380 -11473    52   114
 28390 -11505    45   143
 28400 -11516    32   140
 28410 -11506    46   122
 28420 -11513    27   135
 28430 -11534    36   118
 28440 -11529    49   114
 28450 -11513    45   136
 28460 -11542    44   139
 28470 -11552    40   124
 28480 -11554    58   136
 28490 -11560    44   135
 28500 -11573    38   120
 28510 -11576    30   127
 28520 -11541    27   113
 28530 -11583    30   141
 28540 -11566    50   116
 28550 -11572    30   129
 28560 -11568    54   135
 28570 -11591    40   134
 28580 -11581    38   117
 28590 -11600    54   114
 28600 -11596    26   138
 28610 -11609    32   115
 28620 -11625    44   138
 28630 -11628    39   105
 28640 -11618    37   144
 28650 -11615    50   106
 28660 -11616    26   124
 28670 -11599    34   109
 28680 -11624    38   132
 28690 -11627    50   133
 28700 -11630    58   156
 28710 -11610    44   121
 28720 -11620    40   132
 28730 -11661    41    98
 28740 -11643    53   120
 28750 -11626    48   124
 28760 -11647    41   119
 28770 -11643    44   116
 28780 -11638    38   115
 28790 -11637    48   132
 28800 -11644    53   112
 28810 -11645    63   123
 28820 -11615    59   127
 28830 -11655    37   121
 28840 -11647    42   129
 28850 -11641    49   124
 28860 -11640    25   125
 28870 -11636    45   130
 28880 -11653    47   129
 28890 -11636    33   118
 28900 -11648    61   130
 28910 -11629    47   104
 28920 -11622    55   117
 28930 -11625    42   113
 28940 -11644    44   125
 28950 -11625    33   124
 28960 -11622    42   122
 28970 -11617    38   130
 28980 -11635    49   132
 28990 -11613    41   104
 29000 -11642    41   122
 29010 -11633    38   153
 29020 -11607    51   137
 29030 -11607    44   119
 29040 -11606    41   116
 29050 -11613    34   128
 29060 -11584    43   120
 29070 -11596    41   117
 29080 -11582    45   113
 29090 -11579    37   130
 29100 -11569    43   103
 29110 -11601    30   143
 29120 -11582    37   134
 29130 -11576    34   128
 29140 -11563    46   134
 29150 -11539    50   123
 29160 -11531    55   128
 29170 -11541    42   120
 29180 -11539    26   113
 29190 -11525    46   132
 29200 -11542    46   128
 29210 -11530    39    99
 29220 -11530    36   116
 29230 -11510    41   130
 29240 -11489    35   123
 29250 -11490    41   116
 29260 -11499    36   115
 29270 -11480    37   140
 29280 -11484    47   111
 29290 -11485    38   124
 29300 -11474    42   119
 29310 -11464    26   126
 29320 -11466    57   148
 29330 -11451    56   122
 29340 -11469    44   128
 29350 -11445    32   136
 29360 -11439    50   141
 29370 -11441    18   115
 29380 -11424    28   111
 29390 -11423    41   115
 29400 -11395    48   145
 29410 -11399    35   108
 29420 -11399    40   113
 29430 -11397    41   109
 29440 -11365    46   119
 29450 -11398    43   111
 29460 -11384    39   126
 29470 -11369    47   118
 29480 -11358    46   128
 29490 -11353    37   123
 29500 -11341    45   149
 29510 -11348    29   123
 29520 -11329    36   128
 29530 -11330    34   140
 29540 -11336    35   119
 29550 -11322    35   112
 29560 -11326    36   124
 29570 -11306    18   119
 29580 -11330    42   129
 29590 -11325    20   116
 29600 -11312    43   143
 29610 -11322    44   125
 29620 -11321    42   121
 29630 -11278    39   128
 29640 -11306    44   134
 29650 -11288    46   132
 29660 -11295    22   100
 29670 -11287    37   124
 29680 -11287    50   111
 29690 -11298    25   110
 29700 -11295    19   136
 29710 -11297    48   119
 29720 -11272    59   146
 29730 -11298    41   128
 29740 -11283    31   140
 29750 -11321    39   130
 29760 -11311    40   121
 29770 -11296    23   136
 29780 -11297    41   143
 29790 -11286    57   123
 29800 -11305    40   114
 29810 -11323    57   144
 29820 -11304    44   128
 29830 -11300    33   120
 29840 -11309    52   131
 29850 -11328    14   121
 29860 -11299    62   135
 29870 -11298    61   160
 29880 -11300    42   125
 29890 -11320    29   137
 29900 -11323    42   129
 29910 -11326    29   109
 29920 -11326    28   153
 29930 -11336    44   132
 29940 -11326    41   118
 29950 -11358    59   123
 29960 -11314    45   116
 29970 -11343    34   130
 29980 -11389    23   133
 29990 -11370    46   117
 30000 -11394    40   130
 30010 -11396    41   109
 30020 -11401    42   127
 30030 -11384    32   128
 30040 -11399    39   131
 30050 -11421    48    95
 30060 -11409    29   119
 30070 -11415    20   121
 30080 -11433    41   107
 30090 -11422    54   125
 30100 -11434    49   117
 30110 -11444    31   129
 30120 -11457    46   123
 30130 -11462    29   119
 30140 -11460    44   135
 30150 -11461    27   126
 30160 -11511    50   122
 30170 -11471    47   133
 30180 -11511    38   129
 30190 -11504    41   141
 30200 -11498    45   130
 30210 -11527    36   133
 30220 -11525    54   113
 30230 -11530    39   132
 30240 -11539    59   102
 30250 -11549    43   114
 30260 -11517    45   134
 30270 -11548    21   134
 30280 -11557    55   126
 30290 -11539    47   121
 30300 -11566    40   113
 30310 -11554    54   132
 30320 -11575    44   117
 30330 -11578    29   125
 30340 -11578    51   112
 30350 -11582    34   114
 30360 -11591    46   118
 30370 -11589    44   114
 30380 -11611    56   116
 30390 -11606    39   122
 30400 -11608    49   103
 30410 -11584    22   132
 30420 -11622    60   125
 30430 -11627    42   117
 30440 -11622    34   131
 30450 -11617    43   133
 30460 -11638    39   127
 30470 -11619    38   135
 30480 -11629    33   126
 30490 -11633    30   118
 30500 -11626    43   120
 30510 -11628    34   152
 30520 -11638    39   111
 30530 -11652    28   127
 30540 -11646    32   118
 30550 -11621    52   141
 30560 -11635    28   127
 30570 -11634    45   119
 30580 -11628    31   121
 30590 -11641    42   126
 30600 -11644    30   144
 30610 -11643    51   121
 30620 -11631    46   128
 30630 -11643    37   134
 30640 -11656    50   110
 30650 -11643    48   122
 30660 -11630    41   122
 30670 -11632    45   139
 30680 -11654    49   147
 30690 -11624    56   117
 30700 -11653    50   155
 30710 -11623    45   117
 30720 -11661    27   139
 30730 -11658    46   148
 30740 -11646    53   127
 30750 -11621    46   120
 30760 -11617    62   150
 30770 -11618    44   125
 30780 -11616    48   113
 30790 -11625    18   137
 30800 -11632    48   125
 30810 -11623    51   131
 30820 -11617    44   128
 30830 -11610    49   121
 30840 -11609    28   161
 30850 -11611    53   140
 30860 -11587    23   122
 30870 -11608    33   102
 30880 -11579    29   132
 30890 -11591    48   121
 30900 -11566    41   127
 30910 -11590    26   128
 30920 -11562    46   133
 30930 -11566    28   124
 30940 -11562    31   129
 30950 -11543    40   125
 30960 -11543    32   122
 30970 -11530    23   130
 30980 -11548    47   128
 30990 -11545    50   134
 31000 -11532    42    94
 31010 -11491    44   121
 31020 -11534    44   123
 31030 -11500    30   117
 31040 -11513    43   120
 31050 -11505    32   112
 31060 -11529    60   123
 31070 -11484    45   114
 31080 -11487    31   115
 31090 -11497    34   101
 31100 -11493    41   120
 31110 -11485    51   119
 31120 -11455    33   132
 31130 -11474    58    97
 31140 -11451    28   110
 31150 -11460    47   133
 31160 -11413    43   122
 31170 -11428    36   118
 31180 -11418    49   143
 31190 -11439    37   144
 31200 -11418    46   112
 31210 -11421    58   114
 31220 -11391    41   121
 31230 -11367    48   133
 31240 -11372    21   121
 31250 -11361    46   154
 31260 -11382    36   121
 31270 -11357    43   121
 31280 -11374    41   130
 31290 -11368    57   135
 31300 -11372    53   129
 31310 -11348    43   123
 31320 -11334    39   111
 31330 -11358    36   124
 31340 -11330    26   132
 31350 -11343    39   128
 31360 -11323    46    99
 31370 -11337    33   118
 31380 -11332    42   123
 31390 -11316    32   145
 31400 -11315    38   125
 31410 -11313    55   106
 31420 -11287    32   115
 31430 -11315    12    95
 31440 -11298    50   137
 31450 -11300    52   128
 31460 -11294    62   102
 31470 -11305    26   123
 31480 -11299    49   117
 31490 -11285    40   127
 31500 -11295    36   136
 31510 -11281    28   120
 31520 -11276    24   117
 31530 -11305    35   108
 31540 -11275    36   146
 31550 -11294    28   142
 31560 -11298    38   115
 31570 -11316    36   114
 31580 -11324    40   122
 31590 -11302    29   123
 31600 -11303    23   118
 31610 -11292    39   144
 31620 -11322    55   118
 31630 -11282    43   126
 31640 -11309    58   118
 31650 -11312    46   121
 31660 -11335    26   123
 31670 -11304    44   140
 31680 -11323    41   131
 31690 -11306    33   146
 31700 -11319    48   130
 31710 -11313    46   109
 31720 -11332    25   114
 31730 -11323    36   147
 31740 -11342    17   115
 31750 -11346    40   103
 31760 -11339    41   115
 31770 -11358    54   122
 31780 -11387    46   118
 31790 -11392    44   109
 31800 -11381    28   130
 31810 -11359    40   115
 31820 -11407    38   131
 31830 -11392    27    95
 31840 -11405    43   122
 31850 -11419    35   115
 31860 -11429    56   118
 31870 -11394    46   138
 31880 -11443    31   128
 31890 -11452    39   107
 31900 -11437    44   141
 31910 -11449    40   142
 31920 -11457    37   135
 31930 -11442    31   124
 31940 -11462    40   123
 31950 -11476    41   119
 31960 -11470    33   100
 31970 -11503    51   133
 31980 -11489    42   118
